112.162 0 0 0 0 0 1 0 0 0
112.306 0 0 0 0 0 0 1 0 0
179.498 0 0 0 0 0 1 0 0 0
181.693 0 0 0 0 0 0 1 0 0
189.937 0 0 0 0 0 1 0 0 0
191.431 0 0 0 0 0 0 1 0 0
376.213 1 0 0 0 0 0 0 0 0
380.768 0 1 0 0 0 0 0 0 0
381.798 1 0 0 0 0 0 0 0 0
391.98 0 1 0 0 0 0 0 0 0
393.351 1 0 0 0 0 0 0 0 0
394.434 0 1 0 0 0 0 0 0 0
395.577 1 0 0 0 0 0 0 0 0
396.68 0 1 0 0 0 0 0 0 0
398.256 1 0 0 0 0 0 0 0 0
398.988 0 1 0 0 0 0 0 0 0
400.215 1 0 0 0 0 0 0 0 0
401.132 0 1 0 0 0 0 0 0 0
401.946 1 0 0 0 0 0 0 0 0
404.286 0 1 0 0 0 0 0 0 0
406.604 1 0 0 0 0 0 0 0 0
407.82 0 1 0 0 0 0 0 0 0
408.429 1 0 0 0 0 0 0 0 0
408.965 0 1 0 0 0 0 0 0 0
410.087 1 0 0 0 0 0 0 0 0
411.335 0 1 0 0 0 0 0 0 0
412.304 1 0 0 0 0 0 0 0 0
413.457 0 1 0 0 0 0 0 0 0
414.643 1 0 0 0 0 0 0 0 0
414.736 0 1 0 0 0 0 0 0 0
414.859 1 0 1 0 0 0 0 0 0
415.014 0 1 0 0 0 0 0 0 0
456.576 0 0 0 1 0 0 0 0 0
460.512 0 0 0 0 1 0 0 0 0
466.923 0 0 0 1 0 0 0 0 0
469.056 0 0 0 0 1 0 0 0 0
469.685 0 0 0 1 0 0 0 0 0
470.694 0 0 0 0 1 0 0 0 0
472.446 0 0 0 1 0 0 0 0 0
474.115 0 0 0 0 1 0 0 0 0
483.411 0 0 0 1 0 0 0 0 0
484.885 0 0 0 0 1 0 0 0 0
485.617 0 0 0 1 0 0 0 0 0
486.699 0 0 0 0 1 0 0 0 0
487.307 0 0 0 1 0 0 0 0 0
492.11 0 0 0 0 1 0 0 0 0
492.707 0 0 0 1 0 0 0 0 0
493.728 0 0 0 0 1 0 0 0 0
494.532 0 0 0 1 0 0 0 0 0
496.211 0 0 0 0 1 0 0 0 0
496.798 0 0 0 1 0 0 0 0 0
498.984 0 0 0 0 1 0 0 0 0
499.704 0 0 0 1 0 0 0 0 0
504.115 0 0 0 0 1 0 0 0 0
523.707 1 0 0 0 0 0 0 0 0
524.181 0 1 0 0 0 0 0 0 0
524.922 0 0 0 1 0 0 0 0 0
526.407 0 0 0 0 1 0 0 0 0
526.933 1 0 0 0 0 0 0 0 0
527.562 0 1 0 0 0 0 0 0 0
529.148 1 0 0 0 0 0 0 0 0
530.086 0 1 0 0 0 0 0 0 0
531.137 0 0 0 1 0 0 0 0 0
534.023 0 0 0 0 1 0 0 0 0
536.001 0 0 0 1 0 0 0 0 0
536.949 0 0 0 0 1 0 0 0 0
537.526 0 0 0 1 0 0 0 0 0
538.485 0 0 0 0 1 0 0 0 0
543.74 0 0 0 1 0 0 0 0 0
544.276 0 0 0 0 1 0 0 0 0
544.771 0 0 0 1 0 0 0 0 0
545.658 0 0 0 0 1 0 0 0 0
546.132 0 0 0 1 0 0 0 0 0
546.657 0 0 0 0 1 0 0 0 0
547.347 0 0 0 1 0 0 0 0 0
547.976 0 0 0 0 1 0 0 0 0
548.461 0 0 0 1 0 0 0 0 0
549.378 0 0 0 0 1 0 0 0 0
549.904 0 0 0 1 0 0 0 0 0
550.542 0 0 0 0 1 0 0 0 0
551.861 1 0 0 0 0 0 0 0 0
553.706 0 1 0 0 0 0 0 0 0
555.623 0 0 0 1 0 0 0 0 0
556.406 0 0 0 0 1 0 0 0 0
556.87 0 0 0 1 0 0 0 0 0
557.364 0 0 0 0 1 0 0 0 0
557.765 0 0 0 1 0 0 0 0 0
558.24 0 0 0 0 1 0 0 0 0
558.962 0 0 0 1 0 0 0 0 0
559.972 0 0 0 0 1 0 0 0 0
561.012 1 0 0 0 0 0 0 0 0
562.651 0 1 0 0 0 0 0 0 0
563.434 0 0 0 1 0 0 0 0 0
564.218 0 0 0 0 1 0 0 0 0
565.093 0 0 0 1 0 0 0 0 0
566.01 0 0 0 0 1 0 0 0 0
576.429 1 0 0 0 0 0 0 0 0
577.646 0 1 0 0 0 0 0 0 0
578.893 0 0 0 1 0 0 0 0 0
579.335 0 0 0 0 1 0 0 0 0
580.077 0 0 0 1 0 0 0 0 0
581.273 0 0 0 0 1 0 0 0 0
604.976 1 0 0 0 0 0 0 0 0
605.172 0 1 0 0 0 0 0 0 0
605.646 1 0 0 0 0 0 0 0 0
605.935 0 1 0 0 0 0 0 0 0
606.862 1 0 0 0 0 0 0 0 0
607.902 0 1 0 0 0 0 0 0 0
608.006 1 0 0 0 0 0 0 0 0
608.109 0 1 0 0 0 0 0 0 0
611.407 0 0 0 1 0 0 0 0 0
611.53 0 0 0 0 1 0 0 0 0
612.293 0 0 0 1 0 0 0 0 0
613.066 0 0 0 0 1 0 0 0 0
613.788 0 0 0 1 0 0 0 0 0
614.653 0 0 0 0 1 0 0 0 0
618.044 0 0 0 1 0 0 0 0 0
618.93 0 0 0 0 1 0 0 0 0
620.187 1 0 0 0 0 0 0 0 0
621.012 0 1 0 0 0 0 0 0 0
624.598 1 0 0 0 0 0 0 0 0
625.371 0 1 0 0 0 0 0 0 0
626.504 0 0 0 1 0 0 0 0 0
627.773 0 0 0 0 1 0 0 0 0
628.35 0 0 0 1 0 0 0 0 0
629.052 0 0 0 0 1 0 0 0 0
629.617 0 0 0 1 0 0 0 0 0
630.369 0 0 0 0 1 0 0 0 0
631.74 1 0 0 0 0 0 0 0 0
633.244 0 1 0 0 0 0 0 0 0
652.197 0 0 0 1 0 0 0 0 0
654.269 0 0 0 0 1 0 0 0 0
655.609 1 0 0 0 0 0 0 0 0
656.32 0 1 0 0 0 0 0 0 0
657.794 1 0 0 0 0 0 0 0 0
658.845 0 1 0 0 0 0 0 0 0
661.185 1 0 0 0 0 0 0 0 0
661.649 0 1 0 0 0 0 0 0 0
667.317 0 0 0 1 0 0 0 0 0
667.492 0 0 0 0 1 0 0 0 0
668.523 0 0 0 1 0 0 0 0 0
669.131 0 0 0 0 1 0 0 0 0
769.203 1 0 0 0 0 0 0 0 0
769.316 0 1 0 0 0 0 0 0 0
769.419 1 0 1 0 0 0 0 0 0
769.533 0 1 0 0 0 0 0 0 0
772.037 1 0 0 0 0 0 0 0 0
772.913 0 1 0 0 0 0 0 0 0
773.759 1 0 0 0 0 0 0 0 0
774.365 0 1 0 0 0 0 0 0 0
777.715 0 0 0 1 0 0 0 0 0
779.106 0 0 0 0 1 0 0 0 0
784.498 0 0 0 1 0 0 0 0 0
785.806 0 0 0 0 1 0 0 0 0
788.392 0 0 0 1 0 0 0 0 0
789.979 0 0 0 0 1 0 0 0 0
790.835 0 0 0 1 0 0 0 0 0
791.629 0 0 0 0 1 0 0 0 0
792.473 0 0 0 1 0 0 0 0 0
793.525 0 0 0 0 1 0 0 0 0
794.339 0 0 0 1 0 0 0 0 0
797.297 0 0 0 0 1 0 0 0 0
799.564 1 0 0 0 0 0 0 0 0
800.007 0 1 0 0 0 0 0 0 0
801.45 1 0 0 0 0 0 0 0 0
802.048 0 1 0 0 0 0 0 0 0
804.625 0 0 0 1 0 0 0 0 0
805.841 0 0 0 0 1 0 0 0 0
808.335 0 0 0 1 0 0 0 0 0
808.84 0 0 0 0 1 0 0 0 0
811.499 0 0 0 1 0 0 0 0 0
813.148 0 0 0 0 1 0 0 0 0
814.116 0 0 0 1 0 0 0 0 0
815.178 0 0 0 0 1 0 0 0 0
822.073 0 0 0 1 0 0 0 0 0
822.63 0 0 0 0 1 0 0 0 0
828.154 1 0 0 0 0 0 0 0 0
828.586 0 1 0 0 0 0 0 0 0
852.961 1 0 0 0 0 0 0 0 0
853.033 0 1 0 0 0 0 0 0 0
853.146 1 0 1 0 0 0 0 0 0
853.239 0 1 0 0 0 0 0 0 0
857.001 1 0 0 0 0 0 0 0 0
857.649 0 1 0 0 0 0 0 0 0
858.969 1 0 0 0 0 0 0 0 0
859.484 0 1 0 0 0 0 0 0 0
860.092 1 0 0 0 0 0 0 0 0
860.732 0 1 0 0 0 0 0 0 0
861.401 1 0 0 0 0 0 0 0 0
861.916 0 1 0 0 0 0 0 0 0
864.246 1 0 0 0 0 0 0 0 0
864.843 0 1 0 0 0 0 0 0 0
865.822 1 0 0 0 0 0 0 0 0
866.647 0 1 0 0 0 0 0 0 0
867.441 1 0 0 0 0 0 0 0 0
868.398 0 1 0 0 0 0 0 0 0
868.976 1 0 0 0 0 0 0 0 0
869.935 0 1 0 0 0 0 0 0 0
870.615 1 0 0 0 0 0 0 0 0
871.295 0 1 0 0 0 0 0 0 0
881.87 0 0 0 1 0 0 0 0 0
882.385 0 0 0 0 1 0 0 0 0
882.755 0 0 0 1 0 0 0 0 0
883.559 0 0 0 0 1 0 0 0 0
888.795 0 0 0 1 0 0 0 0 0
890.083 0 0 0 0 1 0 0 0 0
890.454 0 0 0 1 0 0 0 0 0
891.083 0 0 0 0 1 0 0 0 0
891.938 1 0 0 0 0 0 0 0 0
892.32 0 1 0 0 0 0 0 0 0
892.794 1 0 0 0 0 0 0 0 0
893.258 0 1 0 0 0 0 0 0 0
894.082 1 0 0 0 0 0 0 0 0
894.793 0 1 0 0 0 0 0 0 0
895.453 1 0 0 0 0 0 0 0 0
895.556 0 1 0 0 0 0 0 0 0
895.669 1 0 1 0 0 0 0 0 0
895.762 0 1 0 0 0 0 0 0 0
897.256 1 0 0 0 0 0 0 0 0
897.369 0 1 0 0 0 0 0 0 0
897.493 1 0 1 0 0 0 0 0 0
898.019 0 1 0 0 0 0 0 0 0
899.246 1 0 0 0 0 0 0 0 0
900.091 0 1 0 0 0 0 0 0 0
900.801 1 0 0 0 0 0 0 0 0
901.554 0 1 0 0 0 0 0 0 0
902.389 1 0 0 0 0 0 0 0 0
903.224 0 1 0 0 0 0 0 0 0
904.018 1 0 0 0 0 0 0 0 0
904.821 0 1 0 0 0 0 0 0 0
905.666 1 0 0 0 0 0 0 0 0
906.707 0 1 0 0 0 0 0 0 0
907.82 1 0 0 0 0 0 0 0 0
908.376 0 1 0 0 0 0 0 0 0
908.923 1 0 0 0 0 0 0 0 0
909.531 0 1 0 0 0 0 0 0 0
909.985 1 0 0 0 0 0 0 0 0
910.717 0 1 0 0 0 0 0 0 0
911.213 1 0 0 0 0 0 0 0 0
912.468 0 1 0 0 0 0 0 0 0
913.036 1 0 0 0 0 0 0 0 0
913.973 0 1 0 0 0 0 0 0 0
914.871 1 0 0 0 0 0 0 0 0
915.674 0 1 0 0 0 0 0 0 0
916.313 1 0 0 0 0 0 0 0 0
917.209 0 1 0 0 0 0 0 0 0
918.457 1 0 0 0 0 0 0 0 0
919.426 0 1 0 0 0 0 0 0 0
920.291 1 0 0 0 0 0 0 0 0
920.765 0 1 0 0 0 0 0 0 0
921.353 0 0 0 1 0 0 0 0 0
922.877 0 0 0 0 1 0 0 0 0
924.414 0 0 0 1 0 0 0 0 0
926.68 0 0 0 0 1 0 0 0 0
929.103 1 0 0 0 0 0 0 0 0
929.566 0 1 0 0 0 0 0 0 0
930.596 1 0 0 0 0 0 0 0 0
931.06 0 1 0 0 0 0 0 0 0
933.43 1 0 0 0 0 0 0 0 0
934.286 0 1 0 0 0 0 0 0 0
935.472 1 0 0 0 0 0 0 0 0
936.152 0 1 0 0 0 0 0 0 0
1109.05 0 0 0 0 0 1 0 0 0
1111.22 0 0 0 0 0 0 1 0 0
1150.22 1 0 0 0 0 0 0 0 0
1150.59 0 1 0 0 0 0 0 0 0
1151.3 1 0 0 0 0 0 0 0 0
1151.86 0 1 0 0 0 0 0 0 0
1152.83 1 0 0 0 0 0 0 0 0
1153.33 0 1 0 0 0 0 0 0 0
1153.76 0 0 0 1 0 0 0 0 0
1156.96 0 0 0 0 1 0 0 0 0
1158.84 1 0 0 0 0 0 0 0 0
1159.56 0 1 0 0 0 0 0 0 0
1161.89 0 0 0 1 0 0 0 0 0
1162.75 0 0 0 0 1 0 0 0 0
1164.28 1 0 0 0 0 0 0 0 0
1165.21 0 1 0 0 0 0 0 0 0
1166.35 1 0 0 0 0 0 0 0 0
1166.85 0 1 0 0 0 0 0 0 0
1167.49 1 0 0 0 0 0 0 0 0
1167.96 0 1 0 0 0 0 0 0 0
1169.01 0 0 0 1 0 0 0 0 0
1169.97 0 0 0 0 1 0 0 0 0
1181.99 1 0 0 0 0 0 0 0 0
1182.62 0 1 0 0 0 0 0 0 0
1189.27 0 0 0 1 0 0 0 0 0
1196.2 0 0 0 0 1 0 0 0 0
1199.68 0 0 0 1 0 0 0 0 0
1200.6 0 0 0 0 1 0 0 0 0
1265.12 1 0 0 0 0 0 0 0 0
1265.21 0 1 0 0 0 0 0 0 0
1265.32 1 0 1 0 0 0 0 0 0
1265.41 0 1 0 0 0 0 0 0 0
1269.35 1 0 0 0 0 0 0 0 0
1270.11 0 1 0 0 0 0 0 0 0
1270.93 1 0 0 0 0 0 0 0 0
1271.79 0 1 0 0 0 0 0 0 0
1272.97 1 0 0 0 0 0 0 0 0
1273.9 0 1 0 0 0 0 0 0 0
1277.22 1 0 0 0 0 0 0 0 0
1278.02 0 1 0 0 0 0 0 0 0
1278.61 1 0 0 0 0 0 0 0 0
1279.2 0 1 0 0 0 0 0 0 0
1279.88 1 0 0 0 0 0 0 0 0
1280.39 0 1 0 0 0 0 0 0 0
1281.06 1 0 0 0 0 0 0 0 0
1281.64 0 1 0 0 0 0 0 0 0
1282.06 1 0 0 0 0 0 0 0 0
1282.58 0 1 0 0 0 0 0 0 0
1283.21 1 0 0 0 0 0 0 0 0
1283.89 0 1 0 0 0 0 0 0 0
1284.67 1 0 0 0 0 0 0 0 0
1285.1 0 1 0 0 0 0 0 0 0
1285.55 1 0 0 0 0 0 0 0 0
1286.01 0 1 0 0 0 0 0 0 0
1286.64 1 0 0 0 0 0 0 0 0
1287.13 0 1 0 0 0 0 0 0 0
1287.72 0 0 0 1 0 0 0 0 0
1289.04 0 0 0 0 1 0 0 0 0
1289.56 0 0 0 1 0 0 0 0 0
1290.01 0 0 0 0 1 0 0 0 0
1290.59 1 0 0 0 0 0 0 0 0
1291.3 0 1 0 0 0 0 0 0 0
1291.77 1 0 0 0 0 0 0 0 0
1292.72 0 1 0 0 0 0 0 0 0
1293.33 1 0 0 0 0 0 0 0 0
1294.09 0 1 0 0 0 0 0 0 0
1294.83 1 0 0 0 0 0 0 0 0
1295.58 0 1 0 0 0 0 0 0 0
1296.06 1 0 0 0 0 0 0 0 0
1296.61 0 1 0 0 0 0 0 0 0
1297.76 0 0 0 1 0 0 0 0 0
1300.44 0 0 0 0 1 0 0 0 0
1304.46 0 0 0 1 0 0 0 0 0
1306.2 0 0 0 0 1 0 0 0 0
1306.56 0 0 0 1 0 0 0 0 0
1306.76 0 0 0 0 1 0 0 0 0
1307.94 1 0 0 0 0 0 0 0 0
1308.01 0 1 0 0 0 0 0 0 0
1308.15 1 0 1 0 0 0 0 0 0
1308.3 0 1 0 0 0 0 0 0 0
1310.05 1 0 0 0 0 0 0 0 0
1310.67 0 1 0 0 0 0 0 0 0
1311.28 1 0 0 0 0 0 0 0 0
1311.98 0 1 0 0 0 0 0 0 0
1312.96 1 0 0 0 0 0 0 0 0
1313.64 0 1 0 0 0 0 0 0 0
1314.23 1 0 0 0 0 0 0 0 0
1314.84 0 1 0 0 0 0 0 0 0
1315.76 1 0 0 0 0 0 0 0 0
1316.8 0 1 0 0 0 0 0 0 0
1317.28 1 0 0 0 0 0 0 0 0
1317.99 0 1 0 0 0 0 0 0 0
1318.8 0 0 0 1 0 0 0 0 0
1319.87 0 0 0 0 1 0 0 0 0
1320.8 1 0 0 0 0 0 0 0 0
1321.51 0 1 0 0 0 0 0 0 0
1322 1 0 0 0 0 0 0 0 0
1322.52 0 1 0 0 0 0 0 0 0
1323.3 1 0 0 0 0 0 0 0 0
1324.24 0 1 0 0 0 0 0 0 0
1324.82 1 0 0 0 0 0 0 0 0
1325.46 0 1 0 0 0 0 0 0 0
1326.09 1 0 0 0 0 0 0 0 0
1327.12 0 1 0 0 0 0 0 0 0
1328.06 1 0 0 0 0 0 0 0 0
1328.92 0 1 0 0 0 0 0 0 0
1329.42 1 0 0 0 0 0 0 0 0
1329.82 0 1 0 0 0 0 0 0 0
1330.43 1 0 0 0 0 0 0 0 0
1331.27 0 1 0 0 0 0 0 0 0
1332.32 0 0 0 1 0 0 0 0 0
1334.33 0 0 0 0 1 0 0 0 0
1335.48 1 0 0 0 0 0 0 0 0
1336.39 0 1 0 0 0 0 0 0 0
1337.96 1 0 0 0 0 0 0 0 0
1338.91 0 1 0 0 0 0 0 0 0
1339.91 1 0 0 0 0 0 0 0 0
1340.63 0 1 0 0 0 0 0 0 0
1341.64 1 0 0 0 0 0 0 0 0
1342.48 0 1 0 0 0 0 0 0 0
1343.27 1 0 0 0 0 0 0 0 0
1343.69 0 1 0 0 0 0 0 0 0
1344.55 1 0 0 0 0 0 0 0 0
1345.25 0 1 0 0 0 0 0 0 0
1346.45 1 0 0 0 0 0 0 0 0
1347.47 0 1 0 0 0 0 0 0 0
1348.73 1 0 0 0 0 0 0 0 0
1349.33 0 1 0 0 0 0 0 0 0
1350.17 0 0 0 1 0 0 0 0 0
1352.34 0 0 0 0 1 0 0 0 0
1354.88 0 0 0 1 0 0 0 0 0
1355.26 0 0 0 0 1 0 0 0 0
1356.33 0 0 0 1 0 0 0 0 0
1357.85 0 0 0 0 1 0 0 0 0
1360.44 0 0 0 1 0 0 0 0 0
1361.6 0 0 0 0 1 0 0 0 0
1362.28 0 0 0 1 0 0 0 0 0
1362.9 0 0 0 0 1 0 0 0 0
1363.44 0 0 0 1 0 0 0 0 0
1366.68 0 0 0 0 1 0 0 0 0
1368.38 1 0 0 0 0 0 0 0 0
1368.76 0 1 0 0 0 0 0 0 0
1372.82 1 0 0 0 0 0 0 0 0
1373.26 0 1 0 0 0 0 0 0 0
1374.46 1 0 0 0 0 0 0 0 0
1374.87 0 1 0 0 0 0 0 0 0
1375.46 1 0 0 0 0 0 0 0 0
1376.12 0 1 0 0 0 0 0 0 0
1376.67 1 0 0 0 0 0 0 0 0
1377.39 0 1 0 0 0 0 0 0 0
1378.05 1 0 0 0 0 0 0 0 0
1379.05 0 1 0 0 0 0 0 0 0
