2.51905 0 0 0 0 0 1 0 0 0
4.13759 0 0 0 0 0 0 1 0 0
28.571 1 0 0 0 0 0 0 0 0
28.9429 0 1 0 0 0 0 0 0 0
29.4258 1 0 0 0 0 0 0 0 0
29.7668 0 1 0 0 0 0 0 0 0
30.8894 1 0 0 0 0 0 0 0 0
31.1473 0 1 0 0 0 0 0 0 0
32.0951 1 0 0 0 0 0 0 0 0
32.384 0 1 0 0 0 0 0 0 0
32.8268 1 0 0 0 0 0 0 0 0
33.1357 0 1 0 0 0 0 0 0 0
33.7236 1 0 0 0 0 0 0 0 0
34.1765 0 1 0 0 0 0 0 0 0
34.5894 1 0 0 0 0 0 0 0 0
34.8573 0 1 0 0 0 0 0 0 0
35.2382 1 0 0 0 0 0 0 0 0
35.6301 0 1 0 0 0 0 0 0 0
37.3826 0 0 0 1 0 0 0 0 0
38.7422 0 0 0 0 1 0 0 0 0
40.5258 1 0 0 0 0 0 0 0 0
40.9486 0 1 0 0 0 0 0 0 0
42.1843 1 0 0 0 0 0 0 0 0
42.4212 0 1 0 0 0 0 0 0 0
43.175 1 0 0 0 0 0 0 0 0
43.597 0 1 0 0 0 0 0 0 0
44.2557 1 0 0 0 0 0 0 0 0
44.6376 0 1 0 0 0 0 0 0 0
45.3484 1 0 0 0 0 0 0 0 0
45.8223 0 1 0 0 0 0 0 0 0
47.2859 1 0 0 0 0 0 0 0 0
47.6778 0 1 0 0 0 0 0 0 0
48.1827 0 0 0 1 0 0 0 0 0
50.8719 0 0 0 0 1 0 0 0 0
51.3468 1 0 0 0 0 0 0 0 0
51.7477 0 1 0 0 0 0 0 0 0
54.12 1 0 0 0 0 0 0 0 0
54.5719 0 1 0 0 0 0 0 0 0
55.8196 1 0 0 0 0 0 0 0 0
56.0565 0 1 0 0 0 0 0 0 0
58.6018 1 0 0 0 0 0 0 0 0
59.0247 0 1 0 0 0 0 0 0 0
60.0244 0 0 0 1 0 0 0 0 0
63.0027 0 0 0 0 1 0 0 0 0
64.8061 1 0 0 0 0 0 0 0 0
65.3319 0 1 0 0 0 0 0 0 0
65.9097 1 0 0 0 0 0 0 0 0
66.2796 0 1 0 0 0 0 0 0 0
67.6912 1 0 0 0 0 0 0 0 0
68.1652 0 1 0 0 0 0 0 0 0
69.7847 1 0 0 0 0 0 0 0 0
70.0616 0 1 0 0 0 0 0 0 0
70.8244 1 0 0 0 0 0 0 0 0
71.0923 0 1 0 0 0 0 0 0 0
71.7522 1 0 0 0 0 0 0 0 0
72.1021 0 1 0 0 0 0 0 0 0
72.6281 1 0 0 0 0 0 0 0 0
72.8858 0 1 0 0 0 0 0 0 0
73.4428 1 0 0 0 0 0 0 0 0
74.0816 0 1 0 0 0 0 0 0 0
74.5344 1 0 0 0 0 0 0 0 0
74.8134 0 1 0 0 0 0 0 0 0
75.5341 1 0 0 0 0 0 0 0 0
76.0499 0 1 0 0 0 0 0 0 0
76.5238 1 0 0 0 0 0 0 0 0
76.8737 0 1 0 0 0 0 0 0 0
77.6775 1 0 0 0 0 0 0 0 0
77.8734 0 1 0 0 0 0 0 0 0
78.3173 1 0 0 0 0 0 0 0 0
78.8422 0 1 0 0 0 0 0 0 0
80.6977 1 0 0 0 0 0 0 0 0
81.0166 0 1 0 0 0 0 0 0 0
83.275 0 0 0 1 0 0 0 0 0
86.4681 0 0 0 0 1 0 0 0 0
86.809 0 0 0 1 0 0 0 0 0
87.0549 0 0 0 0 1 0 0 0 0
87.9517 1 0 0 0 0 0 0 0 0
88.4875 0 1 0 0 0 0 0 0 0
89.0654 1 0 0 0 0 0 0 0 0
89.3643 0 1 0 0 0 0 0 0 0
89.8892 1 0 0 0 0 0 0 0 0
90.271 0 1 0 0 0 0 0 0 0
91.1368 1 0 0 0 0 0 0 0 0
91.5277 0 1 0 0 0 0 0 0 0
91.8988 1 0 0 0 0 0 0 0 0
92.1975 0 1 0 0 0 0 0 0 0
92.7134 1 0 0 0 0 0 0 0 0
92.9603 0 1 0 0 0 0 0 0 0
93.5182 1 0 0 0 0 0 0 0 0
93.97 0 1 0 0 0 0 0 0 0
94.3929 1 0 0 0 0 0 0 0 0
94.6099 0 1 0 0 0 0 0 0 0
95.1147 1 0 0 0 0 0 0 0 0
95.4027 0 1 0 0 0 0 0 0 0
96.0105 1 0 0 0 0 0 0 0 0
96.3204 0 1 0 0 0 0 0 0 0
96.8462 1 0 0 0 0 0 0 0 0
97.3821 0 1 0 0 0 0 0 0 0
97.763 1 0 0 0 0 0 0 0 0
98.1548 0 1 0 0 0 0 0 0 0
98.6797 1 0 0 0 0 0 0 0 0
99.0716 0 1 0 0 0 0 0 0 0
99.5045 1 0 0 0 0 0 0 0 0
99.8034 0 1 0 0 0 0 0 0 0
100.256 1 0 0 0 0 0 0 0 0
100.597 0 1 0 0 0 0 0 0 0
104.173 1 0 0 0 0 0 0 0 0
104.729 0 1 0 0 0 0 0 0 0
105.173 1 0 0 0 0 0 0 0 0
105.492 0 1 0 0 0 0 0 0 0
105.935 1 0 0 0 0 0 0 0 0
106.327 0 1 0 0 0 0 0 0 0
106.883 1 0 0 0 0 0 0 0 0
107.439 0 1 0 0 0 0 0 0 0
108.975 1 0 0 0 0 0 0 0 0
109.317 0 1 0 0 0 0 0 0 0
109.81 1 0 0 0 0 0 0 0 0
110.223 0 1 0 0 0 0 0 0 0
110.799 1 0 0 0 0 0 0 0 0
111.624 0 1 0 0 0 0 0 0 0
112.345 1 0 0 0 0 0 0 0 0
112.82 0 1 0 0 0 0 0 0 0
113.221 1 0 0 0 0 0 0 0 0
113.83 0 1 0 0 0 0 0 0 0
114.447 1 0 0 0 0 0 0 0 0
115.148 0 1 0 0 0 0 0 0 0
115.571 1 0 0 0 0 0 0 0 0
115.911 0 1 0 0 0 0 0 0 0
116.653 1 0 0 0 0 0 0 0 0
117.169 0 1 0 0 0 0 0 0 0
117.684 1 0 0 0 0 0 0 0 0
118.064 0 1 0 0 0 0 0 0 0
118.57 1 0 0 0 0 0 0 0 0
118.848 0 1 0 0 0 0 0 0 0
121.651 0 0 0 0 0 1 0 0 0
122.929 0 0 0 0 0 0 1 0 0
127.113 0 0 0 0 0 1 0 0 0
128.185 0 0 0 0 0 0 1 0 0
130.884 0 0 0 0 0 1 0 0 0
131.998 0 0 0 0 0 0 1 0 0
160.548 1 0 0 0 0 0 0 0 0
160.646 0 1 0 0 0 0 0 0 0
161.492 1 0 0 0 0 0 0 0 0
162.048 0 1 0 0 0 0 0 0 0
162.697 1 0 0 0 0 0 0 0 0
163.099 0 1 0 0 0 0 0 0 0
163.511 1 0 0 0 0 0 0 0 0
163.862 0 1 0 0 0 0 0 0 0
164.295 1 0 0 0 0 0 0 0 0
165.17 0 1 0 0 0 0 0 0 0
165.871 1 0 0 0 0 0 0 0 0
166.274 0 1 0 0 0 0 0 0 0
166.746 1 0 0 0 0 0 0 0 0
167.273 0 1 0 0 0 0 0 0 0
167.809 1 0 0 0 0 0 0 0 0
168.231 0 1 0 0 0 0 0 0 0
168.561 1 0 0 0 0 0 0 0 0
168.922 0 1 0 0 0 0 0 0 0
169.498 1 0 0 0 0 0 0 0 0
169.89 0 1 0 0 0 0 0 0 0
170.735 1 0 0 0 0 0 0 0 0
171.447 0 1 0 0 0 0 0 0 0
172.045 1 0 0 0 0 0 0 0 0
172.548 0 1 0 0 0 0 0 0 0
173.095 1 0 0 0 0 0 0 0 0
173.476 0 1 0 0 0 0 0 0 0
173.919 1 0 0 0 0 0 0 0 0
174.517 0 1 0 0 0 0 0 0 0
174.919 1 0 0 0 0 0 0 0 0
175.754 0 1 0 0 0 0 0 0 0
176.433 1 0 0 0 0 0 0 0 0
176.907 0 1 0 0 0 0 0 0 0
177.392 1 0 0 0 0 0 0 0 0
177.897 0 1 0 0 0 0 0 0 0
178.443 1 0 0 0 0 0 0 0 0
178.969 0 1 0 0 0 0 0 0 0
179.608 1 0 0 0 0 0 0 0 0
180.154 0 1 0 0 0 0 0 0 0
182.246 0 0 0 1 0 0 0 0 0
187.038 0 0 0 0 1 0 0 0 0
188.151 1 0 0 0 0 0 0 0 0
188.656 0 1 0 0 0 0 0 0 0
189.099 1 0 0 0 0 0 0 0 0
189.676 0 1 0 0 0 0 0 0 0
191.026 1 0 0 0 0 0 0 0 0
191.397 0 1 0 0 0 0 0 0 0
191.799 1 0 0 0 0 0 0 0 0
192.119 0 1 0 0 0 0 0 0 0
192.613 1 0 0 0 0 0 0 0 0
192.892 0 1 0 0 0 0 0 0 0
193.438 1 0 0 0 0 0 0 0 0
193.737 0 1 0 0 0 0 0 0 0
194.129 1 0 0 0 0 0 0 0 0
194.385 0 1 0 0 0 0 0 0 0
194.994 1 0 0 0 0 0 0 0 0
195.262 0 1 0 0 0 0 0 0 0
195.736 1 0 0 0 0 0 0 0 0
195.983 0 1 0 0 0 0 0 0 0
196.427 1 0 0 0 0 0 0 0 0
196.684 0 1 0 0 0 0 0 0 0
197.437 1 0 0 0 0 0 0 0 0
197.777 0 1 0 0 0 0 0 0 0
198.281 1 0 0 0 0 0 0 0 0
199.085 0 1 0 0 0 0 0 0 0
199.724 1 0 0 0 0 0 0 0 0
200.137 0 1 0 0 0 0 0 0 0
205.475 1 0 0 0 0 0 0 0 0
206.32 0 1 0 0 0 0 0 0 0
207.062 1 0 0 0 0 0 0 0 0
207.639 0 1 0 0 0 0 0 0 0
208.402 1 0 0 0 0 0 0 0 0
208.742 0 1 0 0 0 0 0 0 0
209.504 1 0 0 0 0 0 0 0 0
210.02 0 1 0 0 0 0 0 0 0
210.494 1 0 0 0 0 0 0 0 0
211.113 0 1 0 0 0 0 0 0 0
213.638 0 0 0 1 0 0 0 0 0
218.872 0 0 0 0 1 0 0 0 0
220.562 1 0 0 0 0 0 0 0 0
220.985 0 1 0 0 0 0 0 0 0
223.015 1 0 0 0 0 0 0 0 0
223.376 0 1 0 0 0 0 0 0 0
225.251 1 0 0 0 0 0 0 0 0
225.622 0 1 0 0 0 0 0 0 0
226.541 1 0 0 0 0 0 0 0 0
226.911 0 1 0 0 0 0 0 0 0
227.549 1 0 0 0 0 0 0 0 0
227.838 0 1 0 0 0 0 0 0 0
230.251 1 0 0 0 0 0 0 0 0
230.539 0 1 0 0 0 0 0 0 0
231.084 1 0 0 0 0 0 0 0 0
231.332 0 1 0 0 0 0 0 0 0
231.847 1 0 0 0 0 0 0 0 0
232.269 0 1 0 0 0 0 0 0 0
232.661 1 0 0 0 0 0 0 0 0
233.002 0 1 0 0 0 0 0 0 0
233.641 1 0 0 0 0 0 0 0 0
233.991 0 1 0 0 0 0 0 0 0
235.258 1 0 0 0 0 0 0 0 0
235.866 0 1 0 0 0 0 0 0 0
236.526 1 0 0 0 0 0 0 0 0
237.021 0 1 0 0 0 0 0 0 0
238.288 1 0 0 0 0 0 0 0 0
238.669 0 1 0 0 0 0 0 0 0
239.154 1 0 0 0 0 0 0 0 0
239.669 0 1 0 0 0 0 0 0 0
242.018 0 0 0 0 0 1 0 0 0
243.534 0 0 0 0 0 0 1 0 0
250.985 0 0 0 0 0 1 0 0 0
251.676 0 0 0 0 0 0 1 0 0
270.175 0 0 0 1 0 0 0 0 0
272.38 0 0 0 0 1 0 0 0 0
273.472 1 0 0 0 0 0 0 0 0
273.854 0 1 0 0 0 0 0 0 0
275.481 1 0 0 0 0 0 0 0 0
275.925 0 1 0 0 0 0 0 0 0
276.337 1 0 0 0 0 0 0 0 0
276.77 0 1 0 0 0 0 0 0 0
277.564 1 0 0 0 0 0 0 0 0
277.996 0 1 0 0 0 0 0 0 0
278.903 1 0 0 0 0 0 0 0 0
279.264 0 1 0 0 0 0 0 0 0
280.222 1 0 0 0 0 0 0 0 0
280.655 0 1 0 0 0 0 0 0 0
281.707 1 0 0 0 0 0 0 0 0
281.995 0 1 0 0 0 0 0 0 0
282.479 1 0 0 0 0 0 0 0 0
282.819 0 1 0 0 0 0 0 0 0
283.551 1 0 0 0 0 0 0 0 0
283.912 0 1 0 0 0 0 0 0 0
284.417 1 0 0 0 0 0 0 0 0
284.788 0 1 0 0 0 0 0 0 0
285.355 1 0 0 0 0 0 0 0 0
285.735 0 1 0 0 0 0 0 0 0
286.127 1 0 0 0 0 0 0 0 0
286.519 0 1 0 0 0 0 0 0 0
287.013 1 0 0 0 0 0 0 0 0
287.364 0 1 0 0 0 0 0 0 0
287.746 1 0 0 0 0 0 0 0 0
288.209 0 1 0 0 0 0 0 0 0
288.869 1 0 0 0 0 0 0 0 0
289.24 0 1 0 0 0 0 0 0 0
289.745 1 0 0 0 0 0 0 0 0
290.229 0 1 0 0 0 0 0 0 0
290.817 1 0 0 0 0 0 0 0 0
291.177 0 1 0 0 0 0 0 0 0
291.878 1 0 0 0 0 0 0 0 0
292.105 0 1 0 0 0 0 0 0 0
292.878 1 0 0 0 0 0 0 0 0
293.238 0 1 0 0 0 0 0 0 0
293.723 1 0 0 0 0 0 0 0 0
294.187 0 1 0 0 0 0 0 0 0
294.619 1 0 0 0 0 0 0 0 0
295.063 0 1 0 0 0 0 0 0 0
295.949 1 0 0 0 0 0 0 0 0
296.269 0 1 0 0 0 0 0 0 0
296.948 1 0 0 0 0 0 0 0 0
297.463 0 1 0 0 0 0 0 0 0
298.041 1 0 0 0 0 0 0 0 0
298.371 0 1 0 0 0 0 0 0 0
298.948 1 0 0 0 0 0 0 0 0
299.36 0 1 0 0 0 0 0 0 0
299.803 1 0 0 0 0 0 0 0 0
300.164 0 1 0 0 0 0 0 0 0
300.554 1 0 0 0 0 0 0 0 0
300.926 0 1 0 0 0 0 0 0 0
301.987 0 0 0 1 0 0 0 0 0
303.039 0 0 0 0 1 0 0 0 0
304.904 0 0 0 1 0 0 0 0 0
306.955 0 0 0 0 1 0 0 0 0
307.182 1 0 0 0 0 0 0 0 0
307.285 0 1 0 0 0 0 0 0 0
307.367 1 0 1 0 0 0 0 0 0
307.491 0 1 0 0 0 0 0 0 0
309.119 1 0 0 0 0 0 0 0 0
309.716 0 1 0 0 0 0 0 0 0
310.624 1 0 0 0 0 0 0 0 0
310.943 0 1 0 0 0 0 0 0 0
319.331 1 0 0 0 0 0 0 0 0
319.888 0 1 0 0 0 0 0 0 0
320.331 1 0 0 0 0 0 0 0 0
320.764 0 1 0 0 0 0 0 0 0
321.949 0 0 0 1 0 0 0 0 0
324.463 0 0 0 0 1 0 0 0 0
324.834 1 0 0 0 0 0 0 0 0
325.494 0 1 0 0 0 0 0 0 0
326.07 1 0 0 0 0 0 0 0 0
326.741 0 1 0 0 0 0 0 0 0
327.174 1 0 0 0 0 0 0 0 0
327.689 0 1 0 0 0 0 0 0 0
328.122 1 0 0 0 0 0 0 0 0
328.617 0 1 0 0 0 0 0 0 0
329.173 1 0 0 0 0 0 0 0 0
329.677 0 1 0 0 0 0 0 0 0
330.235 1 0 0 0 0 0 0 0 0
330.925 0 1 0 0 0 0 0 0 0
332.697 1 0 0 0 0 0 0 0 0
333.13 0 1 0 0 0 0 0 0 0
334.181 1 0 0 0 0 0 0 0 0
334.974 0 1 0 0 0 0 0 0 0
335.49 1 0 0 0 0 0 0 0 0
335.964 0 1 0 0 0 0 0 0 0
336.51 1 0 0 0 0 0 0 0 0
337.066 0 1 0 0 0 0 0 0 0
337.55 1 0 0 0 0 0 0 0 0
337.973 0 1 0 0 0 0 0 0 0
338.653 1 0 0 0 0 0 0 0 0
339.096 0 1 0 0 0 0 0 0 0
339.777 1 0 0 0 0 0 0 0 0
340.21 0 1 0 0 0 0 0 0 0
340.559 1 0 0 0 0 0 0 0 0
341.033 0 1 0 0 0 0 0 0 0
341.911 1 0 0 0 0 0 0 0 0
342.621 0 1 0 0 0 0 0 0 0
343.198 1 0 0 0 0 0 0 0 0
343.703 0 1 0 0 0 0 0 0 0
344.712 1 0 0 0 0 0 0 0 0
345.217 0 1 0 0 0 0 0 0 0
346.856 0 0 0 1 0 0 0 0 0
348.587 0 0 0 0 1 0 0 0 0
348.979 1 0 0 0 0 0 0 0 0
349.123 0 1 0 0 0 0 0 0 0
349.236 1 0 1 0 0 0 0 0 0
349.329 0 1 0 0 0 0 0 0 0
355.471 1 0 0 0 0 0 0 0 0
355.966 0 1 0 0 0 0 0 0 0
356.368 1 0 0 0 0 0 0 0 0
356.883 0 1 0 0 0 0 0 0 0
357.337 1 0 0 0 0 0 0 0 0
357.811 0 1 0 0 0 0 0 0 0
358.213 1 0 0 0 0 0 0 0 0
358.667 0 1 0 0 0 0 0 0 0
359.191 1 0 0 0 0 0 0 0 0
359.635 0 1 0 0 0 0 0 0 0
360.098 1 0 0 0 0 0 0 0 0
360.459 0 1 0 0 0 0 0 0 0
