2.85033 0 0 0 0 0 1 0 0 0
4.11801 0 0 0 0 0 0 1 0 0
29.5202 0 0 0 1 0 0 0 0 0
33.797 0 0 0 0 1 0 0 0 0
34.7548 1 0 0 0 0 0 0 0 0
35.1986 0 1 0 0 0 0 0 0 0
36.7442 1 0 0 0 0 0 0 0 0
37.1251 0 1 0 0 0 0 0 0 0
37.6099 1 0 0 0 0 0 0 0 0
38.1149 0 1 0 0 0 0 0 0 0
39.1866 1 0 0 0 0 0 0 0 0
39.6804 0 1 0 0 0 0 0 0 0
40.1963 1 0 0 0 0 0 0 0 0
40.5771 0 1 0 0 0 0 0 0 0
41.402 1 0 0 0 0 0 0 0 0
41.7828 0 1 0 0 0 0 0 0 0
42.3497 1 0 0 0 0 0 0 0 0
42.7925 0 1 0 0 0 0 0 0 0
43.2354 1 0 0 0 0 0 0 0 0
43.7923 0 1 0 0 0 0 0 0 0
44.1732 1 0 0 0 0 0 0 0 0
44.761 0 1 0 0 0 0 0 0 0
45.1319 1 0 0 0 0 0 0 0 0
45.8128 0 1 0 0 0 0 0 0 0
46.9464 1 0 0 0 0 0 0 0 0
47.4813 0 1 0 0 0 0 0 0 0
48.9659 1 0 0 0 0 0 0 0 0
49.5217 0 1 0 0 0 0 0 0 0
51.6342 1 0 0 0 0 0 0 0 0
52.119 0 1 0 0 0 0 0 0 0
52.6029 1 0 0 0 0 0 0 0 0
53.1498 0 1 0 0 0 0 0 0 0
53.3757 1 0 0 0 0 0 0 0 0
53.8295 0 1 0 0 0 0 0 0 0
54.1484 1 0 0 0 0 0 0 0 0
54.5714 0 1 0 0 0 0 0 0 0
54.9633 1 0 0 0 0 0 0 0 0
55.3961 0 1 0 0 0 0 0 0 0
55.767 1 0 0 0 0 0 0 0 0
56.2719 0 1 0 0 0 0 0 0 0
56.6428 1 0 0 0 0 0 0 0 0
57.1376 0 1 0 0 0 0 0 0 0
57.4776 1 0 0 0 0 0 0 0 0
57.9514 0 1 0 0 0 0 0 0 0
58.3953 1 0 0 0 0 0 0 0 0
58.8382 0 1 0 0 0 0 0 0 0
59.291 1 0 0 0 0 0 0 0 0
59.7239 0 1 0 0 0 0 0 0 0
60.0538 1 0 0 0 0 0 0 0 0
60.4458 0 1 0 0 0 0 0 0 0
60.8376 1 0 0 0 0 0 0 0 0
61.4145 0 1 0 0 0 0 0 0 0
61.8373 1 0 0 0 0 0 0 0 0
62.3832 0 1 0 0 0 0 0 0 0
62.8571 1 0 0 0 0 0 0 0 0
63.3519 0 1 0 0 0 0 0 0 0
63.8258 1 0 0 0 0 0 0 0 0
64.3307 0 1 0 0 0 0 0 0 0
64.8356 1 0 0 0 0 0 0 0 0
65.6293 0 1 0 0 0 0 0 0 0
65.9183 1 0 0 0 0 0 0 0 0
66.4641 0 1 0 0 0 0 0 0 0
66.876 1 0 0 0 0 0 0 0 0
67.2779 0 1 0 0 0 0 0 0 0
67.7518 1 0 0 0 0 0 0 0 0
68.1856 0 1 0 0 0 0 0 0 0
68.6485 1 0 0 0 0 0 0 0 0
68.9894 0 1 0 0 0 0 0 0 0
69.3703 1 0 0 0 0 0 0 0 0
69.8032 0 1 0 0 0 0 0 0 0
70.2051 1 0 0 0 0 0 0 0 0
70.648 0 1 0 0 0 0 0 0 0
70.9159 1 0 0 0 0 0 0 0 0
71.4208 0 1 0 0 0 0 0 0 0
71.6997 1 0 0 0 0 0 0 0 0
72.0496 0 1 0 0 0 0 0 0 0
72.3795 1 0 0 0 0 0 0 0 0
72.8944 0 1 0 0 0 0 0 0 0
73.2863 1 0 0 0 0 0 0 0 0
73.6061 0 1 0 0 0 0 0 0 0
74.049 1 0 0 0 0 0 0 0 0
74.5539 0 1 0 0 0 0 0 0 0
75.0068 1 0 0 0 0 0 0 0 0
75.4397 0 1 0 0 0 0 0 0 0
75.8935 1 0 0 0 0 0 0 0 0
76.3264 0 1 0 0 0 0 0 0 0
76.6874 1 0 0 0 0 0 0 0 0
77.1193 0 1 0 0 0 0 0 0 0
77.6661 1 0 0 0 0 0 0 0 0
78.027 0 1 0 0 0 0 0 0 0
78.4179 1 0 0 0 0 0 0 0 0
78.9127 0 1 0 0 0 0 0 0 0
79.2526 1 0 0 0 0 0 0 0 0
79.6856 0 1 0 0 0 0 0 0 0
80.3243 1 0 0 0 0 0 0 0 0
80.7982 0 1 0 0 0 0 0 0 0
81.541 1 0 0 0 0 0 0 0 0
82.087 0 1 0 0 0 0 0 0 0
82.5917 1 0 0 0 0 0 0 0 0
83.0656 0 1 0 0 0 0 0 0 0
83.5095 1 0 0 0 0 0 0 0 0
83.9424 0 1 0 0 0 0 0 0 0
90.4446 1 0 0 0 0 0 0 0 0
90.9604 0 1 0 0 0 0 0 0 0
91.3203 1 0 0 0 0 0 0 0 0
92.0012 0 1 0 0 0 0 0 0 0
92.3001 1 0 0 0 0 0 0 0 0
92.743 0 1 0 0 0 0 0 0 0
93.1548 1 0 0 0 0 0 0 0 0
93.7737 0 1 0 0 0 0 0 0 0
94.5464 1 0 0 0 0 0 0 0 0
95.2473 0 1 0 0 0 0 0 0 0
95.7721 1 0 0 0 0 0 0 0 0
96.329 0 1 0 0 0 0 0 0 0
96.8029 1 0 0 0 0 0 0 0 0
97.6686 0 1 0 0 0 0 0 0 0
98.0595 1 0 0 0 0 0 0 0 0
98.5034 0 1 0 0 0 0 0 0 0
99.4002 1 0 0 0 0 0 0 0 0
99.874 0 1 0 0 0 0 0 0 0
100.369 1 0 0 0 0 0 0 0 0
100.926 0 1 0 0 0 0 0 0 0
101.297 1 0 0 0 0 0 0 0 0
101.955 0 1 0 0 0 0 0 0 0
102.368 1 0 0 0 0 0 0 0 0
102.924 0 1 0 0 0 0 0 0 0
103.718 0 0 0 1 0 0 0 0 0
105.924 0 0 0 0 1 0 0 0 0
106.356 1 0 0 0 0 0 0 0 0
107.098 0 1 0 0 0 0 0 0 0
107.593 1 0 0 0 0 0 0 0 0
108.118 0 1 0 0 0 0 0 0 0
108.685 1 0 0 0 0 0 0 0 0
109.179 0 1 0 0 0 0 0 0 0
109.602 1 0 0 0 0 0 0 0 0
110.045 0 1 0 0 0 0 0 0 0
110.499 1 0 0 0 0 0 0 0 0
111.045 0 1 0 0 0 0 0 0 0
111.385 1 0 0 0 0 0 0 0 0
111.901 0 1 0 0 0 0 0 0 0
112.2 1 0 0 0 0 0 0 0 0
112.756 0 1 0 0 0 0 0 0 0
113.198 1 0 0 0 0 0 0 0 0
113.528 0 1 0 0 0 0 0 0 0
114.033 1 0 0 0 0 0 0 0 0
114.549 0 1 0 0 0 0 0 0 0
114.879 1 0 0 0 0 0 0 0 0
115.384 0 1 0 0 0 0 0 0 0
116.095 1 0 0 0 0 0 0 0 0
116.63 0 1 0 0 0 0 0 0 0
117.073 1 0 0 0 0 0 0 0 0
117.723 0 1 0 0 0 0 0 0 0
118.135 1 0 0 0 0 0 0 0 0
118.63 0 1 0 0 0 0 0 0 0
119.114 1 0 0 0 0 0 0 0 0
119.557 0 1 0 0 0 0 0 0 0
120.104 1 0 0 0 0 0 0 0 0
120.536 0 1 0 0 0 0 0 0 0
121.638 0 0 0 0 0 1 0 0 0
123.051 0 0 0 0 0 0 1 0 0
147.907 1 0 0 0 0 0 0 0 0
148.267 0 1 0 0 0 0 0 0 0
148.68 1 0 0 0 0 0 0 0 0
149.113 0 1 0 0 0 0 0 0 0
149.874 0 0 0 1 0 0 0 0 0
153.615 0 0 0 0 1 0 0 0 0
155.11 1 0 0 0 0 0 0 0 0
155.522 0 1 0 0 0 0 0 0 0
156.182 1 0 0 0 0 0 0 0 0
156.677 0 1 0 0 0 0 0 0 0
157.294 1 0 0 0 0 0 0 0 0
157.995 0 1 0 0 0 0 0 0 0
159.676 1 0 0 0 0 0 0 0 0
160.15 0 1 0 0 0 0 0 0 0
160.726 1 0 0 0 0 0 0 0 0
161.211 0 1 0 0 0 0 0 0 0
161.726 1 0 0 0 0 0 0 0 0
162.128 0 1 0 0 0 0 0 0 0
162.437 1 0 0 0 0 0 0 0 0
162.839 0 1 0 0 0 0 0 0 0
163.159 1 0 0 0 0 0 0 0 0
163.53 0 1 0 0 0 0 0 0 0
163.86 1 0 0 0 0 0 0 0 0
164.219 0 1 0 0 0 0 0 0 0
164.56 1 0 0 0 0 0 0 0 0
165.013 0 1 0 0 0 0 0 0 0
165.508 1 0 0 0 0 0 0 0 0
165.941 0 1 0 0 0 0 0 0 0
166.394 1 0 0 0 0 0 0 0 0
166.931 0 1 0 0 0 0 0 0 0
167.394 1 0 0 0 0 0 0 0 0
167.826 0 1 0 0 0 0 0 0 0
168.424 1 0 0 0 0 0 0 0 0
168.909 0 1 0 0 0 0 0 0 0
169.218 1 0 0 0 0 0 0 0 0
169.702 0 1 0 0 0 0 0 0 0
170.146 1 0 0 0 0 0 0 0 0
170.62 0 1 0 0 0 0 0 0 0
171.095 1 0 0 0 0 0 0 0 0
171.495 0 1 0 0 0 0 0 0 0
171.99 1 0 0 0 0 0 0 0 0
172.35 0 1 0 0 0 0 0 0 0
173 1 0 0 0 0 0 0 0 0
173.381 0 1 0 0 0 0 0 0 0
173.887 1 0 0 0 0 0 0 0 0
174.402 0 1 0 0 0 0 0 0 0
174.814 1 0 0 0 0 0 0 0 0
175.37 0 1 0 0 0 0 0 0 0
175.865 1 0 0 0 0 0 0 0 0
176.359 0 1 0 0 0 0 0 0 0
176.731 1 0 0 0 0 0 0 0 0
177.112 0 1 0 0 0 0 0 0 0
177.875 1 0 0 0 0 0 0 0 0
178.72 0 1 0 0 0 0 0 0 0
179.368 1 0 0 0 0 0 0 0 0
179.904 0 1 0 0 0 0 0 0 0
182.193 0 0 0 1 0 0 0 0 0
185.222 0 0 0 0 1 0 0 0 0
185.748 1 0 0 0 0 0 0 0 0
186.262 0 1 0 0 0 0 0 0 0
186.664 1 0 0 0 0 0 0 0 0
187.056 0 1 0 0 0 0 0 0 0
187.561 1 0 0 0 0 0 0 0 0
188.004 0 1 0 0 0 0 0 0 0
188.561 1 0 0 0 0 0 0 0 0
189.179 0 1 0 0 0 0 0 0 0
189.654 1 0 0 0 0 0 0 0 0
190.178 0 1 0 0 0 0 0 0 0
190.704 1 0 0 0 0 0 0 0 0
191.333 0 1 0 0 0 0 0 0 0
191.951 1 0 0 0 0 0 0 0 0
192.394 0 1 0 0 0 0 0 0 0
192.91 1 0 0 0 0 0 0 0 0
193.517 0 1 0 0 0 0 0 0 0
193.97 1 0 0 0 0 0 0 0 0
194.908 0 1 0 0 0 0 0 0 0
195.331 1 0 0 0 0 0 0 0 0
196.032 0 1 0 0 0 0 0 0 0
196.712 1 0 0 0 0 0 0 0 0
197.185 0 1 0 0 0 0 0 0 0
197.711 1 0 0 0 0 0 0 0 0
198.288 0 1 0 0 0 0 0 0 0
198.804 1 0 0 0 0 0 0 0 0
199.36 0 1 0 0 0 0 0 0 0
205.553 1 0 0 0 0 0 0 0 0
206.017 0 1 0 0 0 0 0 0 0
206.965 1 0 0 0 0 0 0 0 0
207.46 0 1 0 0 0 0 0 0 0
207.78 1 0 0 0 0 0 0 0 0
208.222 0 1 0 0 0 0 0 0 0
208.852 1 0 0 0 0 0 0 0 0
209.356 0 1 0 0 0 0 0 0 0
209.758 1 0 0 0 0 0 0 0 0
210.273 0 1 0 0 0 0 0 0 0
211.849 1 0 0 0 0 0 0 0 0
212.591 0 1 0 0 0 0 0 0 0
214.044 1 0 0 0 0 0 0 0 0
214.57 0 1 0 0 0 0 0 0 0
214.941 1 0 0 0 0 0 0 0 0
215.343 0 1 0 0 0 0 0 0 0
215.857 1 0 0 0 0 0 0 0 0
216.208 0 1 0 0 0 0 0 0 0
216.682 1 0 0 0 0 0 0 0 0
217.115 0 1 0 0 0 0 0 0 0
217.569 1 0 0 0 0 0 0 0 0
217.971 0 1 0 0 0 0 0 0 0
218.321 1 0 0 0 0 0 0 0 0
218.878 0 1 0 0 0 0 0 0 0
219.341 1 0 0 0 0 0 0 0 0
219.948 0 1 0 0 0 0 0 0 0
220.382 1 0 0 0 0 0 0 0 0
220.99 0 1 0 0 0 0 0 0 0
221.464 1 0 0 0 0 0 0 0 0
221.938 0 1 0 0 0 0 0 0 0
222.34 1 0 0 0 0 0 0 0 0
222.814 0 1 0 0 0 0 0 0 0
223.194 1 0 0 0 0 0 0 0 0
223.72 0 1 0 0 0 0 0 0 0
224.194 1 0 0 0 0 0 0 0 0
224.555 0 1 0 0 0 0 0 0 0
224.967 1 0 0 0 0 0 0 0 0
225.545 0 1 0 0 0 0 0 0 0
226.863 1 0 0 0 0 0 0 0 0
227.461 0 1 0 0 0 0 0 0 0
230.81 1 0 0 0 0 0 0 0 0
231.47 0 1 0 0 0 0 0 0 0
234.273 1 0 0 0 0 0 0 0 0
234.778 0 1 0 0 0 0 0 0 0
235.149 1 0 0 0 0 0 0 0 0
235.633 0 1 0 0 0 0 0 0 0
236.066 1 0 0 0 0 0 0 0 0
236.726 0 1 0 0 0 0 0 0 0
237.159 1 0 0 0 0 0 0 0 0
237.56 0 1 0 0 0 0 0 0 0
238.415 1 0 0 0 0 0 0 0 0
239.075 0 1 0 0 0 0 0 0 0
239.632 1 0 0 0 0 0 0 0 0
240.157 0 1 0 0 0 0 0 0 0
241.414 0 0 0 0 0 1 0 0 0
243.012 0 0 0 0 0 0 1 0 0
264.282 1 0 0 0 0 0 0 0 0
264.725 0 1 0 0 0 0 0 0 0
265.807 1 0 0 0 0 0 0 0 0
266.22 0 1 0 0 0 0 0 0 0
266.519 1 0 0 0 0 0 0 0 0
266.889 0 1 0 0 0 0 0 0 0
267.188 1 0 0 0 0 0 0 0 0
267.744 0 1 0 0 0 0 0 0 0
268.074 1 0 0 0 0 0 0 0 0
268.404 0 1 0 0 0 0 0 0 0
268.817 1 0 0 0 0 0 0 0 0
269.373 0 1 0 0 0 0 0 0 0
269.724 1 0 0 0 0 0 0 0 0
270.239 0 1 0 0 0 0 0 0 0
270.599 1 0 0 0 0 0 0 0 0
271.073 0 1 0 0 0 0 0 0 0
271.413 1 0 0 0 0 0 0 0 0
271.836 0 1 0 0 0 0 0 0 0
272.217 1 0 0 0 0 0 0 0 0
272.692 0 1 0 0 0 0 0 0 0
273.001 1 0 0 0 0 0 0 0 0
273.485 0 1 0 0 0 0 0 0 0
273.836 1 0 0 0 0 0 0 0 0
274.278 0 1 0 0 0 0 0 0 0
274.803 1 0 0 0 0 0 0 0 0
275.268 0 1 0 0 0 0 0 0 0
275.7 1 0 0 0 0 0 0 0 0
276.298 0 1 0 0 0 0 0 0 0
276.762 1 0 0 0 0 0 0 0 0
277.391 0 1 0 0 0 0 0 0 0
278.029 1 0 0 0 0 0 0 0 0
278.627 0 1 0 0 0 0 0 0 0
279.029 1 0 0 0 0 0 0 0 0
279.668 0 1 0 0 0 0 0 0 0
280.019 1 0 0 0 0 0 0 0 0
280.709 0 1 0 0 0 0 0 0 0
281.06 1 0 0 0 0 0 0 0 0
281.43 0 1 0 0 0 0 0 0 0
282.45 1 0 0 0 0 0 0 0 0
282.914 0 1 0 0 0 0 0 0 0
283.296 1 0 0 0 0 0 0 0 0
283.718 0 1 0 0 0 0 0 0 0
284.12 1 0 0 0 0 0 0 0 0
284.77 0 1 0 0 0 0 0 0 0
285.13 1 0 0 0 0 0 0 0 0
285.779 0 1 0 0 0 0 0 0 0
286.727 1 0 0 0 0 0 0 0 0
287.212 0 1 0 0 0 0 0 0 0
287.665 1 0 0 0 0 0 0 0 0
287.954 0 1 0 0 0 0 0 0 0
288.747 1 0 0 0 0 0 0 0 0
289.448 0 1 0 0 0 0 0 0 0
290.149 1 0 0 0 0 0 0 0 0
290.675 0 1 0 0 0 0 0 0 0
291.056 1 0 0 0 0 0 0 0 0
291.52 0 1 0 0 0 0 0 0 0
291.963 1 0 0 0 0 0 0 0 0
292.828 0 1 0 0 0 0 0 0 0
293.127 1 0 0 0 0 0 0 0 0
294.013 0 1 0 0 0 0 0 0 0
294.529 1 0 0 0 0 0 0 0 0
295.271 0 1 0 0 0 0 0 0 0
296.116 1 0 0 0 0 0 0 0 0
296.62 0 1 0 0 0 0 0 0 0
296.868 1 0 0 0 0 0 0 0 0
297.321 0 1 0 0 0 0 0 0 0
297.569 1 0 0 0 0 0 0 0 0
297.991 0 1 0 0 0 0 0 0 0
298.445 1 0 0 0 0 0 0 0 0
298.909 0 1 0 0 0 0 0 0 0
299.269 1 0 0 0 0 0 0 0 0
299.795 0 1 0 0 0 0 0 0 0
300.32 1 0 0 0 0 0 0 0 0
300.876 0 1 0 0 0 0 0 0 0
301.278 1 0 0 0 0 0 0 0 0
301.856 0 1 0 0 0 0 0 0 0
302.206 1 0 0 0 0 0 0 0 0
302.794 0 1 0 0 0 0 0 0 0
303.237 1 0 0 0 0 0 0 0 0
303.721 0 1 0 0 0 0 0 0 0
304.143 1 0 0 0 0 0 0 0 0
304.69 0 1 0 0 0 0 0 0 0
305.009 1 0 0 0 0 0 0 0 0
305.627 0 1 0 0 0 0 0 0 0
305.916 1 0 0 0 0 0 0 0 0
306.442 0 1 0 0 0 0 0 0 0
306.761 1 0 0 0 0 0 0 0 0
307.286 0 1 0 0 0 0 0 0 0
307.606 1 0 0 0 0 0 0 0 0
308.121 0 1 0 0 0 0 0 0 0
308.451 1 0 0 0 0 0 0 0 0
308.997 0 1 0 0 0 0 0 0 0
309.358 1 0 0 0 0 0 0 0 0
310.069 0 1 0 0 0 0 0 0 0
310.389 1 0 0 0 0 0 0 0 0
310.903 0 1 0 0 0 0 0 0 0
311.305 1 0 0 0 0 0 0 0 0
312.037 0 1 0 0 0 0 0 0 0
312.284 1 0 0 0 0 0 0 0 0
312.656 0 1 0 0 0 0 0 0 0
313.026 1 0 0 0 0 0 0 0 0
313.47 0 1 0 0 0 0 0 0 0
314.047 1 0 0 0 0 0 0 0 0
314.52 0 1 0 0 0 0 0 0 0
314.788 1 0 0 0 0 0 0 0 0
315.304 0 1 0 0 0 0 0 0 0
315.716 1 0 0 0 0 0 0 0 0
316.324 0 1 0 0 0 0 0 0 0
316.798 1 0 0 0 0 0 0 0 0
317.427 0 1 0 0 0 0 0 0 0
318.354 1 0 0 0 0 0 0 0 0
318.869 0 1 0 0 0 0 0 0 0
319.374 1 0 0 0 0 0 0 0 0
319.838 0 1 0 0 0 0 0 0 0
320.498 1 0 0 0 0 0 0 0 0
320.972 0 1 0 0 0 0 0 0 0
321.961 0 0 0 1 0 0 0 0 0
324.249 0 0 0 0 1 0 0 0 0
324.6 1 0 0 0 0 0 0 0 0
325.3 0 1 0 0 0 0 0 0 0
325.774 1 0 0 0 0 0 0 0 0
326.186 0 1 0 0 0 0 0 0 0
326.547 1 0 0 0 0 0 0 0 0
327.114 0 1 0 0 0 0 0 0 0
327.691 1 0 0 0 0 0 0 0 0
328.165 0 1 0 0 0 0 0 0 0
328.588 1 0 0 0 0 0 0 0 0
328.979 0 1 0 0 0 0 0 0 0
329.37 1 0 0 0 0 0 0 0 0
329.721 0 1 0 0 0 0 0 0 0
330.123 1 0 0 0 0 0 0 0 0
330.607 0 1 0 0 0 0 0 0 0
331.597 1 0 0 0 0 0 0 0 0
332.04 0 1 0 0 0 0 0 0 0
335.678 1 0 0 0 0 0 0 0 0
336.357 0 1 0 0 0 0 0 0 0
336.873 1 0 0 0 0 0 0 0 0
337.408 0 1 0 0 0 0 0 0 0
338.501 1 0 0 0 0 0 0 0 0
338.893 0 1 0 0 0 0 0 0 0
340.819 1 0 0 0 0 0 0 0 0
341.366 0 1 0 0 0 0 0 0 0
341.757 1 0 0 0 0 0 0 0 0
342.324 0 1 0 0 0 0 0 0 0
342.706 1 0 0 0 0 0 0 0 0
343.108 0 1 0 0 0 0 0 0 0
343.499 1 0 0 0 0 0 0 0 0
343.962 0 1 0 0 0 0 0 0 0
344.467 1 0 0 0 0 0 0 0 0
345.014 0 1 0 0 0 0 0 0 0
345.416 1 0 0 0 0 0 0 0 0
345.87 0 1 0 0 0 0 0 0 0
346.116 1 0 0 0 0 0 0 0 0
346.58 0 1 0 0 0 0 0 0 0
346.941 1 0 0 0 0 0 0 0 0
347.507 0 1 0 0 0 0 0 0 0
348.27 1 0 0 0 0 0 0 0 0
349.197 0 1 0 0 0 0 0 0 0
349.651 1 0 0 0 0 0 0 0 0
350.125 0 1 0 0 0 0 0 0 0
351.011 0 0 0 1 0 0 0 0 0
352.021 0 0 0 0 1 0 0 0 0
352.464 1 0 0 0 0 0 0 0 0
353.093 0 1 0 0 0 0 0 0 0
353.546 1 0 0 0 0 0 0 0 0
354.01 0 1 0 0 0 0 0 0 0
354.391 1 0 0 0 0 0 0 0 0
354.772 0 1 0 0 0 0 0 0 0
355.309 1 0 0 0 0 0 0 0 0
355.782 0 1 0 0 0 0 0 0 0
356.277 1 0 0 0 0 0 0 0 0
356.896 0 1 0 0 0 0 0 0 0
357.576 1 0 0 0 0 0 0 0 0
357.988 0 1 0 0 0 0 0 0 0
358.348 1 0 0 0 0 0 0 0 0
358.729 0 1 0 0 0 0 0 0 0
359.327 1 0 0 0 0 0 0 0 0
359.74 0 1 0 0 0 0 0 0 0
