3.36786 0 0 0 0 0 1 0 0 0
4.93443 0 0 0 0 0 0 1 0 0
26.1127 1 0 0 0 0 0 0 0 0
26.6585 0 1 0 0 0 0 0 0 0
27.3493 1 0 0 0 0 0 0 0 0
27.8032 0 1 0 0 0 0 0 0 0
28.2971 1 0 0 0 0 0 0 0 0
28.782 0 1 0 0 0 0 0 0 0
29.2358 1 0 0 0 0 0 0 0 0
29.7917 0 1 0 0 0 0 0 0 0
30.1836 1 0 0 0 0 0 0 0 0
30.6784 0 1 0 0 0 0 0 0 0
31.1733 1 0 0 0 0 0 0 0 0
31.6062 0 1 0 0 0 0 0 0 0
32.296 0 0 0 1 0 0 0 0 0
34.9762 0 0 0 0 1 0 0 0 0
38.9132 1 0 0 0 0 0 0 0 0
39.356 0 1 0 0 0 0 0 0 0
42.963 1 0 0 0 0 0 0 0 0
43.7048 0 1 0 0 0 0 0 0 0
47.6008 1 0 0 0 0 0 0 0 0
48.0337 0 1 0 0 0 0 0 0 0
48.6725 1 0 0 0 0 0 0 0 0
49.0954 0 1 0 0 0 0 0 0 0
49.9511 1 0 0 0 0 0 0 0 0
50.497 0 1 0 0 0 0 0 0 0
51.2908 1 0 0 0 0 0 0 0 0
51.7956 0 1 0 0 0 0 0 0 0
52.8054 1 0 0 0 0 0 0 0 0
53.4442 0 1 0 0 0 0 0 0 0
54.094 1 0 0 0 0 0 0 0 0
54.5059 0 1 0 0 0 0 0 0 0
55.5986 1 0 0 0 0 0 0 0 0
55.9285 0 1 0 0 0 0 0 0 0
58.0719 1 0 0 0 0 0 0 0 0
58.5457 0 1 0 0 0 0 0 0 0
59.4425 1 0 0 0 0 0 0 0 0
60.0294 0 1 0 0 0 0 0 0 0
61.0711 1 0 0 0 0 0 0 0 0
61.545 0 1 0 0 0 0 0 0 0
62.1838 1 0 0 0 0 0 0 0 0
62.5656 0 1 0 0 0 0 0 0 0
63.2145 0 0 0 1 0 0 0 0 0
64.0393 0 0 0 0 1 0 0 0 0
64.5751 0 0 0 1 0 0 0 0 0
64.894 0 0 0 0 1 0 0 0 0
65.296 0 0 0 1 0 0 0 0 0
67.9862 0 0 0 0 1 0 0 0 0
69.1508 0 0 0 1 0 0 0 0 0
69.7177 0 0 0 0 1 0 0 0 0
73.9945 0 0 0 1 0 0 0 0 0
75.2102 0 0 0 0 1 0 0 0 0
82.1253 0 0 0 0 0 1 0 0 0
83.5169 0 0 0 0 0 0 1 0 0
102.8 1 0 0 0 0 0 0 0 0
103.232 0 1 0 0 0 0 0 0 0
103.623 1 0 0 0 0 0 0 0 0
104.18 0 1 0 0 0 0 0 0 0
104.572 1 0 0 0 0 0 0 0 0
105.077 0 1 0 0 0 0 0 0 0
105.912 0 0 0 1 0 0 0 0 0
107.302 0 0 0 0 1 0 0 0 0
107.91 0 0 0 1 0 0 0 0 0
109.859 0 0 0 0 1 0 0 0 0
110.219 0 0 0 1 0 0 0 0 0
110.497 0 0 0 0 1 0 0 0 0
111.435 0 0 0 1 0 0 0 0 0
113.28 0 0 0 0 1 0 0 0 0
116.537 0 0 0 1 0 0 0 0 0
119.268 0 0 0 0 1 0 0 0 0
120.866 0 0 0 1 0 0 0 0 0
123.37 0 0 0 0 1 0 0 0 0
128.627 0 0 0 1 0 0 0 0 0
130.976 0 0 0 0 1 0 0 0 0
131.708 0 0 0 1 0 0 0 0 0
131.935 0 0 0 0 1 0 0 0 0
139.437 0 0 0 1 0 0 0 0 0
140.818 0 0 0 0 1 0 0 0 0
142.179 0 0 0 1 0 0 0 0 0
143.004 0 0 0 0 1 0 0 0 0
143.436 0 0 0 1 0 0 0 0 0
145.229 0 0 0 0 1 0 0 0 0
145.724 0 0 0 1 0 0 0 0 0
146.322 0 0 0 0 1 0 0 0 0
147.146 0 0 0 1 0 0 0 0 0
147.342 0 0 0 0 1 0 0 0 0
147.816 0 0 0 1 0 0 0 0 0
148.61 0 0 0 0 1 0 0 0 0
149.63 0 0 0 1 0 0 0 0 0
150.177 0 0 0 0 1 0 0 0 0
151.382 0 0 0 1 0 0 0 0 0
152.454 0 0 0 0 1 0 0 0 0
153.423 1 0 0 0 0 0 0 0 0
154.083 0 1 0 0 0 0 0 0 0
154.671 1 0 0 0 0 0 0 0 0
155.412 0 1 0 0 0 0 0 0 0
155.773 1 0 0 0 0 0 0 0 0
156.165 0 1 0 0 0 0 0 0 0
157.278 1 0 0 0 0 0 0 0 0
157.916 0 1 0 0 0 0 0 0 0
158.37 1 0 0 0 0 0 0 0 0
159.524 0 1 0 0 0 0 0 0 0
160.112 1 0 0 0 0 0 0 0 0
160.473 0 1 0 0 0 0 0 0 0
161.019 1 0 0 0 0 0 0 0 0
161.122 0 1 0 0 0 0 0 0 0
161.215 1 0 1 0 0 0 0 0 0
161.308 0 1 0 0 0 0 0 0 0
163.389 1 0 0 0 0 0 0 0 0
163.833 0 1 0 0 0 0 0 0 0
164.389 1 0 0 0 0 0 0 0 0
165.07 0 1 0 0 0 0 0 0 0
165.563 1 0 0 0 0 0 0 0 0
166.285 0 1 0 0 0 0 0 0 0
167.377 1 0 0 0 0 0 0 0 0
167.903 0 1 0 0 0 0 0 0 0
168.481 0 0 0 1 0 0 0 0 0
169.201 0 0 0 0 1 0 0 0 0
169.613 0 0 0 1 0 0 0 0 0
171.273 0 0 0 0 1 0 0 0 0
173.025 0 0 0 1 0 0 0 0 0
173.643 0 0 0 0 1 0 0 0 0
177.014 1 0 0 0 0 0 0 0 0
177.478 0 1 0 0 0 0 0 0 0
178.034 1 0 0 0 0 0 0 0 0
178.446 0 1 0 0 0 0 0 0 0
178.972 1 0 0 0 0 0 0 0 0
179.92 0 1 0 0 0 0 0 0 0
182.136 0 0 0 0 0 1 0 0 0
183.558 0 0 0 0 0 0 1 0 0
205.556 1 0 0 0 0 0 0 0 0
205.89 0 1 0 0 0 0 0 0 0
206.365 1 0 0 0 0 0 0 0 0
206.735 0 1 0 0 0 0 0 0 0
207.241 0 0 0 1 0 0 0 0 0
211.095 0 0 0 0 1 0 0 0 0
212.713 1 0 0 0 0 0 0 0 0
213.27 0 1 0 0 0 0 0 0 0
216.094 1 0 0 0 0 0 0 0 0
216.732 0 1 0 0 0 0 0 0 0
217.268 1 0 0 0 0 0 0 0 0
217.681 0 1 0 0 0 0 0 0 0
218.258 1 0 0 0 0 0 0 0 0
218.701 0 1 0 0 0 0 0 0 0
219.557 1 0 0 0 0 0 0 0 0
220.123 0 1 0 0 0 0 0 0 0
221.154 0 0 0 1 0 0 0 0 0
222.978 0 0 0 0 1 0 0 0 0
223.606 1 0 0 0 0 0 0 0 0
224.132 0 1 0 0 0 0 0 0 0
224.607 1 0 0 0 0 0 0 0 0
225.029 0 1 0 0 0 0 0 0 0
225.906 1 0 0 0 0 0 0 0 0
226.482 0 1 0 0 0 0 0 0 0
226.905 1 0 0 0 0 0 0 0 0
227.43 0 1 0 0 0 0 0 0 0
228.388 0 0 0 1 0 0 0 0 0
232.882 0 0 0 0 1 0 0 0 0
233.944 0 0 0 1 0 0 0 0 0
234.489 0 0 0 0 1 0 0 0 0
235.066 1 0 0 0 0 0 0 0 0
235.664 0 1 0 0 0 0 0 0 0
236.376 1 0 0 0 0 0 0 0 0
236.953 0 1 0 0 0 0 0 0 0
238.025 1 0 0 0 0 0 0 0 0
238.467 0 1 0 0 0 0 0 0 0
239.21 1 0 0 0 0 0 0 0 0
239.694 0 1 0 0 0 0 0 0 0
240.447 1 0 0 0 0 0 0 0 0
240.787 0 1 0 0 0 0 0 0 0
242.859 1 0 0 0 0 0 0 0 0
243.333 0 1 0 0 0 0 0 0 0
244.013 1 0 0 0 0 0 0 0 0
244.456 0 1 0 0 0 0 0 0 0
245.527 0 0 0 1 0 0 0 0 0
246.661 0 0 0 0 1 0 0 0 0
247.61 0 0 0 1 0 0 0 0 0
248.084 0 0 0 0 1 0 0 0 0
248.826 0 0 0 1 0 0 0 0 0
249.217 0 0 0 0 1 0 0 0 0
250.072 0 0 0 1 0 0 0 0 0
253.937 0 0 0 0 1 0 0 0 0
255.329 1 0 0 0 0 0 0 0 0
255.442 0 1 0 0 0 0 0 0 0
255.896 1 0 0 0 0 0 0 0 0
256.184 0 1 0 0 0 0 0 0 0
263.852 1 0 0 0 0 0 0 0 0
264.357 0 1 0 0 0 0 0 0 0
265.398 1 0 0 0 0 0 0 0 0
266.315 0 1 0 0 0 0 0 0 0
269.593 1 0 0 0 0 0 0 0 0
270.077 0 1 0 0 0 0 0 0 0
270.531 1 0 0 0 0 0 0 0 0
271.076 0 1 0 0 0 0 0 0 0
271.994 1 0 0 0 0 0 0 0 0
272.582 0 1 0 0 0 0 0 0 0
273.066 1 0 0 0 0 0 0 0 0
273.808 0 1 0 0 0 0 0 0 0
274.353 1 0 0 0 0 0 0 0 0
275.127 0 1 0 0 0 0 0 0 0
276.477 0 0 0 1 0 0 0 0 0
278.218 0 0 0 0 1 0 0 0 0
278.641 1 0 0 0 0 0 0 0 0
279.342 0 1 0 0 0 0 0 0 0
280.156 1 0 0 0 0 0 0 0 0
280.847 0 1 0 0 0 0 0 0 0
281.929 0 0 0 0 0 1 0 0 0
282.898 0 0 0 0 0 0 1 0 0
303.808 0 0 0 1 0 0 0 0 0
306.53 0 0 0 0 1 0 0 0 0
308.704 0 0 0 1 0 0 0 0 0
310.735 0 0 0 0 1 0 0 0 0
311.342 0 0 0 1 0 0 0 0 0
313.156 0 0 0 0 1 0 0 0 0
313.702 1 0 0 0 0 0 0 0 0
313.785 0 1 0 0 0 0 0 0 0
313.878 1 0 1 0 0 0 0 0 0
313.961 0 1 0 0 0 0 0 0 0
318.123 1 0 0 0 0 0 0 0 0
318.855 0 1 0 0 0 0 0 0 0
320.886 1 0 0 0 0 0 0 0 0
321.237 0 1 0 0 0 0 0 0 0
322.38 0 0 0 1 0 0 0 0 0
325.627 0 0 0 0 1 0 0 0 0
326.781 1 0 0 0 0 0 0 0 0
327.214 0 1 0 0 0 0 0 0 0
328.039 1 0 0 0 0 0 0 0 0
328.317 0 1 0 0 0 0 0 0 0
333.109 1 0 0 0 0 0 0 0 0
333.469 0 1 0 0 0 0 0 0 0
334.047 1 0 0 0 0 0 0 0 0
334.676 0 1 0 0 0 0 0 0 0
335.222 1 0 0 0 0 0 0 0 0
335.851 0 1 0 0 0 0 0 0 0
336.871 1 0 0 0 0 0 0 0 0
337.55 0 1 0 0 0 0 0 0 0
338.345 0 0 0 1 0 0 0 0 0
341.498 0 0 0 0 1 0 0 0 0
342.075 1 0 0 0 0 0 0 0 0
342.488 0 1 0 0 0 0 0 0 0
343.075 1 0 0 0 0 0 0 0 0
343.507 0 1 0 0 0 0 0 0 0
345.291 1 0 0 0 0 0 0 0 0
345.755 0 1 0 0 0 0 0 0 0
346.435 1 0 0 0 0 0 0 0 0
346.693 0 1 0 0 0 0 0 0 0
348.816 0 0 0 1 0 0 0 0 0
350.145 0 0 0 0 1 0 0 0 0
351.206 0 0 0 1 0 0 0 0 0
351.381 0 0 0 0 1 0 0 0 0
351.887 0 0 0 1 0 0 0 0 0
353.631 0 0 0 0 1 0 0 0 0
354.093 0 0 0 1 0 0 0 0 0
355.009 0 0 0 0 1 0 0 0 0
355.834 1 0 0 0 0 0 0 0 0
356.37 0 1 0 0 0 0 0 0 0
356.999 1 0 0 0 0 0 0 0 0
357.349 0 1 0 0 0 0 0 0 0
357.833 0 0 0 1 0 0 0 0 0
358.554 0 0 0 0 1 0 0 0 0
359.389 1 0 0 0 0 0 0 0 0
359.833 0 1 0 0 0 0 0 0 0
