2.729 0 0 0 0 0 1 0 0 0
3.41987 0 0 0 0 0 0 1 0 0
17.1371 1 0 0 0 0 0 0 0 0
17.508 0 1 0 0 0 0 0 0 0
18.0339 1 0 0 0 0 0 0 0 0
18.6938 0 1 0 0 0 0 0 0 0
19.2085 1 0 0 0 0 0 0 0 0
19.6724 0 1 0 0 0 0 0 0 0
20.0334 1 0 0 0 0 0 0 0 0
20.3932 0 1 0 0 0 0 0 0 0
20.8161 1 0 0 0 0 0 0 0 0
21.27 0 1 0 0 0 0 0 0 0
21.6299 1 0 0 0 0 0 0 0 0
22.0018 0 1 0 0 0 0 0 0 0
22.2697 1 0 0 0 0 0 0 0 0
22.7946 0 1 0 0 0 0 0 0 0
23.2074 1 0 0 0 0 0 0 0 0
23.6093 0 1 0 0 0 0 0 0 0
24.1342 1 0 0 0 0 0 0 0 0
24.6081 0 1 0 0 0 0 0 0 0
24.918 1 0 0 0 0 0 0 0 0
25.3708 0 1 0 0 0 0 0 0 0
25.7938 1 0 0 0 0 0 0 0 0
26.3096 0 1 0 0 0 0 0 0 0
26.6385 1 0 0 0 0 0 0 0 0
27.1644 0 1 0 0 0 0 0 0 0
27.5664 1 0 0 0 0 0 0 0 0
28.0611 0 1 0 0 0 0 0 0 0
28.556 1 0 0 0 0 0 0 0 0
29.1948 0 1 0 0 0 0 0 0 0
29.5757 1 0 0 0 0 0 0 0 0
30.1326 0 1 0 0 0 0 0 0 0
30.6175 1 0 0 0 0 0 0 0 0
31.1533 0 1 0 0 0 0 0 0 0
31.5442 1 0 0 0 0 0 0 0 0
31.998 0 1 0 0 0 0 0 0 0
32.4519 1 0 0 0 0 0 0 0 0
32.9358 0 1 0 0 0 0 0 0 0
33.2857 1 0 0 0 0 0 0 0 0
33.9665 0 1 0 0 0 0 0 0 0
34.3684 1 0 0 0 0 0 0 0 0
34.9143 0 1 0 0 0 0 0 0 0
35.3372 1 0 0 0 0 0 0 0 0
35.821 0 1 0 0 0 0 0 0 0
36.2749 1 0 0 0 0 0 0 0 0
36.8517 0 1 0 0 0 0 0 0 0
37.2436 1 0 0 0 0 0 0 0 0
37.7275 0 1 0 0 0 0 0 0 0
38.1813 1 0 0 0 0 0 0 0 0
38.7172 0 1 0 0 0 0 0 0 0
39.0781 1 0 0 0 0 0 0 0 0
39.634 0 1 0 0 0 0 0 0 0
39.9849 1 0 0 0 0 0 0 0 0
40.4587 0 1 0 0 0 0 0 0 0
41.4794 1 0 0 0 0 0 0 0 0
42.7461 0 1 0 0 0 0 0 0 0
43.5709 1 0 0 0 0 0 0 0 0
44.2197 0 1 0 0 0 0 0 0 0
44.7456 1 0 0 0 0 0 0 0 0
45.4054 0 1 0 0 0 0 0 0 0
46.1472 1 0 0 0 0 0 0 0 0
46.724 0 1 0 0 0 0 0 0 0
47.1979 1 0 0 0 0 0 0 0 0
47.5078 0 1 0 0 0 0 0 0 0
48.0127 1 0 0 0 0 0 0 0 0
48.4966 0 1 0 0 0 0 0 0 0
49.4963 1 0 0 0 0 0 0 0 0
50.1251 0 1 0 0 0 0 0 0 0
52.0006 0 0 0 1 0 0 0 0 0
54.4329 0 0 0 0 1 0 0 0 0
56.5764 0 0 0 1 0 0 0 0 0
56.8853 0 0 0 0 1 0 0 0 0
58.3998 0 0 0 1 0 0 0 0 0
59.2556 0 0 0 0 1 0 0 0 0
60.7702 1 0 0 0 0 0 0 0 0
61.3891 0 1 0 0 0 0 0 0 0
64.0683 1 0 0 0 0 0 0 0 0
64.5212 0 1 0 0 0 0 0 0 0
67.7883 0 0 0 1 0 0 0 0 0
68.2212 0 0 0 0 1 0 0 0 0
69.6438 1 0 0 0 0 0 0 0 0
70.1587 0 1 0 0 0 0 0 0 0
71.7352 1 0 0 0 0 0 0 0 0
72.1571 0 1 0 0 0 0 0 0 0
72.57 1 0 0 0 0 0 0 0 0
72.9929 0 1 0 0 0 0 0 0 0
74.1366 1 0 0 0 0 0 0 0 0
74.5385 0 1 0 0 0 0 0 0 0
74.9503 1 0 0 0 0 0 0 0 0
75.3932 0 1 0 0 0 0 0 0 0
76.135 1 0 0 0 0 0 0 0 0
76.301 0 1 0 0 0 0 0 0 0
78.4643 1 0 0 0 0 0 0 0 0
78.9902 0 1 0 0 0 0 0 0 0
79.526 1 0 0 0 0 0 0 0 0
79.9789 0 1 0 0 0 0 0 0 0
80.3199 1 0 0 0 0 0 0 0 0
81.0406 0 1 0 0 0 0 0 0 0
82.1333 0 0 0 1 0 0 0 0 0
86.2972 0 0 0 0 1 0 0 0 0
86.6162 1 0 0 0 0 0 0 0 0
87.0801 0 1 0 0 0 0 0 0 0
87.4409 1 0 0 0 0 0 0 0 0
87.7498 0 1 0 0 0 0 0 0 0
88.1107 1 0 0 0 0 0 0 0 0
88.4096 0 1 0 0 0 0 0 0 0
88.7295 1 0 0 0 0 0 0 0 0
89.0485 0 1 0 0 0 0 0 0 0
89.3574 1 0 0 0 0 0 0 0 0
89.7703 0 1 0 0 0 0 0 0 0
90.2032 1 0 0 0 0 0 0 0 0
90.6871 0 1 0 0 0 0 0 0 0
91.058 1 0 0 0 0 0 0 0 0
91.5218 0 1 0 0 0 0 0 0 0
92.2326 0 0 0 0 0 1 0 0 0
93.7692 0 0 0 0 0 0 1 0 0
113.69 0 0 0 1 0 0 0 0 0
115.153 0 0 0 0 1 0 0 0 0
116.297 1 0 0 0 0 0 0 0 0
116.647 0 1 0 0 0 0 0 0 0
117.854 1 0 0 0 0 0 0 0 0
118.194 0 1 0 0 0 0 0 0 0
119.955 1 0 0 0 0 0 0 0 0
120.481 0 1 0 0 0 0 0 0 0
121.028 1 0 0 0 0 0 0 0 0
121.626 0 1 0 0 0 0 0 0 0
122.398 1 0 0 0 0 0 0 0 0
122.903 0 1 0 0 0 0 0 0 0
124.047 1 0 0 0 0 0 0 0 0
124.758 0 1 0 0 0 0 0 0 0
127.066 1 0 0 0 0 0 0 0 0
127.458 0 1 0 0 0 0 0 0 0
127.839 1 0 0 0 0 0 0 0 0
128.221 0 1 0 0 0 0 0 0 0
128.747 1 0 0 0 0 0 0 0 0
129.272 0 1 0 0 0 0 0 0 0
130.797 0 0 0 1 0 0 0 0 0
131.271 0 0 0 0 1 0 0 0 0
131.57 1 0 0 0 0 0 0 0 0
132.333 0 1 0 0 0 0 0 0 0
132.642 0 0 0 1 0 0 0 0 0
135.671 0 0 0 0 1 0 0 0 0
136.373 0 0 0 1 0 0 0 0 0
137.588 0 0 0 0 1 0 0 0 0
137.876 0 0 0 1 0 0 0 0 0
139 0 0 0 0 1 0 0 0 0
140.309 1 0 0 0 0 0 0 0 0
141.215 0 1 0 0 0 0 0 0 0
142.03 1 0 0 0 0 0 0 0 0
142.524 0 1 0 0 0 0 0 0 0
143.431 1 0 0 0 0 0 0 0 0
144.265 0 1 0 0 0 0 0 0 0
144.966 1 0 0 0 0 0 0 0 0
145.338 0 1 0 0 0 0 0 0 0
145.698 1 0 0 0 0 0 0 0 0
146.255 0 1 0 0 0 0 0 0 0
146.76 1 0 0 0 0 0 0 0 0
147.121 0 1 0 0 0 0 0 0 0
147.471 1 0 0 0 0 0 0 0 0
147.914 0 1 0 0 0 0 0 0 0
148.79 1 0 0 0 0 0 0 0 0
149.161 0 1 0 0 0 0 0 0 0
151.964 1 0 0 0 0 0 0 0 0
152.469 0 1 0 0 0 0 0 0 0
153.098 1 0 0 0 0 0 0 0 0
153.737 0 1 0 0 0 0 0 0 0
154.231 1 0 0 0 0 0 0 0 0
154.778 0 1 0 0 0 0 0 0 0
155.199 1 0 0 0 0 0 0 0 0
155.849 0 1 0 0 0 0 0 0 0
156.302 1 0 0 0 0 0 0 0 0
157.374 0 1 0 0 0 0 0 0 0
157.931 1 0 0 0 0 0 0 0 0
158.426 0 1 0 0 0 0 0 0 0
158.982 1 0 0 0 0 0 0 0 0
159.507 0 1 0 0 0 0 0 0 0
159.858 1 0 0 0 0 0 0 0 0
160.311 0 1 0 0 0 0 0 0 0
161.074 1 0 0 0 0 0 0 0 0
161.59 0 1 0 0 0 0 0 0 0
161.992 1 0 0 0 0 0 0 0 0
162.465 0 1 0 0 0 0 0 0 0
162.877 1 0 0 0 0 0 0 0 0
163.537 0 1 0 0 0 0 0 0 0
163.97 1 0 0 0 0 0 0 0 0
164.619 0 1 0 0 0 0 0 0 0
165.495 1 0 0 0 0 0 0 0 0
166.02 0 1 0 0 0 0 0 0 0
171.998 0 0 0 0 0 1 0 0 0
173.266 0 0 0 0 0 0 1 0 0
192.331 0 0 0 1 0 0 0 0 0
195.67 0 0 0 0 1 0 0 0 0
196.35 1 0 0 0 0 0 0 0 0
196.732 0 1 0 0 0 0 0 0 0
197.783 1 0 0 0 0 0 0 0 0
198.268 0 1 0 0 0 0 0 0 0
198.72 1 0 0 0 0 0 0 0 0
199.102 0 1 0 0 0 0 0 0 0
200.988 1 0 0 0 0 0 0 0 0
201.617 0 1 0 0 0 0 0 0 0
204.327 1 0 0 0 0 0 0 0 0
204.801 0 1 0 0 0 0 0 0 0
205.492 1 0 0 0 0 0 0 0 0
206.058 0 1 0 0 0 0 0 0 0
206.779 0 0 0 1 0 0 0 0 0
207.862 0 0 0 0 1 0 0 0 0
208.202 1 0 0 0 0 0 0 0 0
208.862 0 1 0 0 0 0 0 0 0
209.357 1 0 0 0 0 0 0 0 0
209.861 0 1 0 0 0 0 0 0 0
210.263 1 0 0 0 0 0 0 0 0
210.758 0 1 0 0 0 0 0 0 0
211.314 1 0 0 0 0 0 0 0 0
211.603 0 1 0 0 0 0 0 0 0
212.737 1 0 0 0 0 0 0 0 0
213.138 0 1 0 0 0 0 0 0 0
213.447 1 0 0 0 0 0 0 0 0
213.766 0 1 0 0 0 0 0 0 0
214.127 0 0 0 1 0 0 0 0 0
214.54 0 0 0 0 1 0 0 0 0
215.859 1 0 0 0 0 0 0 0 0
216.354 0 1 0 0 0 0 0 0 0
216.756 1 0 0 0 0 0 0 0 0
217.456 0 1 0 0 0 0 0 0 0
217.92 1 0 0 0 0 0 0 0 0
218.538 0 1 0 0 0 0 0 0 0
219.373 1 0 0 0 0 0 0 0 0
219.92 0 1 0 0 0 0 0 0 0
220.569 1 0 0 0 0 0 0 0 0
220.97 0 1 0 0 0 0 0 0 0
221.568 1 0 0 0 0 0 0 0 0
222.094 0 1 0 0 0 0 0 0 0
222.96 1 0 0 0 0 0 0 0 0
223.517 0 1 0 0 0 0 0 0 0
224.485 1 0 0 0 0 0 0 0 0
224.979 0 1 0 0 0 0 0 0 0
226.763 1 0 0 0 0 0 0 0 0
227.464 0 1 0 0 0 0 0 0 0
228.195 1 0 0 0 0 0 0 0 0
228.659 0 1 0 0 0 0 0 0 0
229.494 1 0 0 0 0 0 0 0 0
229.947 0 1 0 0 0 0 0 0 0
231.565 1 0 0 0 0 0 0 0 0
231.988 0 1 0 0 0 0 0 0 0
232.853 1 0 0 0 0 0 0 0 0
233.4 0 1 0 0 0 0 0 0 0
233.946 1 0 0 0 0 0 0 0 0
234.493 0 1 0 0 0 0 0 0 0
234.988 1 0 0 0 0 0 0 0 0
235.389 0 1 0 0 0 0 0 0 0
237.523 0 0 0 1 0 0 0 0 0
239.171 0 0 0 0 1 0 0 0 0
239.996 0 0 0 1 0 0 0 0 0
244.521 0 0 0 0 1 0 0 0 0
245.273 1 0 0 0 0 0 0 0 0
246.148 0 1 0 0 0 0 0 0 0
247.097 1 0 0 0 0 0 0 0 0
247.581 0 1 0 0 0 0 0 0 0
247.994 1 0 0 0 0 0 0 0 0
248.396 0 1 0 0 0 0 0 0 0
248.86 1 0 0 0 0 0 0 0 0
249.324 0 1 0 0 0 0 0 0 0
249.674 1 0 0 0 0 0 0 0 0
250.24 0 1 0 0 0 0 0 0 0
250.622 1 0 0 0 0 0 0 0 0
251.044 0 1 0 0 0 0 0 0 0
251.766 1 0 0 0 0 0 0 0 0
252.477 0 1 0 0 0 0 0 0 0
254.61 1 0 0 0 0 0 0 0 0
255.26 0 1 0 0 0 0 0 0 0
255.621 1 0 0 0 0 0 0 0 0
256.28 0 1 0 0 0 0 0 0 0
256.652 1 0 0 0 0 0 0 0 0
257.248 0 1 0 0 0 0 0 0 0
257.516 1 0 0 0 0 0 0 0 0
258.053 0 1 0 0 0 0 0 0 0
258.413 1 0 0 0 0 0 0 0 0
258.723 0 1 0 0 0 0 0 0 0
259.166 1 0 0 0 0 0 0 0 0
259.712 0 1 0 0 0 0 0 0 0
260.135 1 0 0 0 0 0 0 0 0
260.63 0 1 0 0 0 0 0 0 0
261.567 0 0 0 0 0 1 0 0 0
262.928 0 0 0 0 0 0 1 0 0
280.324 1 0 0 0 0 0 0 0 0
280.963 0 1 0 0 0 0 0 0 0
281.365 1 0 0 0 0 0 0 0 0
281.86 0 1 0 0 0 0 0 0 0
282.221 1 0 0 0 0 0 0 0 0
282.716 0 1 0 0 0 0 0 0 0
283.055 1 0 0 0 0 0 0 0 0
283.539 0 1 0 0 0 0 0 0 0
283.9 1 0 0 0 0 0 0 0 0
284.354 0 1 0 0 0 0 0 0 0
284.766 1 0 0 0 0 0 0 0 0
285.189 0 1 0 0 0 0 0 0 0
285.57 1 0 0 0 0 0 0 0 0
286.261 0 1 0 0 0 0 0 0 0
286.569 1 0 0 0 0 0 0 0 0
287.043 0 1 0 0 0 0 0 0 0
287.507 1 0 0 0 0 0 0 0 0
287.878 0 1 0 0 0 0 0 0 0
288.435 1 0 0 0 0 0 0 0 0
288.837 0 1 0 0 0 0 0 0 0
289.229 1 0 0 0 0 0 0 0 0
289.641 0 1 0 0 0 0 0 0 0
289.981 1 0 0 0 0 0 0 0 0
290.444 0 1 0 0 0 0 0 0 0
290.877 1 0 0 0 0 0 0 0 0
291.32 0 1 0 0 0 0 0 0 0
291.805 1 0 0 0 0 0 0 0 0
292.176 0 1 0 0 0 0 0 0 0
292.547 1 0 0 0 0 0 0 0 0
292.929 0 1 0 0 0 0 0 0 0
293.423 1 0 0 0 0 0 0 0 0
293.845 0 1 0 0 0 0 0 0 0
294.237 1 0 0 0 0 0 0 0 0
294.793 0 1 0 0 0 0 0 0 0
295.299 1 0 0 0 0 0 0 0 0
295.721 0 1 0 0 0 0 0 0 0
296.155 1 0 0 0 0 0 0 0 0
296.567 0 1 0 0 0 0 0 0 0
296.999 1 0 0 0 0 0 0 0 0
297.422 0 1 0 0 0 0 0 0 0
297.792 1 0 0 0 0 0 0 0 0
298.194 0 1 0 0 0 0 0 0 0
298.637 1 0 0 0 0 0 0 0 0
299.07 0 1 0 0 0 0 0 0 0
299.411 1 0 0 0 0 0 0 0 0
299.854 0 1 0 0 0 0 0 0 0
300.266 1 0 0 0 0 0 0 0 0
300.833 0 1 0 0 0 0 0 0 0
302.193 0 0 0 1 0 0 0 0 0
304.048 0 0 0 0 1 0 0 0 0
304.43 1 0 0 0 0 0 0 0 0
305.058 0 1 0 0 0 0 0 0 0
305.419 1 0 0 0 0 0 0 0 0
305.903 0 1 0 0 0 0 0 0 0
306.439 1 0 0 0 0 0 0 0 0
306.851 0 1 0 0 0 0 0 0 0
307.243 1 0 0 0 0 0 0 0 0
307.398 0 1 0 0 0 0 0 0 0
308.521 1 0 0 0 0 0 0 0 0
309.18 0 1 0 0 0 0 0 0 0
312.097 1 0 0 0 0 0 0 0 0
312.612 0 1 0 0 0 0 0 0 0
314.055 1 0 0 0 0 0 0 0 0
314.499 0 1 0 0 0 0 0 0 0
315.076 1 0 0 0 0 0 0 0 0
315.591 0 1 0 0 0 0 0 0 0
316.549 1 0 0 0 0 0 0 0 0
317.003 0 1 0 0 0 0 0 0 0
317.858 1 0 0 0 0 0 0 0 0
318.271 0 1 0 0 0 0 0 0 0
319.302 1 0 0 0 0 0 0 0 0
319.795 0 1 0 0 0 0 0 0 0
327.401 1 0 0 0 0 0 0 0 0
327.875 0 1 0 0 0 0 0 0 0
328.174 1 0 0 0 0 0 0 0 0
328.658 0 1 0 0 0 0 0 0 0
330.472 0 0 0 1 0 0 0 0 0
331.997 0 0 0 0 1 0 0 0 0
332.307 1 0 0 0 0 0 0 0 0
332.977 0 1 0 0 0 0 0 0 0
333.399 1 0 0 0 0 0 0 0 0
333.946 0 1 0 0 0 0 0 0 0
334.305 1 0 0 0 0 0 0 0 0
334.903 0 1 0 0 0 0 0 0 0
335.295 1 0 0 0 0 0 0 0 0
335.8 0 1 0 0 0 0 0 0 0
336.326 1 0 0 0 0 0 0 0 0
336.841 0 1 0 0 0 0 0 0 0
337.367 1 0 0 0 0 0 0 0 0
337.85 0 1 0 0 0 0 0 0 0
338.428 1 0 0 0 0 0 0 0 0
339.036 0 1 0 0 0 0 0 0 0
340.809 0 0 0 1 0 0 0 0 0
341.108 0 0 0 0 1 0 0 0 0
342.705 0 0 0 1 0 0 0 0 0
343.323 0 0 0 0 1 0 0 0 0
344.22 1 0 0 0 0 0 0 0 0
344.643 0 1 0 0 0 0 0 0 0
345.353 1 0 0 0 0 0 0 0 0
345.868 0 1 0 0 0 0 0 0 0
346.703 1 0 0 0 0 0 0 0 0
347.177 0 1 0 0 0 0 0 0 0
347.785 1 0 0 0 0 0 0 0 0
348.342 0 1 0 0 0 0 0 0 0
348.98 1 0 0 0 0 0 0 0 0
349.64 0 1 0 0 0 0 0 0 0
350.248 1 0 0 0 0 0 0 0 0
350.712 0 1 0 0 0 0 0 0 0
351.3 1 0 0 0 0 0 0 0 0
351.691 0 1 0 0 0 0 0 0 0
352.104 1 0 0 0 0 0 0 0 0
352.525 0 1 0 0 0 0 0 0 0
352.948 1 0 0 0 0 0 0 0 0
353.35 0 1 0 0 0 0 0 0 0
353.773 1 0 0 0 0 0 0 0 0
354.185 0 1 0 0 0 0 0 0 0
354.618 1 0 0 0 0 0 0 0 0
355.278 0 1 0 0 0 0 0 0 0
356.586 0 0 0 1 0 0 0 0 0
358.091 0 0 0 0 1 0 0 0 0
358.658 1 0 0 0 0 0 0 0 0
359.142 0 1 0 0 0 0 0 0 0
359.524 1 0 0 0 0 0 0 0 0
359.935 0 1 0 0 0 0 0 0 0
360.481 1 0 0 0 0 0 0 0 0
360.801 0 1 0 0 0 0 0 0 0
