3.82366 0 0 0 0 0 1 0 0 0
5.29823 0 0 0 0 0 0 1 0 0
8.01851 0 0 0 0 0 1 0 0 0
9.70904 0 0 0 0 0 0 1 0 0
11.9964 0 0 0 0 0 1 0 0 0
14.2748 0 0 0 0 0 0 1 0 0
17.191 0 0 0 0 0 1 0 0 0
18.1808 0 0 0 0 0 0 1 0 0
21.4789 0 0 0 0 0 1 0 0 0
22.4886 0 0 0 0 0 0 1 0 0
27.1164 0 0 0 0 0 1 0 0 0
28.0331 0 0 0 0 0 0 1 0 0
44.8626 1 0 0 0 0 0 0 0 0
45.2954 0 1 0 0 0 0 0 0 0
48.1297 0 0 0 1 0 0 0 0 0
49.9332 0 0 0 0 1 0 0 0 0
51.4687 0 0 0 1 0 0 0 0 0
51.9837 0 0 0 0 1 0 0 0 0
53.2723 1 0 0 0 0 0 0 0 0
53.8181 0 1 0 0 0 0 0 0 0
55.3537 1 0 0 0 0 0 0 0 0
55.6526 0 1 0 0 0 0 0 0 0
58.136 1 0 0 0 0 0 0 0 0
58.6108 0 1 0 0 0 0 0 0 0
60.2694 1 0 0 0 0 0 0 0 0
60.8162 0 1 0 0 0 0 0 0 0
65.268 1 0 0 0 0 0 0 0 0
65.9588 0 1 0 0 0 0 0 0 0
66.4327 1 0 0 0 0 0 0 0 0
66.9576 0 1 0 0 0 0 0 0 0
67.6074 1 0 0 0 0 0 0 0 0
68.1122 0 1 0 0 0 0 0 0 0
68.6591 1 0 0 0 0 0 0 0 0
69.04 0 1 0 0 0 0 0 0 0
69.5968 1 0 0 0 0 0 0 0 0
70.1328 0 1 0 0 0 0 0 0 0
70.7615 1 0 0 0 0 0 0 0 0
71.7093 0 1 0 0 0 0 0 0 0
72.3281 1 0 0 0 0 0 0 0 0
73.0699 0 1 0 0 0 0 0 0 0
73.7608 1 0 0 0 0 0 0 0 0
74.4405 0 1 0 0 0 0 0 0 0
75.4923 0 0 0 1 0 0 0 0 0
75.9351 0 0 0 0 1 0 0 0 0
77.4398 1 0 0 0 0 0 0 0 0
78.1915 0 1 0 0 0 0 0 0 0
78.8103 1 0 0 0 0 0 0 0 0
79.7171 0 1 0 0 0 0 0 0 0
80.1809 1 0 0 0 0 0 0 0 0
80.6658 0 1 0 0 0 0 0 0 0
82.0775 1 0 0 0 0 0 0 0 0
82.3654 0 1 0 0 0 0 0 0 0
83.1692 1 0 0 0 0 0 0 0 0
83.6131 0 1 0 0 0 0 0 0 0
84.1179 1 0 0 0 0 0 0 0 0
84.6327 0 1 0 0 0 0 0 0 0
85.2616 1 0 0 0 0 0 0 0 0
86.0454 0 1 0 0 0 0 0 0 0
86.5093 1 0 0 0 0 0 0 0 0
87.426 0 1 0 0 0 0 0 0 0
87.8379 1 0 0 0 0 0 0 0 0
88.6106 0 1 0 0 0 0 0 0 0
89.1365 1 0 0 0 0 0 0 0 0
90.2802 0 1 0 0 0 0 0 0 0
91.208 1 0 0 0 0 0 0 0 0
92.3107 0 1 0 0 0 0 0 0 0
93.5683 1 0 0 0 0 0 0 0 0
94.651 0 1 0 0 0 0 0 0 0
96.3925 1 0 0 0 0 0 0 0 0
97.0724 0 1 0 0 0 0 0 0 0
97.8562 1 0 0 0 0 0 0 0 0
98.7531 0 1 0 0 0 0 0 0 0
100.308 0 0 0 1 0 0 0 0 0
100.978 0 0 0 0 1 0 0 0 0
102.081 1 0 0 0 0 0 0 0 0
102.555 0 1 0 0 0 0 0 0 0
103.112 1 0 0 0 0 0 0 0 0
103.627 0 1 0 0 0 0 0 0 0
104.173 1 0 0 0 0 0 0 0 0
104.75 0 1 0 0 0 0 0 0 0
105.235 1 0 0 0 0 0 0 0 0
105.864 0 1 0 0 0 0 0 0 0
106.4 1 0 0 0 0 0 0 0 0
107.121 0 1 0 0 0 0 0 0 0
108.368 1 0 0 0 0 0 0 0 0
109.646 0 1 0 0 0 0 0 0 0
110.265 1 0 0 0 0 0 0 0 0
110.996 0 1 0 0 0 0 0 0 0
111.769 1 0 0 0 0 0 0 0 0
112.665 0 1 0 0 0 0 0 0 0
113.222 1 0 0 0 0 0 0 0 0
113.748 0 1 0 0 0 0 0 0 0
114.531 1 0 0 0 0 0 0 0 0
115.613 0 1 0 0 0 0 0 0 0
116.912 1 0 0 0 0 0 0 0 0
117.345 0 1 0 0 0 0 0 0 0
117.819 1 0 0 0 0 0 0 0 0
118.726 0 1 0 0 0 0 0 0 0
120.138 1 0 0 0 0 0 0 0 0
120.746 0 1 0 0 0 0 0 0 0
126.135 1 0 0 0 0 0 0 0 0
127.043 0 1 0 0 0 0 0 0 0
129.073 1 0 0 0 0 0 0 0 0
129.754 0 1 0 0 0 0 0 0 0
131.299 1 0 0 0 0 0 0 0 0
132.186 0 1 0 0 0 0 0 0 0
132.918 1 0 0 0 0 0 0 0 0
133.751 0 1 0 0 0 0 0 0 0
134.514 1 0 0 0 0 0 0 0 0
135.288 0 1 0 0 0 0 0 0 0
137.379 1 0 0 0 0 0 0 0 0
138.194 0 1 0 0 0 0 0 0 0
138.823 1 0 0 0 0 0 0 0 0
139.647 0 1 0 0 0 0 0 0 0
140.183 1 0 0 0 0 0 0 0 0
140.935 0 1 0 0 0 0 0 0 0
141.945 1 0 0 0 0 0 0 0 0
142.657 0 1 0 0 0 0 0 0 0
143.151 1 0 0 0 0 0 0 0 0
143.873 0 1 0 0 0 0 0 0 0
144.275 1 0 0 0 0 0 0 0 0
144.717 0 1 0 0 0 0 0 0 0
145.336 1 0 0 0 0 0 0 0 0
146.006 0 1 0 0 0 0 0 0 0
146.531 1 0 0 0 0 0 0 0 0
147.078 0 1 0 0 0 0 0 0 0
147.624 1 0 0 0 0 0 0 0 0
148.365 0 1 0 0 0 0 0 0 0
148.87 1 0 0 0 0 0 0 0 0
149.448 0 1 0 0 0 0 0 0 0
149.871 1 0 0 0 0 0 0 0 0
150.602 0 1 0 0 0 0 0 0 0
151.231 1 0 0 0 0 0 0 0 0
152.189 0 1 0 0 0 0 0 0 0
152.746 1 0 0 0 0 0 0 0 0
153.612 0 1 0 0 0 0 0 0 0
154.24 1 0 0 0 0 0 0 0 0
154.911 0 1 0 0 0 0 0 0 0
155.281 1 0 0 0 0 0 0 0 0
156.002 0 1 0 0 0 0 0 0 0
156.384 1 0 0 0 0 0 0 0 0
156.92 0 1 0 0 0 0 0 0 0
158.023 1 0 0 0 0 0 0 0 0
159.157 0 1 0 0 0 0 0 0 0
159.744 1 0 0 0 0 0 0 0 0
160.61 0 1 0 0 0 0 0 0 0
161.857 1 0 0 0 0 0 0 0 0
162.455 0 1 0 0 0 0 0 0 0
163.371 1 0 0 0 0 0 0 0 0
164.114 0 1 0 0 0 0 0 0 0
164.918 1 0 0 0 0 0 0 0 0
166 0 1 0 0 0 0 0 0 0
168.071 1 0 0 0 0 0 0 0 0
169.256 0 1 0 0 0 0 0 0 0
169.782 1 0 0 0 0 0 0 0 0
170.688 0 1 0 0 0 0 0 0 0
171.389 1 0 0 0 0 0 0 0 0
172.049 0 1 0 0 0 0 0 0 0
172.74 1 0 0 0 0 0 0 0 0
173.709 0 1 0 0 0 0 0 0 0
174.347 1 0 0 0 0 0 0 0 0
175.213 0 1 0 0 0 0 0 0 0
175.821 1 0 0 0 0 0 0 0 0
176.604 0 1 0 0 0 0 0 0 0
177.099 1 0 0 0 0 0 0 0 0
177.727 0 1 0 0 0 0 0 0 0
178.18 1 0 0 0 0 0 0 0 0
179.046 0 1 0 0 0 0 0 0 0
179.562 1 0 0 0 0 0 0 0 0
180.139 0 1 0 0 0 0 0 0 0
183.53 0 0 0 0 0 1 0 0 0
185.209 0 0 0 0 0 0 1 0 0
211.087 1 0 0 0 0 0 0 0 0
211.922 0 1 0 0 0 0 0 0 0
212.469 1 0 0 0 0 0 0 0 0
212.953 0 1 0 0 0 0 0 0 0
215.034 0 0 0 1 0 0 0 0 0
215.674 0 0 0 0 1 0 0 0 0
216.426 1 0 0 0 0 0 0 0 0
217.076 0 1 0 0 0 0 0 0 0
219.569 1 0 0 0 0 0 0 0 0
220.167 0 1 0 0 0 0 0 0 0
221.363 1 0 0 0 0 0 0 0 0
221.888 0 1 0 0 0 0 0 0 0
222.341 1 0 0 0 0 0 0 0 0
222.939 0 1 0 0 0 0 0 0 0
223.547 1 0 0 0 0 0 0 0 0
224.269 0 1 0 0 0 0 0 0 0
224.702 1 0 0 0 0 0 0 0 0
225.32 0 1 0 0 0 0 0 0 0
225.949 1 0 0 0 0 0 0 0 0
226.722 0 1 0 0 0 0 0 0 0
227.412 1 0 0 0 0 0 0 0 0
228.144 0 1 0 0 0 0 0 0 0
228.711 1 0 0 0 0 0 0 0 0
229.37 0 1 0 0 0 0 0 0 0
229.896 1 0 0 0 0 0 0 0 0
230.824 0 1 0 0 0 0 0 0 0
231.37 1 0 0 0 0 0 0 0 0
231.968 0 1 0 0 0 0 0 0 0
232.699 1 0 0 0 0 0 0 0 0
233.524 0 1 0 0 0 0 0 0 0
234.647 1 0 0 0 0 0 0 0 0
235.472 0 1 0 0 0 0 0 0 0
236.213 1 0 0 0 0 0 0 0 0
236.894 0 1 0 0 0 0 0 0 0
237.523 1 0 0 0 0 0 0 0 0
238.1 0 1 0 0 0 0 0 0 0
238.842 1 0 0 0 0 0 0 0 0
239.791 0 1 0 0 0 0 0 0 0
240.491 1 0 0 0 0 0 0 0 0
241.058 0 1 0 0 0 0 0 0 0
241.583 1 0 0 0 0 0 0 0 0
242.212 0 1 0 0 0 0 0 0 0
246.118 1 0 0 0 0 0 0 0 0
246.716 0 1 0 0 0 0 0 0 0
247.87 1 0 0 0 0 0 0 0 0
248.395 0 1 0 0 0 0 0 0 0
249.127 1 0 0 0 0 0 0 0 0
249.674 0 1 0 0 0 0 0 0 0
250.694 1 0 0 0 0 0 0 0 0
251.229 0 1 0 0 0 0 0 0 0
251.909 1 0 0 0 0 0 0 0 0
252.59 0 1 0 0 0 0 0 0 0
253.909 1 0 0 0 0 0 0 0 0
254.445 0 1 0 0 0 0 0 0 0
255.702 1 0 0 0 0 0 0 0 0
256.228 0 1 0 0 0 0 0 0 0
256.65 1 0 0 0 0 0 0 0 0
257.248 0 1 0 0 0 0 0 0 0
257.753 1 0 0 0 0 0 0 0 0
258.35 0 1 0 0 0 0 0 0 0
258.845 1 0 0 0 0 0 0 0 0
259.433 0 1 0 0 0 0 0 0 0
259.938 1 0 0 0 0 0 0 0 0
260.793 0 1 0 0 0 0 0 0 0
261.34 1 0 0 0 0 0 0 0 0
262.174 0 1 0 0 0 0 0 0 0
262.679 1 0 0 0 0 0 0 0 0
263.339 0 1 0 0 0 0 0 0 0
263.895 1 0 0 0 0 0 0 0 0
264.421 0 1 0 0 0 0 0 0 0
264.864 1 0 0 0 0 0 0 0 0
265.782 0 1 0 0 0 0 0 0 0
266.358 1 0 0 0 0 0 0 0 0
267.079 0 1 0 0 0 0 0 0 0
267.687 1 0 0 0 0 0 0 0 0
268.347 0 1 0 0 0 0 0 0 0
268.863 1 0 0 0 0 0 0 0 0
269.831 0 1 0 0 0 0 0 0 0
270.573 1 0 0 0 0 0 0 0 0
271.016 0 1 0 0 0 0 0 0 0
271.707 1 0 0 0 0 0 0 0 0
272.202 0 1 0 0 0 0 0 0 0
273.118 1 0 0 0 0 0 0 0 0
273.592 0 1 0 0 0 0 0 0 0
273.953 1 0 0 0 0 0 0 0 0
274.541 0 1 0 0 0 0 0 0 0
276.828 1 0 0 0 0 0 0 0 0
277.983 0 1 0 0 0 0 0 0 0
278.89 1 0 0 0 0 0 0 0 0
279.756 0 1 0 0 0 0 0 0 0
280.92 1 0 0 0 0 0 0 0 0
281.466 0 1 0 0 0 0 0 0 0
282.559 1 0 0 0 0 0 0 0 0
283.208 0 1 0 0 0 0 0 0 0
283.466 1 0 0 0 0 0 0 0 0
283.784 0 1 0 0 0 0 0 0 0
284.382 1 0 0 0 0 0 0 0 0
285.207 0 1 0 0 0 0 0 0 0
286.465 1 0 0 0 0 0 0 0 0
286.959 0 1 0 0 0 0 0 0 0
287.484 1 0 0 0 0 0 0 0 0
288.175 0 1 0 0 0 0 0 0 0
289.288 1 0 0 0 0 0 0 0 0
290.185 0 1 0 0 0 0 0 0 0
291.051 1 0 0 0 0 0 0 0 0
291.586 0 1 0 0 0 0 0 0 0
292.741 1 0 0 0 0 0 0 0 0
293.679 0 1 0 0 0 0 0 0 0
295.399 1 0 0 0 0 0 0 0 0
295.925 0 1 0 0 0 0 0 0 0
296.41 1 0 0 0 0 0 0 0 0
296.935 0 1 0 0 0 0 0 0 0
297.358 1 0 0 0 0 0 0 0 0
297.781 0 1 0 0 0 0 0 0 0
298.286 1 0 0 0 0 0 0 0 0
298.687 0 1 0 0 0 0 0 0 0
299.305 1 0 0 0 0 0 0 0 0
299.749 0 1 0 0 0 0 0 0 0
311.735 1 0 0 0 0 0 0 0 0
312.374 0 1 0 0 0 0 0 0 0
313.342 1 0 0 0 0 0 0 0 0
313.93 0 1 0 0 0 0 0 0 0
314.466 1 0 0 0 0 0 0 0 0
315.053 0 1 0 0 0 0 0 0 0
315.713 1 0 0 0 0 0 0 0 0
316.218 0 1 0 0 0 0 0 0 0
317.021 1 0 0 0 0 0 0 0 0
317.64 0 1 0 0 0 0 0 0 0
318.413 1 0 0 0 0 0 0 0 0
319.238 0 1 0 0 0 0 0 0 0
320.021 1 0 0 0 0 0 0 0 0
321.03 0 1 0 0 0 0 0 0 0
322.062 1 0 0 0 0 0 0 0 0
322.845 0 1 0 0 0 0 0 0 0
348.219 1 0 0 0 0 0 0 0 0
349.198 0 1 0 0 0 0 0 0 0
349.662 1 0 0 0 0 0 0 0 0
350.001 0 1 0 0 0 0 0 0 0
351.032 1 0 0 0 0 0 0 0 0
352.011 0 1 0 0 0 0 0 0 0
352.599 1 0 0 0 0 0 0 0 0
353.042 0 1 0 0 0 0 0 0 0
353.526 1 0 0 0 0 0 0 0 0
354.144 0 1 0 0 0 0 0 0 0
354.567 1 0 0 0 0 0 0 0 0
355.268 0 1 0 0 0 0 0 0 0
355.68 1 0 0 0 0 0 0 0 0
356.618 0 1 0 0 0 0 0 0 0
358.091 1 0 0 0 0 0 0 0 0
358.648 0 1 0 0 0 0 0 0 0
359.071 1 0 0 0 0 0 0 0 0
359.421 0 1 0 0 0 0 0 0 0
359.906 1 0 0 0 0 0 0 0 0
360.452 0 1 0 0 0 0 0 0 0
360.987 1 0 0 0 0 0 0 0 0
361.534 0 1 0 0 0 0 0 0 0
