20.3003 1 0 0 0 0 0 0 0 0
20.6712 0 1 0 0 0 0 0 0 0
21.331 1 0 0 0 0 0 0 0 0
21.6299 0 1 0 0 0 0 0 0 0
22.0938 1 0 0 0 0 0 0 0 0
22.3617 0 1 0 0 0 0 0 0 0
22.8976 1 0 0 0 0 0 0 0 0
23.1654 0 1 0 0 0 0 0 0 0
23.7733 1 0 0 0 0 0 0 0 0
24.0622 0 1 0 0 0 0 0 0 0
24.7011 1 0 0 0 0 0 0 0 0
25.113 0 1 0 0 0 0 0 0 0
25.7108 1 0 0 0 0 0 0 0 0
26.0407 0 1 0 0 0 0 0 0 0
26.5665 1 0 0 0 0 0 0 0 0
26.9064 0 1 0 0 0 0 0 0 0
27.4113 1 0 0 0 0 0 0 0 0
27.9162 0 1 0 0 0 0 0 0 0
28.452 1 0 0 0 0 0 0 0 0
28.8849 0 1 0 0 0 0 0 0 0
30.2875 1 0 0 0 0 0 0 0 0
30.6164 0 1 0 0 0 0 0 0 0
31.3063 1 0 0 0 0 0 0 0 0
31.7601 0 1 0 0 0 0 0 0 0
32.6569 1 0 0 0 0 0 0 0 0
32.9967 0 1 0 0 0 0 0 0 0
33.9035 1 0 0 0 0 0 0 0 0
34.1924 0 1 0 0 0 0 0 0 0
34.7183 1 0 0 0 0 0 0 0 0
35.1302 0 1 0 0 0 0 0 0 0
35.6141 1 0 0 0 0 0 0 0 0
36.006 0 1 0 0 0 0 0 0 0
38.1703 1 0 0 0 0 0 0 0 0
38.5822 0 1 0 0 0 0 0 0 0
39.2321 1 0 0 0 0 0 0 0 0
39.613 0 1 0 0 0 0 0 0 0
41.0046 0 0 0 1 0 0 0 0 0
42.1792 0 0 0 0 1 0 0 0 0
43.9928 0 0 0 1 0 0 0 0 0
44.5906 0 0 0 0 1 0 0 0 0
45.7243 0 0 0 1 0 0 0 0 0
46.3435 0 0 0 0 1 0 0 0 0
48.7446 0 0 0 1 0 0 0 0 0
49.0324 0 0 0 0 1 0 0 0 0
49.4973 0 0 0 1 0 0 0 0 0
49.7132 0 0 0 0 1 0 0 0 0
53.7521 0 0 0 1 0 0 0 0 0
54.2169 0 0 0 0 1 0 0 0 0
54.6178 0 0 0 1 0 0 0 0 0
55.4216 0 0 0 0 1 0 0 0 0
55.8545 0 0 0 1 0 0 0 0 0
58.7397 0 0 0 0 1 0 0 0 0
59.4305 0 0 0 1 0 0 0 0 0
59.8224 0 0 0 0 1 0 0 0 0
62.0078 0 0 0 1 0 0 0 0 0
62.4707 0 0 0 0 1 0 0 0 0
64.5011 0 0 0 1 0 0 0 0 0
69.3338 0 0 0 0 1 0 0 0 0
69.9116 1 0 0 0 0 0 0 0 0
70.3655 0 1 0 0 0 0 0 0 0
71.1684 1 0 0 0 0 0 0 0 0
71.5912 0 1 0 0 0 0 0 0 0
72.137 1 0 0 0 0 0 0 0 0
72.5489 0 1 0 0 0 0 0 0 0
73.3837 1 0 0 0 0 0 0 0 0
73.7546 0 1 0 0 0 0 0 0 0
74.3424 1 0 0 0 0 0 0 0 0
74.7443 0 1 0 0 0 0 0 0 0
75.5181 1 0 0 0 0 0 0 0 0
75.992 0 1 0 0 0 0 0 0 0
77.0017 1 0 0 0 0 0 0 0 0
77.8255 0 1 0 0 0 0 0 0 0
78.5573 1 0 0 0 0 0 0 0 0
78.9082 0 1 0 0 0 0 0 0 0
79.3931 1 0 0 0 0 0 0 0 0
79.743 0 1 0 0 0 0 0 0 0
80.1658 1 0 0 0 0 0 0 0 0
80.4637 0 1 0 0 0 0 0 0 0
81.2576 1 0 0 0 0 0 0 0 0
81.9793 0 1 0 0 0 0 0 0 0
82.5772 1 0 0 0 0 0 0 0 0
82.8351 0 1 0 0 0 0 0 0 0
83.5869 1 0 0 0 0 0 0 0 0
83.9068 0 1 0 0 0 0 0 0 0
84.4526 1 0 0 0 0 0 0 0 0
84.8955 0 1 0 0 0 0 0 0 0
86.3082 1 0 0 0 0 0 0 0 0
86.7301 0 1 0 0 0 0 0 0 0
87.5028 1 0 0 0 0 0 0 0 0
87.9157 0 1 0 0 0 0 0 0 0
88.8735 1 0 0 0 0 0 0 0 0
89.4403 0 1 0 0 0 0 0 0 0
90.0171 1 0 0 0 0 0 0 0 0
90.492 0 1 0 0 0 0 0 0 0
91.3468 1 0 0 0 0 0 0 0 0
92.0686 0 1 0 0 0 0 0 0 0
92.5635 1 0 0 0 0 0 0 0 0
93.1713 0 1 0 0 0 0 0 0 0
93.7492 1 0 0 0 0 0 0 0 0
94.15 0 1 0 0 0 0 0 0 0
94.7688 1 0 0 0 0 0 0 0 0
95.1907 0 1 0 0 0 0 0 0 0
95.8506 1 0 0 0 0 0 0 0 0
96.2934 0 1 0 0 0 0 0 0 0
96.8093 1 0 0 0 0 0 0 0 0
97.3032 0 1 0 0 0 0 0 0 0
97.891 1 0 0 0 0 0 0 0 0
98.4059 0 1 0 0 0 0 0 0 0
99.2096 1 0 0 0 0 0 0 0 0
99.4266 0 1 0 0 0 0 0 0 0
100.477 0 0 0 1 0 0 0 0 0
100.869 0 0 0 0 1 0 0 0 0
102.292 1 0 0 0 0 0 0 0 0
102.673 0 1 0 0 0 0 0 0 0
103.199 1 0 0 0 0 0 0 0 0
103.714 0 1 0 0 0 0 0 0 0
104.528 1 0 0 0 0 0 0 0 0
104.981 0 1 0 0 0 0 0 0 0
105.435 1 0 0 0 0 0 0 0 0
105.847 0 1 0 0 0 0 0 0 0
106.352 1 0 0 0 0 0 0 0 0
106.795 0 1 0 0 0 0 0 0 0
108.103 1 0 0 0 0 0 0 0 0
108.815 0 1 0 0 0 0 0 0 0
109.701 1 0 0 0 0 0 0 0 0
110.227 0 1 0 0 0 0 0 0 0
111.277 1 0 0 0 0 0 0 0 0
111.865 0 1 0 0 0 0 0 0 0
112.586 1 0 0 0 0 0 0 0 0
112.999 0 1 0 0 0 0 0 0 0
113.854 1 0 0 0 0 0 0 0 0
114.348 0 1 0 0 0 0 0 0 0
115.059 1 0 0 0 0 0 0 0 0
115.472 0 1 0 0 0 0 0 0 0
115.977 1 0 0 0 0 0 0 0 0
116.43 0 1 0 0 0 0 0 0 0
116.936 1 0 0 0 0 0 0 0 0
117.482 0 1 0 0 0 0 0 0 0
117.893 1 0 0 0 0 0 0 0 0
118.522 0 1 0 0 0 0 0 0 0
118.945 1 0 0 0 0 0 0 0 0
119.398 0 1 0 0 0 0 0 0 0
120.048 1 0 0 0 0 0 0 0 0
120.429 0 1 0 0 0 0 0 0 0
124.809 1 0 0 0 0 0 0 0 0
125.221 0 1 0 0 0 0 0 0 0
125.88 1 0 0 0 0 0 0 0 0
126.478 0 1 0 0 0 0 0 0 0
127.21 1 0 0 0 0 0 0 0 0
127.746 0 1 0 0 0 0 0 0 0
128.385 1 0 0 0 0 0 0 0 0
128.86 0 1 0 0 0 0 0 0 0
129.797 1 0 0 0 0 0 0 0 0
130.25 0 1 0 0 0 0 0 0 0
131.013 1 0 0 0 0 0 0 0 0
131.457 0 1 0 0 0 0 0 0 0
131.972 1 0 0 0 0 0 0 0 0
132.827 0 1 0 0 0 0 0 0 0
133.424 1 0 0 0 0 0 0 0 0
133.848 0 1 0 0 0 0 0 0 0
134.373 1 0 0 0 0 0 0 0 0
134.785 0 1 0 0 0 0 0 0 0
135.363 1 0 0 0 0 0 0 0 0
135.888 0 1 0 0 0 0 0 0 0
138.578 1 0 0 0 0 0 0 0 0
139.176 0 1 0 0 0 0 0 0 0
139.619 1 0 0 0 0 0 0 0 0
140.226 0 1 0 0 0 0 0 0 0
140.721 1 0 0 0 0 0 0 0 0
141.309 0 1 0 0 0 0 0 0 0
141.958 1 0 0 0 0 0 0 0 0
142.381 0 1 0 0 0 0 0 0 0
142.876 1 0 0 0 0 0 0 0 0
143.545 0 1 0 0 0 0 0 0 0
144.277 1 0 0 0 0 0 0 0 0
144.916 0 1 0 0 0 0 0 0 0
145.4 1 0 0 0 0 0 0 0 0
145.854 0 1 0 0 0 0 0 0 0
146.555 1 0 0 0 0 0 0 0 0
147.131 0 1 0 0 0 0 0 0 0
147.863 1 0 0 0 0 0 0 0 0
148.399 0 1 0 0 0 0 0 0 0
148.956 1 0 0 0 0 0 0 0 0
149.306 0 1 0 0 0 0 0 0 0
150.255 0 0 0 1 0 0 0 0 0
151.419 0 0 0 0 1 0 0 0 0
152.161 1 0 0 0 0 0 0 0 0
152.687 0 1 0 0 0 0 0 0 0
153.192 1 0 0 0 0 0 0 0 0
153.718 0 1 0 0 0 0 0 0 0
154.274 1 0 0 0 0 0 0 0 0
154.747 0 1 0 0 0 0 0 0 0
156.232 1 0 0 0 0 0 0 0 0
156.325 0 1 0 0 0 0 0 0 0
156.428 1 0 1 0 0 0 0 0 0
156.5 0 1 0 0 0 0 0 0 0
160.426 1 0 0 0 0 0 0 0 0
160.849 0 1 0 0 0 0 0 0 0
161.447 1 0 0 0 0 0 0 0 0
161.89 0 1 0 0 0 0 0 0 0
163.106 1 0 0 0 0 0 0 0 0
163.632 0 1 0 0 0 0 0 0 0
164.312 1 0 0 0 0 0 0 0 0
164.879 0 1 0 0 0 0 0 0 0
165.61 1 0 0 0 0 0 0 0 0
166.126 0 1 0 0 0 0 0 0 0
167.084 1 0 0 0 0 0 0 0 0
167.466 0 1 0 0 0 0 0 0 0
168.23 1 0 0 0 0 0 0 0 0
168.909 0 1 0 0 0 0 0 0 0
169.877 0 0 0 1 0 0 0 0 0
170.928 0 0 0 0 1 0 0 0 0
171.526 1 0 0 0 0 0 0 0 0
172.259 0 1 0 0 0 0 0 0 0
172.773 1 0 0 0 0 0 0 0 0
173.268 0 1 0 0 0 0 0 0 0
174.381 1 0 0 0 0 0 0 0 0
175.062 0 1 0 0 0 0 0 0 0
176.339 1 0 0 0 0 0 0 0 0
176.844 0 1 0 0 0 0 0 0 0
177.442 1 0 0 0 0 0 0 0 0
178.029 0 1 0 0 0 0 0 0 0
178.885 1 0 0 0 0 0 0 0 0
179.545 0 1 0 0 0 0 0 0 0
180.153 1 0 0 0 0 0 0 0 0
180.626 0 1 0 0 0 0 0 0 0
182.822 0 0 0 0 0 1 0 0 0
184.316 0 0 0 0 0 0 1 0 0
210.771 1 0 0 0 0 0 0 0 0
211.328 0 1 0 0 0 0 0 0 0
212.132 1 0 0 0 0 0 0 0 0
212.699 0 1 0 0 0 0 0 0 0
213.987 1 0 0 0 0 0 0 0 0
214.419 0 1 0 0 0 0 0 0 0
214.873 1 0 0 0 0 0 0 0 0
215.1 0 1 0 0 0 0 0 0 0
215.904 0 0 0 1 0 0 0 0 0
217.099 0 0 0 0 1 0 0 0 0
217.521 0 0 0 1 0 0 0 0 0
219.779 0 0 0 0 1 0 0 0 0
221.943 1 0 0 0 0 0 0 0 0
222.685 0 1 0 0 0 0 0 0 0
224.044 1 0 0 0 0 0 0 0 0
224.509 0 1 0 0 0 0 0 0 0
225.519 1 0 0 0 0 0 0 0 0
225.972 0 1 0 0 0 0 0 0 0
227.312 1 0 0 0 0 0 0 0 0
227.817 0 1 0 0 0 0 0 0 0
231.321 1 0 0 0 0 0 0 0 0
231.671 0 1 0 0 0 0 0 0 0
233.578 1 0 0 0 0 0 0 0 0
234.021 0 1 0 0 0 0 0 0 0
239.823 1 0 0 0 0 0 0 0 0
240.617 0 1 0 0 0 0 0 0 0
241.277 1 0 0 0 0 0 0 0 0
241.863 0 1 0 0 0 0 0 0 0
242.389 1 0 0 0 0 0 0 0 0
242.812 0 1 0 0 0 0 0 0 0
243.421 1 0 0 0 0 0 0 0 0
243.853 0 1 0 0 0 0 0 0 0
244.369 1 0 0 0 0 0 0 0 0
244.833 0 1 0 0 0 0 0 0 0
245.553 1 0 0 0 0 0 0 0 0
246.182 0 1 0 0 0 0 0 0 0
246.47 1 0 0 0 0 0 0 0 0
247.078 0 1 0 0 0 0 0 0 0
248.068 1 0 0 0 0 0 0 0 0
248.625 0 1 0 0 0 0 0 0 0
249.253 1 0 0 0 0 0 0 0 0
249.717 0 1 0 0 0 0 0 0 0
250.346 1 0 0 0 0 0 0 0 0
250.696 0 1 0 0 0 0 0 0 0
251.315 1 0 0 0 0 0 0 0 0
251.737 0 1 0 0 0 0 0 0 0
252.232 1 0 0 0 0 0 0 0 0
252.717 0 1 0 0 0 0 0 0 0
253.191 1 0 0 0 0 0 0 0 0
254.066 0 1 0 0 0 0 0 0 0
254.674 1 0 0 0 0 0 0 0 0
255.107 0 1 0 0 0 0 0 0 0
260.167 0 0 0 1 0 0 0 0 0
263.373 0 0 0 0 1 0 0 0 0
264.228 1 0 0 0 0 0 0 0 0
264.857 0 1 0 0 0 0 0 0 0
266.032 0 0 0 1 0 0 0 0 0
266.485 0 0 0 0 1 0 0 0 0
267.052 1 0 0 0 0 0 0 0 0
267.484 0 1 0 0 0 0 0 0 0
269.072 1 0 0 0 0 0 0 0 0
269.474 0 1 0 0 0 0 0 0 0
270.103 1 0 0 0 0 0 0 0 0
270.587 0 1 0 0 0 0 0 0 0
271.411 1 0 0 0 0 0 0 0 0
271.937 0 1 0 0 0 0 0 0 0
272.957 1 0 0 0 0 0 0 0 0
273.411 0 1 0 0 0 0 0 0 0
274.019 1 0 0 0 0 0 0 0 0
274.452 0 1 0 0 0 0 0 0 0
278.594 1 0 0 0 0 0 0 0 0
279.13 0 1 0 0 0 0 0 0 0
279.687 1 0 0 0 0 0 0 0 0
280.45 0 1 0 0 0 0 0 0 0
281.275 1 0 0 0 0 0 0 0 0
282.038 0 1 0 0 0 0 0 0 0
282.851 1 0 0 0 0 0 0 0 0
283.408 0 1 0 0 0 0 0 0 0
284.16 1 0 0 0 0 0 0 0 0
284.655 0 1 0 0 0 0 0 0 0
285.305 1 0 0 0 0 0 0 0 0
285.768 0 1 0 0 0 0 0 0 0
286.592 1 0 0 0 0 0 0 0 0
287.21 0 1 0 0 0 0 0 0 0
289.581 1 0 0 0 0 0 0 0 0
290.096 0 1 0 0 0 0 0 0 0
291.818 1 0 0 0 0 0 0 0 0
292.467 0 1 0 0 0 0 0 0 0
293.549 1 0 0 0 0 0 0 0 0
294.26 0 1 0 0 0 0 0 0 0
295.487 1 0 0 0 0 0 0 0 0
296.198 0 1 0 0 0 0 0 0 0
297.187 1 0 0 0 0 0 0 0 0
297.64 0 1 0 0 0 0 0 0 0
298.97 1 0 0 0 0 0 0 0 0
299.558 0 1 0 0 0 0 0 0 0
311.554 0 0 0 1 0 0 0 0 0
313.533 0 0 0 0 1 0 0 0 0
316.78 0 0 0 1 0 0 0 0 0
318.573 0 0 0 0 1 0 0 0 0
318.634 0 0 0 1 0 0 0 0 0
318.696 0 0 0 0 1 0 0 0 0
327.24 0 0 0 1 0 0 0 0 0
328.323 0 0 0 0 1 0 0 0 0
328.972 0 0 0 1 0 0 0 0 0
329.919 0 0 0 0 1 0 0 0 0
336.197 0 0 0 1 0 0 0 0 0
337.629 0 0 0 0 1 0 0 0 0
338.35 0 0 0 1 0 0 0 0 0
339.371 0 0 0 0 1 0 0 0 0
340.113 0 0 0 1 0 0 0 0 0
342.462 0 0 0 0 1 0 0 0 0
343.081 0 0 0 1 0 0 0 0 0
343.916 0 0 0 0 1 0 0 0 0
344.575 1 0 0 0 0 0 0 0 0
344.977 0 1 0 0 0 0 0 0 0
351.872 0 0 0 1 0 0 0 0 0
352.593 0 0 0 0 1 0 0 0 0
353.624 0 0 0 1 0 0 0 0 0
354.418 0 0 0 0 1 0 0 0 0
356.592 1 0 0 0 0 0 0 0 0
357.056 0 1 0 0 0 0 0 0 0
358.376 1 0 0 0 0 0 0 0 0
358.756 0 1 0 0 0 0 0 0 0
359.436 1 0 0 0 0 0 0 0 0
359.838 0 1 0 0 0 0 0 0 0
360.725 1 0 0 0 0 0 0 0 0
361.117 0 1 0 0 0 0 0 0 0
