198.801 0 0 0 0 0 1 0 0 0
204.305 0 0 0 0 0 0 1 0 0
205.563 0 0 0 0 0 1 0 0 0
206.469 0 0 0 0 0 0 1 0 0
221.682 0 0 0 0 0 1 0 0 0
224.279 0 0 0 0 0 0 1 0 0
234.009 0 0 0 0 0 1 0 0 0
236.42 0 0 0 0 0 0 1 0 0
424.83 1 0 0 0 0 0 0 0 0
435.497 0 1 0 0 0 0 0 0 0
441.856 1 0 0 0 0 0 0 0 0
448.411 0 1 0 0 0 0 0 0 0
500.522 1 0 0 0 0 0 0 0 0
500.615 0 1 0 0 0 0 0 0 0
500.698 1 0 1 0 0 0 0 0 0
500.801 0 1 0 0 0 0 0 0 0
543.091 0 0 0 1 0 0 0 0 0
553.048 0 0 0 0 1 0 0 0 0
565.117 0 0 0 1 0 0 0 0 0
568.126 0 0 0 0 1 0 0 0 0
568.26 0 0 0 1 0 0 0 0 0
568.992 0 0 0 0 1 0 0 0 0
573.579 0 0 0 1 0 0 0 0 0
578.444 0 0 0 0 1 0 0 0 0
580.257 0 0 0 1 0 0 0 0 0
584.174 0 0 0 0 1 0 0 0 0
614.652 1 0 0 0 0 0 0 0 0
618.455 0 1 0 0 0 0 0 0 0
623.031 1 0 0 0 0 0 0 0 0
627.381 0 1 0 0 0 0 0 0 0
628.71 1 0 0 0 0 0 0 0 0
631.617 0 1 0 0 0 0 0 0 0
649.035 1 0 0 0 0 0 0 0 0
652.385 0 1 0 0 0 0 0 0 0
653.508 1 0 0 0 0 0 0 0 0
655.229 0 1 0 0 0 0 0 0 0
677.605 0 0 0 1 0 0 0 0 0
681.15 0 0 0 0 1 0 0 0 0
682.016 1 0 0 0 0 0 0 0 0
684.19 0 1 0 0 0 0 0 0 0
685.438 1 0 0 0 0 0 0 0 0
687.54 0 1 0 0 0 0 0 0 0
689.54 1 0 0 0 0 0 0 0 0
693.581 0 1 0 0 0 0 0 0 0
695.889 1 0 0 0 0 0 0 0 0
697.333 0 1 0 0 0 0 0 0 0
698.333 1 0 0 0 0 0 0 0 0
699.672 0 1 0 0 0 0 0 0 0
700.27 1 0 0 0 0 0 0 0 0
701.086 0 1 0 0 0 0 0 0 0
739.787 1 0 0 0 0 0 0 0 0
741.426 0 1 0 0 0 0 0 0 0
742.177 1 0 0 0 0 0 0 0 0
743.909 0 1 0 0 0 0 0 0 0
744.27 0 0 0 1 0 0 0 0 0
747.042 0 0 0 0 1 0 0 0 0
747.455 1 0 0 0 0 0 0 0 0
749.33 0 1 0 0 0 0 0 0 0
750.598 1 0 0 0 0 0 0 0 0
751.773 0 1 0 0 0 0 0 0 0
754.236 1 0 0 0 0 0 0 0 0
754.968 0 1 0 0 0 0 0 0 0
756.102 0 0 0 1 0 0 0 0 0
758.813 0 0 0 0 1 0 0 0 0
767.728 0 0 0 1 0 0 0 0 0
779.24 0 0 0 0 1 0 0 0 0
782.044 1 0 0 0 0 0 0 0 0
782.673 0 1 0 0 0 0 0 0 0
913.937 1 0 0 0 0 0 0 0 0
915.092 0 1 0 0 0 0 0 0 0
915.72 1 0 0 0 0 0 0 0 0
916.936 0 1 0 0 0 0 0 0 0
917.843 1 0 0 0 0 0 0 0 0
922.018 0 1 0 0 0 0 0 0 0
925.605 0 0 0 1 0 0 0 0 0
927.501 0 0 0 0 1 0 0 0 0
930.685 1 0 0 0 0 0 0 0 0
931.428 0 1 0 0 0 0 0 0 0
934.076 1 0 0 0 0 0 0 0 0
935.416 0 1 0 0 0 0 0 0 0
942.611 0 0 0 1 0 0 0 0 0
945.023 0 0 0 0 1 0 0 0 0
946.466 0 0 0 1 0 0 0 0 0
949.042 0 0 0 0 1 0 0 0 0
949.743 1 0 0 0 0 0 0 0 0
950.25 0 1 0 0 0 0 0 0 0
951.475 1 0 0 0 0 0 0 0 0
953.712 0 1 0 0 0 0 0 0 0
955.793 0 0 0 1 0 0 0 0 0
957.999 0 0 0 0 1 0 0 0 0
959.617 1 0 0 0 0 0 0 0 0
960.71 0 1 0 0 0 0 0 0 0
1003 1 0 0 0 0 0 0 0 0
1004.82 0 1 0 0 0 0 0 0 0
1005.31 0 0 0 1 0 0 0 0 0
1007.48 0 0 0 0 1 0 0 0 0
1008.18 1 0 0 0 0 0 0 0 0
1009.18 0 1 0 0 0 0 0 0 0
1009.66 1 0 0 0 0 0 0 0 0
1010.63 0 1 0 0 0 0 0 0 0
1012.52 1 0 0 0 0 0 0 0 0
1013.56 0 1 0 0 0 0 0 0 0
1014.2 0 0 0 1 0 0 0 0 0
1015.03 0 0 0 0 1 0 0 0 0
1028.23 1 0 0 0 0 0 0 0 0
1029.66 0 1 0 0 0 0 0 0 0
1030.22 1 0 0 0 0 0 0 0 0
1031.26 0 1 0 0 0 0 0 0 0
1032.49 1 0 0 0 0 0 0 0 0
1033.82 0 1 0 0 0 0 0 0 0
1034.26 1 0 0 0 0 0 0 0 0
1034.71 0 1 0 0 0 0 0 0 0
1035.72 0 0 0 1 0 0 0 0 0
1036.98 0 0 0 0 1 0 0 0 0
1038.54 0 0 0 1 0 0 0 0 0
1039.97 0 0 0 0 1 0 0 0 0
1044.79 1 0 0 0 0 0 0 0 0
1048.44 0 1 0 0 0 0 0 0 0
1048.88 1 0 0 0 0 0 0 0 0
1049.63 0 1 0 0 0 0 0 0 0
1053.39 1 0 0 0 0 0 0 0 0
1053.99 0 1 0 0 0 0 0 0 0
1054.31 0 0 0 1 0 0 0 0 0
1057.91 0 0 0 0 1 0 0 0 0
1061.35 0 0 0 1 0 0 0 0 0
1063.53 0 0 0 0 1 0 0 0 0
1064.62 1 0 0 0 0 0 0 0 0
1066.07 0 1 0 0 0 0 0 0 0
1068.05 1 0 0 0 0 0 0 0 0
1068.72 0 1 0 0 0 0 0 0 0
1318.82 0 0 0 0 0 1 0 0 0
1320.49 0 0 0 0 0 0 1 0 0
1339.61 1 0 0 0 0 0 0 0 0
1343.17 0 1 0 0 0 0 0 0 0
1345.35 0 0 0 1 0 0 0 0 0
1347.69 0 0 0 0 1 0 0 0 0
1398.54 1 0 0 0 0 0 0 0 0
1399.94 0 1 0 0 0 0 0 0 0
1408.14 0 0 0 1 0 0 0 0 0
1411.74 0 0 0 0 1 0 0 0 0
1412.75 0 0 0 1 0 0 0 0 0
1413.95 0 0 0 0 1 0 0 0 0
1414.69 0 0 0 1 0 0 0 0 0
1416.27 0 0 0 0 1 0 0 0 0
1416.43 0 0 0 1 0 0 0 0 0
1422.68 0 0 0 0 1 0 0 0 0
1425.74 0 0 0 1 0 0 0 0 0
1426.48 0 0 0 0 1 0 0 0 0
1492.06 1 0 0 0 0 0 0 0 0
1495.7 0 1 0 0 0 0 0 0 0
1496.96 0 0 0 1 0 0 0 0 0
1499.25 0 0 0 0 1 0 0 0 0
1500.49 0 0 0 1 0 0 0 0 0
1502.81 0 0 0 0 1 0 0 0 0
1504.35 1 0 0 0 0 0 0 0 0
1505.58 0 1 0 0 0 0 0 0 0
1506.11 0 0 0 1 0 0 0 0 0
1507.94 0 0 0 0 1 0 0 0 0
1509.77 0 0 0 1 0 0 0 0 0
1512.23 0 0 0 0 1 0 0 0 0
1514.63 0 0 0 1 0 0 0 0 0
1515.76 0 0 0 0 1 0 0 0 0
1516.85 1 0 0 0 0 0 0 0 0
1517.69 0 1 0 0 0 0 0 0 0
1518.42 1 0 0 0 0 0 0 0 0
1519.32 0 1 0 0 0 0 0 0 0
1519.91 0 0 0 1 0 0 0 0 0
1520.86 0 0 0 0 1 0 0 0 0
1526.86 0 0 0 1 0 0 0 0 0
1527.94 0 0 0 0 1 0 0 0 0
1530.66 1 0 0 0 0 0 0 0 0
1531.44 0 1 0 0 0 0 0 0 0
1532.59 1 0 0 0 0 0 0 0 0
1533.27 0 1 0 0 0 0 0 0 0
1534.1 0 0 0 1 0 0 0 0 0
1534.61 0 0 0 0 1 0 0 0 0
1538.92 1 0 0 0 0 0 0 0 0
1540.97 0 1 0 0 0 0 0 0 0
1542.4 0 0 0 1 0 0 0 0 0
1542.98 0 0 0 0 1 0 0 0 0
1545.33 1 0 0 0 0 0 0 0 0
1546.99 0 1 0 0 0 0 0 0 0
1548.96 1 0 0 0 0 0 0 0 0
1549.48 0 1 0 0 0 0 0 0 0
1552.4 1 0 0 0 0 0 0 0 0
1552.68 0 1 0 0 0 0 0 0 0
1553.44 0 0 0 1 0 0 0 0 0
1554.85 0 0 0 0 1 0 0 0 0
1556.42 0 0 0 1 0 0 0 0 0
1557.05 0 0 0 0 1 0 0 0 0
1557.87 0 0 0 1 0 0 0 0 0
1558.14 0 0 0 0 1 0 0 0 0
1559 1 0 0 0 0 0 0 0 0
1560.17 0 1 0 0 0 0 0 0 0
1586.12 1 0 0 0 0 0 0 0 0
1587.04 0 1 0 0 0 0 0 0 0
1587.81 1 0 0 0 0 0 0 0 0
1588.65 0 1 0 0 0 0 0 0 0
1588.98 0 0 0 1 0 0 0 0 0
1590.97 0 0 0 0 1 0 0 0 0
1593.73 1 0 0 0 0 0 0 0 0
1593.96 0 1 0 0 0 0 0 0 0
1594.11 1 0 1 0 0 0 0 0 0
1595.07 0 1 0 0 0 0 0 0 0
1600.71 0 0 0 1 0 0 0 0 0
1601.57 0 0 0 0 1 0 0 0 0
1605.03 0 0 0 1 0 0 0 0 0
1605.71 0 0 0 0 1 0 0 0 0
1608.01 1 0 0 0 0 0 0 0 0
1609.31 0 1 0 0 0 0 0 0 0
1612.36 1 0 0 0 0 0 0 0 0
1614.82 0 1 0 0 0 0 0 0 0
1620.85 1 0 0 0 0 0 0 0 0
1622.17 0 1 0 0 0 0 0 0 0
1624.86 0 0 0 1 0 0 0 0 0
1626.45 0 0 0 0 1 0 0 0 0
1628.12 1 0 0 0 0 0 0 0 0
1630.43 0 1 0 0 0 0 0 0 0
1637.84 1 0 0 0 0 0 0 0 0
1638.84 0 1 0 0 0 0 0 0 0
1646.48 1 0 0 0 0 0 0 0 0
1647.54 0 1 0 0 0 0 0 0 0
1712.92 1 0 0 0 0 0 0 0 0
1714.47 0 1 0 0 0 0 0 0 0
1714.73 1 0 0 0 0 0 0 0 0
1715.45 0 1 0 0 0 0 0 0 0
1716 0 0 0 1 0 0 0 0 0
1718.76 0 0 0 0 1 0 0 0 0
1719.78 0 0 0 1 0 0 0 0 0
1720.31 0 0 0 0 1 0 0 0 0
1728.91 0 0 0 1 0 0 0 0 0
1729.04 0 0 0 0 1 0 0 0 0
1729.16 0 0 0 1 0 0 0 0 0
1729.29 0 0 0 0 1 0 0 0 0
1731.29 1 0 0 0 0 0 0 0 0
1731.41 0 1 0 0 0 0 0 0 0
1731.51 1 0 1 0 0 0 0 0 0
1731.62 0 1 0 0 0 0 0 0 0
