3.2737 0 0 0 0 0 1 0 0 0
4.94328 0 0 0 0 0 0 1 0 0
21.6918 0 0 0 0 0 1 0 0 0
23.1245 0 0 0 0 0 0 1 0 0
45.5003 1 0 0 0 0 0 0 0 0
46.8609 0 1 0 0 0 0 0 0 0
47.6647 0 0 0 1 0 0 0 0 0
50.0351 0 0 0 0 1 0 0 0 0
50.9628 1 0 0 0 0 0 0 0 0
52.0445 0 1 0 0 0 0 0 0 0
55.9714 0 0 0 1 0 0 0 0 0
57.404 0 0 0 0 1 0 0 0 0
57.8259 0 0 0 1 0 0 0 0 0
60.5471 0 0 0 0 1 0 0 0 0
65.6077 1 0 0 0 0 0 0 0 0
66.4835 0 1 0 0 0 0 0 0 0
67.7412 1 0 0 0 0 0 0 0 0
68.8229 0 1 0 0 0 0 0 0 0
70.2766 0 0 0 1 0 0 0 0 0
72.7188 0 0 0 0 1 0 0 0 0
73.9245 1 0 0 0 0 0 0 0 0
74.7593 0 1 0 0 0 0 0 0 0
75.9759 1 0 0 0 0 0 0 0 0
77.6764 0 1 0 0 0 0 0 0 0
83.6328 0 0 0 1 0 0 0 0 0
85.3643 0 0 0 0 1 0 0 0 0
96.1444 1 0 0 0 0 0 0 0 0
96.8142 0 1 0 0 0 0 0 0 0
98.4317 1 0 0 0 0 0 0 0 0
98.5247 0 1 0 0 0 0 0 0 0
98.6177 1 0 1 0 0 0 0 0 0
98.7007 0 1 0 0 0 0 0 0 0
100.586 0 0 0 1 0 0 0 0 0
101.472 0 0 0 0 1 0 0 0 0
102.947 0 0 0 1 0 0 0 0 0
104.348 0 0 0 0 1 0 0 0 0
104.739 1 0 0 0 0 0 0 0 0
106.214 0 1 0 0 0 0 0 0 0
107.254 1 0 0 0 0 0 0 0 0
107.81 0 1 0 0 0 0 0 0 0
108.532 1 0 0 0 0 0 0 0 0
109.222 0 1 0 0 0 0 0 0 0
113.006 1 0 0 0 0 0 0 0 0
113.088 0 1 0 0 0 0 0 0 0
113.171 1 0 1 0 0 0 0 0 0
113.253 0 1 0 0 0 0 0 0 0
114.705 1 0 0 0 0 0 0 0 0
115.829 0 1 0 0 0 0 0 0 0
116.561 1 0 0 0 0 0 0 0 0
117.848 0 1 0 0 0 0 0 0 0
123.135 0 0 0 0 0 1 0 0 0
125.443 0 0 0 0 0 0 1 0 0
150.651 0 0 0 1 0 0 0 0 0
153.672 0 0 0 0 1 0 0 0 0
155.3 1 0 0 0 0 0 0 0 0
156.527 0 1 0 0 0 0 0 0 0
160.207 1 0 0 0 0 0 0 0 0
160.309 0 1 0 0 0 0 0 0 0
160.402 1 0 1 0 0 0 0 0 0
160.515 0 1 0 0 0 0 0 0 0
164.225 1 0 0 0 0 0 0 0 0
164.967 0 1 0 0 0 0 0 0 0
165.626 1 0 0 0 0 0 0 0 0
166.544 0 1 0 0 0 0 0 0 0
167.131 1 0 0 0 0 0 0 0 0
168.059 0 1 0 0 0 0 0 0 0
168.657 1 0 0 0 0 0 0 0 0
172.644 0 1 0 0 0 0 0 0 0
173.335 1 0 0 0 0 0 0 0 0
173.974 0 1 0 0 0 0 0 0 0
174.912 1 0 0 0 0 0 0 0 0
176.478 0 1 0 0 0 0 0 0 0
177.303 1 0 0 0 0 0 0 0 0
178.406 0 1 0 0 0 0 0 0 0
179.786 1 0 0 0 0 0 0 0 0
180.817 0 1 0 0 0 0 0 0 0
182.683 0 0 0 1 0 0 0 0 0
186.063 0 0 0 0 1 0 0 0 0
187.64 1 0 0 0 0 0 0 0 0
188.815 0 1 0 0 0 0 0 0 0
190.444 1 0 0 0 0 0 0 0 0
192.082 0 1 0 0 0 0 0 0 0
193.721 1 0 0 0 0 0 0 0 0
195.143 0 1 0 0 0 0 0 0 0
195.792 1 0 0 0 0 0 0 0 0
197.967 0 1 0 0 0 0 0 0 0
199.028 1 0 0 0 0 0 0 0 0
200.317 0 1 0 0 0 0 0 0 0
209.088 1 0 0 0 0 0 0 0 0
209.191 0 1 0 0 0 0 0 0 0
209.273 1 0 1 0 0 0 0 0 0
209.386 0 1 0 0 0 0 0 0 0
213.065 1 0 0 0 0 0 0 0 0
214.055 0 1 0 0 0 0 0 0 0
214.962 1 0 0 0 0 0 0 0 0
215.766 0 1 0 0 0 0 0 0 0
216.313 1 0 0 0 0 0 0 0 0
217.415 0 1 0 0 0 0 0 0 0
218.085 1 0 0 0 0 0 0 0 0
219.343 0 1 0 0 0 0 0 0 0
220.805 0 0 0 1 0 0 0 0 0
222.197 0 0 0 0 1 0 0 0 0
223.517 1 0 0 0 0 0 0 0 0
224.134 0 1 0 0 0 0 0 0 0
225.227 1 0 0 0 0 0 0 0 0
226.093 0 1 0 0 0 0 0 0 0
233.534 1 0 0 0 0 0 0 0 0
233.658 0 1 0 0 0 0 0 0 0
233.751 1 0 1 0 0 0 0 0 0
233.864 0 1 0 0 0 0 0 0 0
236.471 1 0 0 0 0 0 0 0 0
237.874 0 1 0 0 0 0 0 0 0
239.646 1 0 0 0 0 0 0 0 0
241.006 0 1 0 0 0 0 0 0 0
242.284 0 0 0 0 0 1 0 0 0
244.82 0 0 0 0 0 0 1 0 0
270.039 1 0 0 0 0 0 0 0 0
271.122 0 1 0 0 0 0 0 0 0
273.069 0 0 0 1 0 0 0 0 0
274.574 0 0 0 0 1 0 0 0 0
275.728 1 0 0 0 0 0 0 0 0
277.749 0 1 0 0 0 0 0 0 0
285.108 1 0 0 0 0 0 0 0 0
285.242 0 1 0 0 0 0 0 0 0
285.335 1 0 1 0 0 0 0 0 0
285.469 0 1 0 0 0 0 0 0 0
288.086 1 0 0 0 0 0 0 0 0
289.88 0 1 0 0 0 0 0 0 0
290.363 1 0 0 0 0 0 0 0 0
291.24 0 1 0 0 0 0 0 0 0
291.91 1 0 0 0 0 0 0 0 0
293.23 0 1 0 0 0 0 0 0 0
293.858 1 0 0 0 0 0 0 0 0
295.394 0 1 0 0 0 0 0 0 0
295.868 1 0 0 0 0 0 0 0 0
296.682 0 1 0 0 0 0 0 0 0
297.198 1 0 0 0 0 0 0 0 0
298.774 0 1 0 0 0 0 0 0 0
300.042 1 0 0 0 0 0 0 0 0
301.228 0 1 0 0 0 0 0 0 0
305.978 1 0 0 0 0 0 0 0 0
306.071 0 1 0 0 0 0 0 0 0
306.154 1 0 1 0 0 0 0 0 0
306.267 0 1 0 0 0 0 0 0 0
308.123 1 0 0 0 0 0 0 0 0
308.905 0 1 0 0 0 0 0 0 0
309.761 1 0 0 0 0 0 0 0 0
311.401 0 1 0 0 0 0 0 0 0
311.885 1 0 0 0 0 0 0 0 0
313.018 0 1 0 0 0 0 0 0 0
314.616 1 0 0 0 0 0 0 0 0
315.41 0 1 0 0 0 0 0 0 0
316.378 1 0 0 0 0 0 0 0 0
317.202 0 1 0 0 0 0 0 0 0
318.182 1 0 0 0 0 0 0 0 0
319.945 0 1 0 0 0 0 0 0 0
325.458 0 0 0 1 0 0 0 0 0
327.901 0 0 0 0 1 0 0 0 0
329.024 1 0 0 0 0 0 0 0 0
329.87 0 1 0 0 0 0 0 0 0
337.929 1 0 0 0 0 0 0 0 0
338.98 0 1 0 0 0 0 0 0 0
343.732 1 0 0 0 0 0 0 0 0
343.846 0 1 0 0 0 0 0 0 0
343.938 1 0 1 0 0 0 0 0 0
344.062 0 1 0 0 0 0 0 0 0
347.504 1 0 0 0 0 0 0 0 0
348.184 0 1 0 0 0 0 0 0 0
349.297 1 0 0 0 0 0 0 0 0
350.452 0 1 0 0 0 0 0 0 0
356.707 1 0 0 0 0 0 0 0 0
357.357 0 1 0 0 0 0 0 0 0
357.594 1 0 0 0 0 0 0 0 0
357.718 0 1 0 0 0 0 0 0 0
357.759 1 0 1 0 0 0 0 0 0
357.883 0 1 0 0 0 0 0 0 0
359.696 0 0 0 1 0 0 0 0 0
360.501 0 0 0 0 1 0 0 0 0
