3.12016 0 0 0 0 0 1 0 0 0
4.70874 0 0 0 0 0 0 1 0 0
28.2963 1 0 0 0 0 0 0 0 0
28.9662 0 1 0 0 0 0 0 0 0
29.533 1 0 0 0 0 0 0 0 0
30.4917 0 1 0 0 0 0 0 0 0
30.8216 1 0 0 0 0 0 0 0 0
32.3463 0 1 0 0 0 0 0 0 0
33.0371 0 0 0 1 0 0 0 0 0
33.9438 0 0 0 0 1 0 0 0 0
34.2937 0 0 0 1 0 0 0 0 0
35.4484 0 0 0 0 1 0 0 0 0
36.3651 0 0 0 1 0 0 0 0 0
37.3029 0 0 0 0 1 0 0 0 0
37.7788 1 0 0 0 0 0 0 0 0
39.6532 0 1 0 0 0 0 0 0 0
40.436 1 0 0 0 0 0 0 0 0
42.1266 0 1 0 0 0 0 0 0 0
42.5694 1 0 0 0 0 0 0 0 0
43.9501 0 1 0 0 0 0 0 0 0
45.1557 1 0 0 0 0 0 0 0 0
46.6813 0 1 0 0 0 0 0 0 0
47.4851 1 0 0 0 0 0 0 0 0
48.5468 0 1 0 0 0 0 0 0 0
49.8145 1 0 0 0 0 0 0 0 0
51.0201 0 1 0 0 0 0 0 0 0
53.1635 0 0 0 1 0 0 0 0 0
53.8334 0 0 0 0 1 0 0 0 0
61.0584 1 0 0 0 0 0 0 0 0
62.0681 0 1 0 0 0 0 0 0 0
63.0689 1 0 0 0 0 0 0 0 0
64.0776 0 1 0 0 0 0 0 0 0
64.5724 1 0 0 0 0 0 0 0 0
65.3972 0 1 0 0 0 0 0 0 0
67.2317 1 0 0 0 0 0 0 0 0
67.7057 0 1 0 0 0 0 0 0 0
68.3754 1 0 0 0 0 0 0 0 0
68.4994 0 1 0 0 0 0 0 0 0
68.5514 1 0 1 0 0 0 0 0 0
68.6543 0 1 0 0 0 0 0 0 0
69.4371 1 0 0 0 0 0 0 0 0
70.1379 0 1 0 0 0 0 0 0 0
70.5508 1 0 0 0 0 0 0 0 0
71.4266 0 1 0 0 0 0 0 0 0
72.1264 1 0 0 0 0 0 0 0 0
72.9202 0 1 0 0 0 0 0 0 0
74.0849 1 0 0 0 0 0 0 0 0
75.9913 0 1 0 0 0 0 0 0 0
77.466 0 0 0 1 0 0 0 0 0
80.4231 0 0 0 0 1 0 0 0 0
83.8142 0 0 0 1 0 0 0 0 0
84.8959 0 0 0 0 1 0 0 0 0
85.5047 1 0 0 0 0 0 0 0 0
86.5765 0 1 0 0 0 0 0 0 0
87.0193 1 0 0 0 0 0 0 0 0
87.1633 0 1 0 0 0 0 0 0 0
87.2363 1 0 1 0 0 0 0 0 0
87.3492 0 1 0 0 0 0 0 0 0
89.3797 1 0 0 0 0 0 0 0 0
90.2245 0 1 0 0 0 0 0 0 0
90.6473 1 0 0 0 0 0 0 0 0
91.3691 0 1 0 0 0 0 0 0 0
96.9956 1 0 0 0 0 0 0 0 0
97.9134 0 1 0 0 0 0 0 0 0
98.3043 1 0 0 0 0 0 0 0 0
99.067 0 1 0 0 0 0 0 0 0
100.119 1 0 0 0 0 0 0 0 0
100.603 0 1 0 0 0 0 0 0 0
101.953 1 0 0 0 0 0 0 0 0
102.633 0 1 0 0 0 0 0 0 0
103.2 1 0 0 0 0 0 0 0 0
103.675 0 1 0 0 0 0 0 0 0
105.446 1 0 0 0 0 0 0 0 0
106.364 0 1 0 0 0 0 0 0 0
106.879 1 0 0 0 0 0 0 0 0
107.457 0 1 0 0 0 0 0 0 0
107.745 1 0 0 0 0 0 0 0 0
108.703 0 1 0 0 0 0 0 0 0
109.218 1 0 0 0 0 0 0 0 0
109.703 0 1 0 0 0 0 0 0 0
110.6 1 0 0 0 0 0 0 0 0
111.156 0 1 0 0 0 0 0 0 0
112.403 1 0 0 0 0 0 0 0 0
113.279 0 1 0 0 0 0 0 0 0
114.114 1 0 0 0 0 0 0 0 0
114.29 0 1 0 0 0 0 0 0 0
118 1 0 0 0 0 0 0 0 0
118.834 0 1 0 0 0 0 0 0 0
119.309 1 0 0 0 0 0 0 0 0
120.071 0 1 0 0 0 0 0 0 0
121.493 0 0 0 0 0 1 0 0 0
123.194 0 0 0 0 0 0 1 0 0
143.156 0 0 0 0 0 1 0 0 0
144.011 0 0 0 0 0 0 1 0 0
170.806 1 0 0 0 0 0 0 0 0
171.743 0 1 0 0 0 0 0 0 0
172.176 1 0 0 0 0 0 0 0 0
173.084 0 1 0 0 0 0 0 0 0
173.496 1 0 0 0 0 0 0 0 0
174.063 0 1 0 0 0 0 0 0 0
174.496 1 0 0 0 0 0 0 0 0
175.093 0 1 0 0 0 0 0 0 0
175.412 1 0 0 0 0 0 0 0 0
176.433 0 1 0 0 0 0 0 0 0
177.062 1 0 0 0 0 0 0 0 0
177.67 0 1 0 0 0 0 0 0 0
178.02 1 0 0 0 0 0 0 0 0
178.906 0 1 0 0 0 0 0 0 0
179.658 1 0 0 0 0 0 0 0 0
180.504 0 1 0 0 0 0 0 0 0
183.389 0 0 0 1 0 0 0 0 0
184.791 0 0 0 0 1 0 0 0 0
185.791 0 0 0 1 0 0 0 0 0
188.109 0 0 0 0 1 0 0 0 0
188.975 0 0 0 1 0 0 0 0 0
190.17 0 0 0 0 1 0 0 0 0
190.758 1 0 0 0 0 0 0 0 0
191.438 0 1 0 0 0 0 0 0 0
191.768 1 0 0 0 0 0 0 0 0
192.397 0 1 0 0 0 0 0 0 0
192.665 1 0 0 0 0 0 0 0 0
193.324 0 1 0 0 0 0 0 0 0
193.736 1 0 0 0 0 0 0 0 0
194.427 0 1 0 0 0 0 0 0 0
195.406 0 0 0 1 0 0 0 0 0
196.055 0 0 0 0 1 0 0 0 0
198.291 0 0 0 1 0 0 0 0 0
199.229 0 0 0 0 1 0 0 0 0
200.188 1 0 0 0 0 0 0 0 0
200.981 0 1 0 0 0 0 0 0 0
202.238 1 0 0 0 0 0 0 0 0
203.187 0 1 0 0 0 0 0 0 0
206.784 1 0 0 0 0 0 0 0 0
207.33 0 1 0 0 0 0 0 0 0
209.494 1 0 0 0 0 0 0 0 0
210.009 0 1 0 0 0 0 0 0 0
211.75 1 0 0 0 0 0 0 0 0
212.461 0 1 0 0 0 0 0 0 0
213.544 1 0 0 0 0 0 0 0 0
214.647 0 1 0 0 0 0 0 0 0
215.007 1 0 0 0 0 0 0 0 0
216.46 0 1 0 0 0 0 0 0 0
217.728 1 0 0 0 0 0 0 0 0
218.892 0 1 0 0 0 0 0 0 0
220.985 1 0 0 0 0 0 0 0 0
221.943 0 1 0 0 0 0 0 0 0
224.045 0 0 0 1 0 0 0 0 0
224.922 0 0 0 0 1 0 0 0 0
228.55 1 0 0 0 0 0 0 0 0
229.086 0 1 0 0 0 0 0 0 0
229.457 1 0 0 0 0 0 0 0 0
230.126 0 1 0 0 0 0 0 0 0
232.064 1 0 0 0 0 0 0 0 0
232.291 0 1 0 0 0 0 0 0 0
233.053 0 0 0 1 0 0 0 0 0
233.135 0 0 0 0 1 0 0 0 0
233.372 0 0 0 1 0 0 0 0 0
233.485 0 0 0 0 1 0 0 0 0
233.609 1 0 0 0 0 0 0 0 0
233.733 0 1 0 0 0 0 0 0 0
233.795 1 0 1 0 0 0 0 0 0
233.908 0 1 0 0 0 0 0 0 0
236.454 0 0 0 1 0 0 0 0 0
237.958 0 0 0 0 1 0 0 0 0
241.524 0 0 0 0 0 1 0 0 0
243.761 0 0 0 0 0 0 1 0 0
267.598 1 0 0 0 0 0 0 0 0
268.382 0 1 0 0 0 0 0 0 0
269.969 0 0 0 1 0 0 0 0 0
270.659 0 0 0 0 1 0 0 0 0
272.205 1 0 0 0 0 0 0 0 0
272.308 0 1 0 0 0 0 0 0 0
272.381 1 0 1 0 0 0 0 0 0
272.515 0 1 0 0 0 0 0 0 0
274.297 1 0 0 0 0 0 0 0 0
275.194 0 1 0 0 0 0 0 0 0
275.544 1 0 0 0 0 0 0 0 0
276.039 0 1 0 0 0 0 0 0 0
276.441 1 0 0 0 0 0 0 0 0
276.781 0 1 0 0 0 0 0 0 0
277.564 1 0 0 0 0 0 0 0 0
278.223 0 1 0 0 0 0 0 0 0
278.687 1 0 0 0 0 0 0 0 0
279.255 0 1 0 0 0 0 0 0 0
280.017 1 0 0 0 0 0 0 0 0
280.77 0 1 0 0 0 0 0 0 0
281.325 1 0 0 0 0 0 0 0 0
282.253 0 1 0 0 0 0 0 0 0
282.676 1 0 0 0 0 0 0 0 0
283.315 0 1 0 0 0 0 0 0 0
283.717 1 0 0 0 0 0 0 0 0
284.274 0 1 0 0 0 0 0 0 0
285.366 1 0 0 0 0 0 0 0 0
286.706 0 1 0 0 0 0 0 0 0
288.591 1 0 0 0 0 0 0 0 0
289.241 0 1 0 0 0 0 0 0 0
289.89 1 0 0 0 0 0 0 0 0
290.416 0 1 0 0 0 0 0 0 0
294.683 1 0 0 0 0 0 0 0 0
295.384 0 1 0 0 0 0 0 0 0
296.177 1 0 0 0 0 0 0 0 0
296.785 0 1 0 0 0 0 0 0 0
297.733 1 0 0 0 0 0 0 0 0
298.187 0 1 0 0 0 0 0 0 0
299.052 1 0 0 0 0 0 0 0 0
299.608 0 1 0 0 0 0 0 0 0
300.072 1 0 0 0 0 0 0 0 0
300.649 0 1 0 0 0 0 0 0 0
301.587 1 0 0 0 0 0 0 0 0
302.495 0 1 0 0 0 0 0 0 0
303.298 1 0 0 0 0 0 0 0 0
310.687 0 1 0 0 0 0 0 0 0
311.378 1 0 0 0 0 0 0 0 0
311.543 0 1 0 0 0 0 0 0 0
313.192 1 0 0 0 0 0 0 0 0
313.821 0 1 0 0 0 0 0 0 0
314.429 1 0 0 0 0 0 0 0 0
314.531 0 1 0 0 0 0 0 0 0
314.614 1 0 1 0 0 0 0 0 0
314.738 0 1 0 0 0 0 0 0 0
316.933 1 0 0 0 0 0 0 0 0
317.696 0 1 0 0 0 0 0 0 0
318.169 0 0 0 1 0 0 0 0 0
319.53 0 0 0 0 1 0 0 0 0
325.899 1 0 0 0 0 0 0 0 0
326.435 0 1 0 0 0 0 0 0 0
326.744 1 0 0 0 0 0 0 0 0
326.888 0 1 0 0 0 0 0 0 0
326.961 1 0 1 0 0 0 0 0 0
327.105 0 1 0 0 0 0 0 0 0
329.135 0 0 0 1 0 0 0 0 0
329.434 0 0 0 0 1 0 0 0 0
329.753 0 0 0 1 0 0 0 0 0
331.32 0 0 0 0 1 0 0 0 0
332.052 1 0 0 0 0 0 0 0 0
333.082 0 1 0 0 0 0 0 0 0
333.422 1 0 0 0 0 0 0 0 0
334.411 0 1 0 0 0 0 0 0 0
334.947 1 0 0 0 0 0 0 0 0
336.245 0 1 0 0 0 0 0 0 0
336.658 1 0 0 0 0 0 0 0 0
337.482 0 1 0 0 0 0 0 0 0
338.235 1 0 0 0 0 0 0 0 0
339.286 0 1 0 0 0 0 0 0 0
340.925 0 0 0 1 0 0 0 0 0
341.626 0 0 0 0 1 0 0 0 0
342.048 1 0 0 0 0 0 0 0 0
343.614 0 1 0 0 0 0 0 0 0
345.913 1 0 0 0 0 0 0 0 0
347.252 0 1 0 0 0 0 0 0 0
347.489 1 0 0 0 0 0 0 0 0
347.541 0 1 0 0 0 0 0 0 0
348.314 1 0 0 0 0 0 0 0 0
349.128 0 1 0 0 0 0 0 0 0
350.077 1 0 0 0 0 0 0 0 0
350.962 0 1 0 0 0 0 0 0 0
353.127 1 0 0 0 0 0 0 0 0
353.828 0 1 0 0 0 0 0 0 0
357.847 1 0 0 0 0 0 0 0 0
358.578 0 1 0 0 0 0 0 0 0
359.671 1 0 0 0 0 0 0 0 0
360.485 0 1 0 0 0 0 0 0 0
