3.09794 0 0 0 0 0 1 0 0 0
5.20036 0 0 0 0 0 0 1 0 0
29.6867 1 0 0 0 0 0 0 0 0
30.7485 0 1 0 0 0 0 0 0 0
33.6238 0 0 0 1 0 0 0 0 0
36.5818 0 0 0 0 1 0 0 0 0
37.6335 0 0 0 1 0 0 0 0 0
39.0242 0 0 0 0 1 0 0 0 0
39.2622 0 0 0 1 0 0 0 0 0
39.9829 0 0 0 0 1 0 0 0 0
41.1476 1 0 0 0 0 0 0 0 0
41.9923 0 1 0 0 0 0 0 0 0
43.8378 1 0 0 0 0 0 0 0 0
45.8683 0 1 0 0 0 0 0 0 0
47.4238 1 0 0 0 0 0 0 0 0
48.9084 0 1 0 0 0 0 0 0 0
49.5782 1 0 0 0 0 0 0 0 0
50.7739 0 1 0 0 0 0 0 0 0
54.4839 1 0 0 0 0 0 0 0 0
54.5869 0 1 0 0 0 0 0 0 0
54.6698 1 0 1 0 0 0 0 0 0
54.7728 0 1 0 0 0 0 0 0 0
58.3089 1 0 0 0 0 0 0 0 0
59.7504 0 1 0 0 0 0 0 0 0
60.5852 1 0 0 0 0 0 0 0 0
61.41 0 1 0 0 0 0 0 0 0
62.2857 0 0 0 1 0 0 0 0 0
64.1412 0 0 0 0 1 0 0 0 0
66.1307 0 0 0 1 0 0 0 0 0
66.5626 0 0 0 0 1 0 0 0 0
77.1776 1 0 0 0 0 0 0 0 0
77.2606 0 1 0 0 0 0 0 0 0
77.3326 1 0 1 0 0 0 0 0 0
77.4566 0 1 0 0 0 0 0 0 0
82.4752 0 0 0 0 0 1 0 0 0
83.9698 0 0 0 0 0 0 1 0 0
104.387 0 0 0 1 0 0 0 0 0
107.396 0 0 0 0 1 0 0 0 0
109.066 1 0 0 0 0 0 0 0 0
110.139 0 1 0 0 0 0 0 0 0
115.528 1 0 0 0 0 0 0 0 0
116.107 0 1 0 0 0 0 0 0 0
120.054 1 0 0 0 0 0 0 0 0
120.156 0 1 0 0 0 0 0 0 0
120.238 1 0 1 0 0 0 0 0 0
120.331 0 1 0 0 0 0 0 0 0
124.083 1 0 0 0 0 0 0 0 0
124.671 0 1 0 0 0 0 0 0 0
127.948 1 0 0 0 0 0 0 0 0
128.072 0 1 0 0 0 0 0 0 0
128.164 1 0 1 0 0 0 0 0 0
128.268 0 1 0 0 0 0 0 0 0
130.741 0 0 0 1 0 0 0 0 0
132.884 0 0 0 0 1 0 0 0 0
133.678 0 0 0 1 0 0 0 0 0
134.358 0 0 0 0 1 0 0 0 0
140.109 1 0 0 0 0 0 0 0 0
140.181 0 1 0 0 0 0 0 0 0
140.264 1 0 1 0 0 0 0 0 0
140.367 0 1 0 0 0 0 0 0 0
141.738 1 0 0 0 0 0 0 0 0
142.799 0 1 0 0 0 0 0 0 0
144.036 1 0 0 0 0 0 0 0 0
145.149 0 1 0 0 0 0 0 0 0
150.344 1 0 0 0 0 0 0 0 0
150.447 0 1 0 0 0 0 0 0 0
150.528 1 0 1 0 0 0 0 0 0
150.642 0 1 0 0 0 0 0 0 0
152.765 1 0 0 0 0 0 0 0 0
154.137 0 1 0 0 0 0 0 0 0
155.104 1 0 0 0 0 0 0 0 0
155.764 0 1 0 0 0 0 0 0 0
157.3 0 0 0 1 0 0 0 0 0
158.702 0 0 0 0 1 0 0 0 0
160.65 1 0 0 0 0 0 0 0 0
162.009 0 1 0 0 0 0 0 0 0
167.193 1 0 0 0 0 0 0 0 0
167.297 0 1 0 0 0 0 0 0 0
167.369 1 0 1 0 0 0 0 0 0
167.482 0 1 0 0 0 0 0 0 0
169.584 1 0 0 0 0 0 0 0 0
170.996 0 1 0 0 0 0 0 0 0
171.677 1 0 0 0 0 0 0 0 0
172.614 0 1 0 0 0 0 0 0 0
173.511 1 0 0 0 0 0 0 0 0
174.665 0 1 0 0 0 0 0 0 0
176.139 0 0 0 1 0 0 0 0 0
176.788 0 0 0 0 1 0 0 0 0
177.397 1 0 0 0 0 0 0 0 0
177.51 0 1 0 0 0 0 0 0 0
177.592 1 0 1 0 0 0 0 0 0
177.695 0 1 0 0 0 0 0 0 0
179.642 1 0 0 0 0 0 0 0 0
180.529 0 1 0 0 0 0 0 0 0
182.086 0 0 0 0 0 1 0 0 0
183.467 0 0 0 0 0 0 1 0 0
211.19 0 0 0 1 0 0 0 0 0
212.334 0 0 0 0 1 0 0 0 0
213.282 1 0 0 0 0 0 0 0 0
214.086 0 1 0 0 0 0 0 0 0
214.663 1 0 0 0 0 0 0 0 0
215.446 0 1 0 0 0 0 0 0 0
216.044 1 0 0 0 0 0 0 0 0
217.342 0 1 0 0 0 0 0 0 0
218.311 1 0 0 0 0 0 0 0 0
219.239 0 1 0 0 0 0 0 0 0
220.331 1 0 0 0 0 0 0 0 0
221.97 0 1 0 0 0 0 0 0 0
225.288 1 0 0 0 0 0 0 0 0
225.382 0 1 0 0 0 0 0 0 0
225.474 1 0 1 0 0 0 0 0 0
225.556 0 1 0 0 0 0 0 0 0
229.895 0 0 0 1 0 0 0 0 0
231.616 0 0 0 0 1 0 0 0 0
232.77 0 0 0 1 0 0 0 0 0
234.377 0 0 0 0 1 0 0 0 0
235.512 1 0 0 0 0 0 0 0 0
236.295 0 1 0 0 0 0 0 0 0
237.13 1 0 0 0 0 0 0 0 0
237.718 0 1 0 0 0 0 0 0 0
239.737 1 0 0 0 0 0 0 0 0
240.521 0 1 0 0 0 0 0 0 0
242.54 1 0 0 0 0 0 0 0 0
243.695 0 1 0 0 0 0 0 0 0
249.352 1 0 0 0 0 0 0 0 0
249.476 0 1 0 0 0 0 0 0 0
249.569 1 0 1 0 0 0 0 0 0
249.661 0 1 0 0 0 0 0 0 0
253.021 0 0 0 1 0 0 0 0 0
255.681 0 0 0 0 1 0 0 0 0
263.616 1 0 0 0 0 0 0 0 0
263.74 0 1 0 0 0 0 0 0 0
263.811 1 0 1 0 0 0 0 0 0
263.925 0 1 0 0 0 0 0 0 0
265.523 1 0 0 0 0 0 0 0 0
266.842 0 1 0 0 0 0 0 0 0
270.192 1 0 0 0 0 0 0 0 0
270.573 0 1 0 0 0 0 0 0 0
273.85 1 0 0 0 0 0 0 0 0
273.974 0 1 0 0 0 0 0 0 0
274.036 1 0 1 0 0 0 0 0 0
274.149 0 1 0 0 0 0 0 0 0
274.839 1 0 0 0 0 0 0 0 0
275.921 0 1 0 0 0 0 0 0 0
276.261 1 0 0 0 0 0 0 0 0
277.468 0 1 0 0 0 0 0 0 0
277.973 1 0 0 0 0 0 0 0 0
278.817 0 1 0 0 0 0 0 0 0
279.497 1 0 0 0 0 0 0 0 0
280.734 0 1 0 0 0 0 0 0 0
281.745 0 0 0 0 0 1 0 0 0
284.012 0 0 0 0 0 0 1 0 0
305.346 0 0 0 1 0 0 0 0 0
306.387 0 0 0 0 1 0 0 0 0
309.458 1 0 0 0 0 0 0 0 0
310.788 0 1 0 0 0 0 0 0 0
313.127 1 0 0 0 0 0 0 0 0
314.529 0 1 0 0 0 0 0 0 0
315.003 1 0 0 0 0 0 0 0 0
316.157 0 1 0 0 0 0 0 0 0
317.765 1 0 0 0 0 0 0 0 0
317.93 0 1 0 0 0 0 0 0 0
317.982 1 0 1 0 0 0 0 0 0
318.126 0 1 0 0 0 0 0 0 0
319.692 1 0 0 0 0 0 0 0 0
321.084 0 1 0 0 0 0 0 0 0
323.887 1 0 0 0 0 0 0 0 0
325.32 0 1 0 0 0 0 0 0 0
329.041 1 0 0 0 0 0 0 0 0
329.154 0 1 0 0 0 0 0 0 0
329.266 1 0 1 0 0 0 0 0 0
329.359 0 1 0 0 0 0 0 0 0
331.761 1 0 0 0 0 0 0 0 0
332.648 0 1 0 0 0 0 0 0 0
333.265 1 0 0 0 0 0 0 0 0
333.987 0 1 0 0 0 0 0 0 0
334.678 1 0 0 0 0 0 0 0 0
335.822 0 1 0 0 0 0 0 0 0
338.172 1 0 0 0 0 0 0 0 0
339.192 0 1 0 0 0 0 0 0 0
339.697 1 0 0 0 0 0 0 0 0
340.655 0 1 0 0 0 0 0 0 0
342.273 0 0 0 1 0 0 0 0 0
343.789 0 0 0 0 1 0 0 0 0
347.138 1 0 0 0 0 0 0 0 0
348.426 0 1 0 0 0 0 0 0 0
349.251 1 0 0 0 0 0 0 0 0
350.189 0 1 0 0 0 0 0 0 0
351.714 1 0 0 0 0 0 0 0 0
352.6 0 1 0 0 0 0 0 0 0
353.899 1 0 0 0 0 0 0 0 0
355.084 0 1 0 0 0 0 0 0 0
361.629 1 0 0 0 0 0 0 0 0
361.722 0 1 0 0 0 0 0 0 0
361.804 1 0 1 0 0 0 0 0 0
361.897 0 1 0 0 0 0 0 0 0
366.575 1 0 0 0 0 0 0 0 0
367.297 0 1 0 0 0 0 0 0 0
368.152 1 0 0 0 0 0 0 0 0
368.678 0 1 0 0 0 0 0 0 0
