14.2599 1 0 0 0 0 0 0 0 0
15.3526 0 1 0 0 0 0 0 0 0
15.7435 1 0 0 0 0 0 0 0 0
16.5893 0 1 0 0 0 0 0 0 0
16.8882 1 0 0 0 0 0 0 0 0
18.4338 0 1 0 0 0 0 0 0 0
18.6917 1 0 0 0 0 0 0 0 0
20.5672 0 1 0 0 0 0 0 0 0
23.5664 1 0 0 0 0 0 0 0 0
23.6904 0 1 0 0 0 0 0 0 0
23.7933 1 0 1 0 0 0 0 0 0
23.8963 0 1 0 0 0 0 0 0 0
28.73 1 0 0 0 0 0 0 0 0
30.1836 0 1 0 0 0 0 0 0 0
30.7814 1 0 0 0 0 0 0 0 0
31.4513 0 1 0 0 0 0 0 0 0
32.0181 1 0 0 0 0 0 0 0 0
33.1208 0 1 0 0 0 0 0 0 0
33.4297 1 0 0 0 0 0 0 0 0
34.5325 0 1 0 0 0 0 0 0 0
35.4292 1 0 0 0 0 0 0 0 0
36.1609 0 1 0 0 0 0 0 0 0
36.5939 1 0 0 0 0 0 0 0 0
37.7166 0 1 0 0 0 0 0 0 0
38.4483 1 0 0 0 0 0 0 0 0
39.1502 0 1 0 0 0 0 0 0 0
39.727 1 0 0 0 0 0 0 0 0
40.1699 0 1 0 0 0 0 0 0 0
40.9327 1 0 0 0 0 0 0 0 0
42.2623 0 1 0 0 0 0 0 0 0
45.4984 1 0 0 0 0 0 0 0 0
46.1273 0 1 0 0 0 0 0 0 0
46.7561 1 0 0 0 0 0 0 0 0
48.0237 0 1 0 0 0 0 0 0 0
49.1264 1 0 0 0 0 0 0 0 0
50.0442 0 1 0 0 0 0 0 0 0
51.2189 1 0 0 0 0 0 0 0 0
51.8887 0 1 0 0 0 0 0 0 0
53.8681 1 0 0 0 0 0 0 0 0
54.527 0 1 0 0 0 0 0 0 0
57.3102 0 0 0 1 0 0 0 0 0
58.4749 0 0 0 0 1 0 0 0 0
60.6903 0 0 0 1 0 0 0 0 0
61.494 0 0 0 0 1 0 0 0 0
62.0819 1 0 0 0 0 0 0 0 0
63.0506 0 1 0 0 0 0 0 0 0
63.5865 1 0 0 0 0 0 0 0 0
64.5453 0 1 0 0 0 0 0 0 0
66.0598 1 0 0 0 0 0 0 0 0
66.2248 0 1 0 0 0 0 0 0 0
66.7706 0 0 0 1 0 0 0 0 0
67.6984 0 0 0 0 1 0 0 0 0
69.007 0 0 0 1 0 0 0 0 0
70.7695 0 0 0 0 1 0 0 0 0
71.5223 1 0 0 0 0 0 0 0 0
72.1202 0 1 0 0 0 0 0 0 0
72.635 1 0 0 0 0 0 0 0 0
73.3768 0 1 0 0 0 0 0 0 0
80.4159 1 0 0 0 0 0 0 0 0
81.1787 0 1 0 0 0 0 0 0 0
81.5806 1 0 0 0 0 0 0 0 0
82.2404 0 1 0 0 0 0 0 0 0
83.1062 1 0 0 0 0 0 0 0 0
83.2202 0 1 0 0 0 0 0 0 0
83.3121 1 0 1 0 0 0 0 0 0
83.4051 0 1 0 0 0 0 0 0 0
89.1246 1 0 0 0 0 0 0 0 0
90.3202 0 1 0 0 0 0 0 0 0
91.8048 0 0 0 0 0 1 0 0 0
93.4743 0 0 0 0 0 0 1 0 0
112.819 0 0 0 1 0 0 0 0 0
114.056 0 0 0 0 1 0 0 0 0
114.808 1 0 0 0 0 0 0 0 0
116.096 0 1 0 0 0 0 0 0 0
116.725 1 0 0 0 0 0 0 0 0
117.467 0 1 0 0 0 0 0 0 0
118.116 1 0 0 0 0 0 0 0 0
118.755 0 1 0 0 0 0 0 0 0
119.775 0 0 0 1 0 0 0 0 0
121.332 0 0 0 0 1 0 0 0 0
122.764 0 0 0 1 0 0 0 0 0
123.671 0 0 0 0 1 0 0 0 0
125.083 1 0 0 0 0 0 0 0 0
125.897 0 1 0 0 0 0 0 0 0
127.051 1 0 0 0 0 0 0 0 0
127.154 0 1 0 0 0 0 0 0 0
127.268 1 0 1 0 0 0 0 0 0
128.763 0 1 0 0 0 0 0 0 0
129.989 1 0 0 0 0 0 0 0 0
131.03 0 1 0 0 0 0 0 0 0
132.751 0 0 0 1 0 0 0 0 0
134.771 0 0 0 0 1 0 0 0 0
135.626 0 0 0 1 0 0 0 0 0
136.42 0 0 0 0 1 0 0 0 0
138.677 0 0 0 1 0 0 0 0 0
139.584 0 0 0 0 1 0 0 0 0
142.397 1 0 0 0 0 0 0 0 0
142.459 0 1 0 0 0 0 0 0 0
142.562 1 0 1 0 0 0 0 0 0
142.655 0 1 0 0 0 0 0 0 0
149.467 1 0 0 0 0 0 0 0 0
149.55 0 1 0 0 0 0 0 0 0
149.663 1 0 1 0 0 0 0 0 0
149.756 0 1 0 0 0 0 0 0 0
150.477 1 0 0 0 0 0 0 0 0
151.714 0 1 0 0 0 0 0 0 0
152.208 1 0 0 0 0 0 0 0 0
152.786 0 1 0 0 0 0 0 0 0
153.147 1 0 0 0 0 0 0 0 0
153.951 0 1 0 0 0 0 0 0 0
154.363 1 0 0 0 0 0 0 0 0
154.868 0 1 0 0 0 0 0 0 0
155.444 1 0 0 0 0 0 0 0 0
156.136 0 1 0 0 0 0 0 0 0
157.671 1 0 0 0 0 0 0 0 0
158.712 0 1 0 0 0 0 0 0 0
159.288 1 0 0 0 0 0 0 0 0
159.959 0 1 0 0 0 0 0 0 0
160.474 1 0 0 0 0 0 0 0 0
161.979 0 1 0 0 0 0 0 0 0
162.422 1 0 0 0 0 0 0 0 0
163.277 0 1 0 0 0 0 0 0 0
164.081 1 0 0 0 0 0 0 0 0
165.03 0 1 0 0 0 0 0 0 0
169.255 1 0 0 0 0 0 0 0 0
170.656 0 1 0 0 0 0 0 0 0
171.811 0 0 0 0 0 1 0 0 0
174.521 0 0 0 0 0 0 1 0 0
178.819 0 0 0 0 0 1 0 0 0
180.499 0 0 0 0 0 0 1 0 0
183.014 0 0 0 0 0 1 0 0 0
184.127 0 0 0 0 0 0 1 0 0
187.971 0 0 0 0 0 1 0 0 0
189.228 0 0 0 0 0 0 1 0 0
193.783 0 0 0 0 0 1 0 0 0
195.34 0 0 0 0 0 0 1 0 0
214.539 0 0 0 1 0 0 0 0 0
215.674 0 0 0 0 1 0 0 0 0
216.23 0 0 0 1 0 0 0 0 0
218.424 0 0 0 0 1 0 0 0 0
219.435 1 0 0 0 0 0 0 0 0
220.487 0 1 0 0 0 0 0 0 0
221.321 1 0 0 0 0 0 0 0 0
221.981 0 1 0 0 0 0 0 0 0
225.515 1 0 0 0 0 0 0 0 0
226.278 0 1 0 0 0 0 0 0 0
227.258 1 0 0 0 0 0 0 0 0
227.825 0 1 0 0 0 0 0 0 0
227.979 1 0 0 0 0 0 0 0 0
228.083 0 1 0 0 0 0 0 0 0
228.165 1 0 1 0 0 0 0 0 0
228.257 0 1 0 0 0 0 0 0 0
230.081 1 0 0 0 0 0 0 0 0
231.009 0 1 0 0 0 0 0 0 0
234.864 1 0 0 0 0 0 0 0 0
236.09 0 1 0 0 0 0 0 0 0
237.1 1 0 0 0 0 0 0 0 0
239.202 0 1 0 0 0 0 0 0 0
240.996 1 0 0 0 0 0 0 0 0
241.727 0 1 0 0 0 0 0 0 0
243.716 1 0 0 0 0 0 0 0 0
244.675 0 1 0 0 0 0 0 0 0
245.159 1 0 0 0 0 0 0 0 0
245.881 0 1 0 0 0 0 0 0 0
246.252 1 0 0 0 0 0 0 0 0
246.942 0 1 0 0 0 0 0 0 0
247.251 1 0 0 0 0 0 0 0 0
249.55 0 1 0 0 0 0 0 0 0
249.839 1 0 0 0 0 0 0 0 0
250.528 0 1 0 0 0 0 0 0 0
254.919 1 0 0 0 0 0 0 0 0
255.496 0 1 0 0 0 0 0 0 0
256.002 0 0 0 1 0 0 0 0 0
256.96 0 0 0 0 1 0 0 0 0
257.773 1 0 0 0 0 0 0 0 0
258.268 0 1 0 0 0 0 0 0 0
259.083 1 0 0 0 0 0 0 0 0
259.196 0 1 0 0 0 0 0 0 0
259.278 1 0 1 0 0 0 0 0 0
259.392 0 1 0 0 0 0 0 0 0
262.267 0 0 0 0 0 1 0 0 0
264.04 0 0 0 0 0 0 1 0 0
292.619 1 0 0 0 0 0 0 0 0
293.402 0 1 0 0 0 0 0 0 0
293.794 1 0 0 0 0 0 0 0 0
294.093 0 1 0 0 0 0 0 0 0
294.731 0 0 0 1 0 0 0 0 0
296.081 0 0 0 0 1 0 0 0 0
298.163 1 0 0 0 0 0 0 0 0
298.256 0 1 0 0 0 0 0 0 0
298.349 1 0 1 0 0 0 0 0 0
298.452 0 1 0 0 0 0 0 0 0
300.153 1 0 0 0 0 0 0 0 0
301.873 0 1 0 0 0 0 0 0 0
304.214 0 0 0 1 0 0 0 0 0
304.512 0 0 0 0 1 0 0 0 0
304.964 1 0 0 0 0 0 0 0 0
305.923 0 1 0 0 0 0 0 0 0
307.572 1 0 0 0 0 0 0 0 0
308.922 0 1 0 0 0 0 0 0 0
313.096 1 0 0 0 0 0 0 0 0
314.147 0 1 0 0 0 0 0 0 0
317.291 0 0 0 1 0 0 0 0 0
317.879 0 0 0 0 1 0 0 0 0
318.816 1 0 0 0 0 0 0 0 0
319.167 0 1 0 0 0 0 0 0 0
319.671 0 0 0 1 0 0 0 0 0
320.362 0 0 0 0 1 0 0 0 0
325.897 1 0 0 0 0 0 0 0 0
326.453 0 1 0 0 0 0 0 0 0
326.711 1 0 0 0 0 0 0 0 0
326.813 0 1 0 0 0 0 0 0 0
326.916 1 0 1 0 0 0 0 0 0
327.029 0 1 0 0 0 0 0 0 0
329.617 0 0 0 1 0 0 0 0 0
332.059 0 0 0 0 1 0 0 0 0
333.843 1 0 0 0 0 0 0 0 0
336.326 0 1 0 0 0 0 0 0 0
337.254 1 0 0 0 0 0 0 0 0
338.892 0 1 0 0 0 0 0 0 0
339.284 1 0 0 0 0 0 0 0 0
340.438 0 1 0 0 0 0 0 0 0
344.035 1 0 0 0 0 0 0 0 0
344.149 0 1 0 0 0 0 0 0 0
344.221 1 0 1 0 0 0 0 0 0
344.355 0 1 0 0 0 0 0 0 0
347.23 0 0 0 1 0 0 0 0 0
348.744 0 0 0 0 1 0 0 0 0
352.372 1 0 0 0 0 0 0 0 0
353.702 0 1 0 0 0 0 0 0 0
354.177 1 0 0 0 0 0 0 0 0
355.609 0 1 0 0 0 0 0 0 0
356.154 1 0 0 0 0 0 0 0 0
357.412 0 1 0 0 0 0 0 0 0
358.114 0 0 0 1 0 0 0 0 0
358.897 0 0 0 0 1 0 0 0 0
359.978 0 0 0 1 0 0 0 0 0
360.741 0 0 0 0 1 0 0 0 0
