5.02733 0 0 0 0 0 1 0 0 0
7.18171 0 0 0 0 0 0 1 0 0
14.2738 0 0 0 0 0 1 0 0 0
16.4072 0 0 0 0 0 0 1 0 0
21.3949 0 0 0 0 0 1 0 0 0
22.8484 0 0 0 0 0 0 1 0 0
41.9483 0 0 0 1 0 0 0 0 0
42.7311 0 0 0 0 1 0 0 0 0
44.0097 1 0 0 0 0 0 0 0 0
44.1127 0 1 0 0 0 0 0 0 0
44.1847 1 0 1 0 0 0 0 0 0
44.2976 0 1 0 0 0 0 0 0 0
45.2055 1 0 0 0 0 0 0 0 0
53.6881 0 1 0 0 0 0 0 0 0
55.2656 0 0 0 1 0 0 0 0 0
56.7912 0 0 0 0 1 0 0 0 0
63.2944 1 0 0 0 0 0 0 0 0
64.83 0 1 0 0 0 0 0 0 0
65.3558 1 0 0 0 0 0 0 0 0
66.1186 0 1 0 0 0 0 0 0 0
67.0873 1 0 0 0 0 0 0 0 0
67.8811 0 1 0 0 0 0 0 0 0
69.4067 1 0 0 0 0 0 0 0 0
69.5097 0 1 0 0 0 0 0 0 0
69.5917 1 0 1 0 0 0 0 0 0
69.7158 0 1 0 0 0 0 0 0 0
72.076 1 0 0 0 0 0 0 0 0
73.1377 0 1 0 0 0 0 0 0 0
75.0442 0 0 0 1 0 0 0 0 0
76.9096 0 0 0 0 1 0 0 0 0
81.6203 1 0 0 0 0 0 0 0 0
81.6924 0 1 0 0 0 0 0 0 0
81.7953 1 0 1 0 0 0 0 0 0
81.8883 0 1 0 0 0 0 0 0 0
86.485 1 0 0 0 0 0 0 0 0
87.2988 0 1 0 0 0 0 0 0 0
93.844 0 0 0 1 0 0 0 0 0
94.5248 0 0 0 0 1 0 0 0 0
95.0087 1 0 0 0 0 0 0 0 0
95.2776 0 1 0 0 0 0 0 0 0
96.0804 1 0 0 0 0 0 0 0 0
96.1943 0 1 0 0 0 0 0 0 0
96.2873 1 0 1 0 0 0 0 0 0
96.3803 0 1 0 0 0 0 0 0 0
99.0906 1 0 0 0 0 0 0 0 0
99.7814 0 1 0 0 0 0 0 0 0
100.595 1 0 0 0 0 0 0 0 0
101.358 0 1 0 0 0 0 0 0 0
102.224 1 0 0 0 0 0 0 0 0
103.481 0 1 0 0 0 0 0 0 0
104.935 1 0 0 0 0 0 0 0 0
106.255 0 1 0 0 0 0 0 0 0
108.49 1 0 0 0 0 0 0 0 0
109.532 0 1 0 0 0 0 0 0 0
110.768 0 0 0 1 0 0 0 0 0
110.995 0 0 0 0 1 0 0 0 0
111.263 0 0 0 1 0 0 0 0 0
111.428 0 0 0 0 1 0 0 0 0
112.088 0 0 0 1 0 0 0 0 0
112.716 0 0 0 0 1 0 0 0 0
114.334 1 0 0 0 0 0 0 0 0
115.499 0 1 0 0 0 0 0 0 0
116.767 1 0 0 0 0 0 0 0 0
118.127 0 1 0 0 0 0 0 0 0
131.754 1 0 0 0 0 0 0 0 0
131.837 0 1 0 0 0 0 0 0 0
131.959 1 0 1 0 0 0 0 0 0
132.042 0 1 0 0 0 0 0 0 0
135.866 1 0 0 0 0 0 0 0 0
136.453 0 1 0 0 0 0 0 0 0
137.206 1 0 0 0 0 0 0 0 0
137.309 0 1 0 0 0 0 0 0 0
137.381 1 0 1 0 0 0 0 0 0
137.495 0 1 0 0 0 0 0 0 0
139.36 1 0 0 0 0 0 0 0 0
140.927 0 1 0 0 0 0 0 0 0
142.185 1 0 0 0 0 0 0 0 0
142.288 0 1 0 0 0 0 0 0 0
143.452 1 0 0 0 0 0 0 0 0
144.07 0 1 0 0 0 0 0 0 0
144.545 0 0 0 1 0 0 0 0 0
145.194 0 0 0 0 1 0 0 0 0
151.183 1 0 0 0 0 0 0 0 0
152.224 0 1 0 0 0 0 0 0 0
154.78 0 0 0 1 0 0 0 0 0
155.759 0 0 0 0 1 0 0 0 0
159.851 1 0 0 0 0 0 0 0 0
160.666 0 1 0 0 0 0 0 0 0
166.376 1 0 0 0 0 0 0 0 0
167.88 0 1 0 0 0 0 0 0 0
168.334 1 0 0 0 0 0 0 0 0
168.869 0 1 0 0 0 0 0 0 0
172.106 1 0 0 0 0 0 0 0 0
173.106 0 1 0 0 0 0 0 0 0
174.199 1 0 0 0 0 0 0 0 0
175.529 0 1 0 0 0 0 0 0 0
178.085 1 0 0 0 0 0 0 0 0
178.198 0 1 0 0 0 0 0 0 0
178.271 1 0 1 0 0 0 0 0 0
178.374 0 1 0 0 0 0 0 0 0
183.702 0 0 0 0 0 1 0 0 0
185.476 0 0 0 0 0 0 1 0 0
221.746 1 0 0 0 0 0 0 0 0
222.499 0 1 0 0 0 0 0 0 0
222.973 1 0 0 0 0 0 0 0 0
223.91 0 1 0 0 0 0 0 0 0
224.23 1 0 0 0 0 0 0 0 0
225.137 0 1 0 0 0 0 0 0 0
225.797 1 0 0 0 0 0 0 0 0
226.549 0 1 0 0 0 0 0 0 0
227.219 1 0 0 0 0 0 0 0 0
231.197 0 1 0 0 0 0 0 0 0
232.775 1 0 0 0 0 0 0 0 0
234.815 0 1 0 0 0 0 0 0 0
235.856 0 0 0 1 0 0 0 0 0
237.732 0 0 0 0 1 0 0 0 0
238.948 0 0 0 1 0 0 0 0 0
240.402 0 0 0 0 1 0 0 0 0
247.874 1 0 0 0 0 0 0 0 0
248.019 0 1 0 0 0 0 0 0 0
248.101 1 0 1 0 0 0 0 0 0
248.235 0 1 0 0 0 0 0 0 0
252.893 1 0 0 0 0 0 0 0 0
253.884 0 1 0 0 0 0 0 0 0
254.275 1 0 0 0 0 0 0 0 0
255.574 0 1 0 0 0 0 0 0 0
256.79 1 0 0 0 0 0 0 0 0
257.779 0 1 0 0 0 0 0 0 0
258.604 1 0 0 0 0 0 0 0 0
259.758 0 1 0 0 0 0 0 0 0
260.387 1 0 0 0 0 0 0 0 0
261.634 0 1 0 0 0 0 0 0 0
262.15 1 0 0 0 0 0 0 0 0
263.417 0 1 0 0 0 0 0 0 0
264.046 1 0 0 0 0 0 0 0 0
265.18 0 1 0 0 0 0 0 0 0
266.922 0 0 0 1 0 0 0 0 0
268.932 0 0 0 0 1 0 0 0 0
281.146 1 0 0 0 0 0 0 0 0
281.712 0 1 0 0 0 0 0 0 0
282.352 1 0 0 0 0 0 0 0 0
282.424 0 1 0 0 0 0 0 0 0
282.527 1 0 1 0 0 0 0 0 0
282.63 0 1 0 0 0 0 0 0 0
285.011 1 0 0 0 0 0 0 0 0
286.3 0 1 0 0 0 0 0 0 0
286.733 1 0 0 0 0 0 0 0 0
287.825 0 1 0 0 0 0 0 0 0
288.362 1 0 0 0 0 0 0 0 0
289.804 0 1 0 0 0 0 0 0 0
291.01 1 0 0 0 0 0 0 0 0
292.267 0 1 0 0 0 0 0 0 0
293.36 1 0 0 0 0 0 0 0 0
294.329 0 1 0 0 0 0 0 0 0
294.69 1 0 0 0 0 0 0 0 0
296.081 0 1 0 0 0 0 0 0 0
300.152 1 0 0 0 0 0 0 0 0
300.709 0 1 0 0 0 0 0 0 0
321.879 0 0 0 1 0 0 0 0 0
324.467 0 0 0 0 1 0 0 0 0
325.446 1 0 0 0 0 0 0 0 0
326.58 0 1 0 0 0 0 0 0 0
328.168 0 0 0 1 0 0 0 0 0
329.229 0 0 0 0 1 0 0 0 0
339.628 0 0 0 1 0 0 0 0 0
341.081 0 0 0 0 1 0 0 0 0
342.958 1 0 0 0 0 0 0 0 0
343.061 0 1 0 0 0 0 0 0 0
343.132 1 0 1 0 0 0 0 0 0
343.235 0 1 0 0 0 0 0 0 0
345.988 0 0 0 1 0 0 0 0 0
347.111 0 0 0 0 1 0 0 0 0
356.378 1 0 0 0 0 0 0 0 0
356.501 0 1 0 0 0 0 0 0 0
356.574 1 0 1 0 0 0 0 0 0
356.666 0 1 0 0 0 0 0 0 0
