19.0891 0 0 0 1 0 0 0 0 0
22.4802 0 0 0 0 1 0 0 0 0
24.9025 1 0 0 0 0 0 0 0 0
26.2522 0 1 0 0 0 0 0 0 0
31.0349 1 0 0 0 0 0 0 0 0
31.1279 0 1 0 0 0 0 0 0 0
31.2098 1 0 1 0 0 0 0 0 0
31.303 0 1 0 0 0 0 0 0 0
34.7449 1 0 0 0 0 0 0 0 0
35.4767 0 1 0 0 0 0 0 0 0
36.1155 1 0 0 0 0 0 0 0 0
36.7133 0 1 0 0 0 0 0 0 0
38.1459 1 0 0 0 0 0 0 0 0
39.1667 0 1 0 0 0 0 0 0 0
53.9776 0 0 0 1 0 0 0 0 0
57.5017 0 0 0 0 1 0 0 0 0
58.3985 1 0 0 0 0 0 0 0 0
59.7071 0 1 0 0 0 0 0 0 0
60.7688 1 0 0 0 0 0 0 0 0
61.5006 0 1 0 0 0 0 0 0 0
62.1494 0 0 0 1 0 0 0 0 0
62.9952 0 0 0 0 1 0 0 0 0
69.3434 1 0 0 0 0 0 0 0 0
70.0853 0 1 0 0 0 0 0 0 0
71.4769 1 0 0 0 0 0 0 0 0
72.3426 0 1 0 0 0 0 0 0 0
73.4763 0 0 0 1 0 0 0 0 0
74.682 0 0 0 0 1 0 0 0 0
77.4752 1 0 0 0 0 0 0 0 0
79.1348 0 1 0 0 0 0 0 0 0
86.5448 1 0 0 0 0 0 0 0 0
86.6687 0 1 0 0 0 0 0 0 0
86.7606 1 0 1 0 0 0 0 0 0
86.8537 0 1 0 0 0 0 0 0 0
90.7496 0 0 0 1 0 0 0 0 0
91.4714 0 0 0 0 1 0 0 0 0
91.9453 1 0 0 0 0 0 0 0 0
92.78 0 1 0 0 0 0 0 0 0
93.5118 1 0 0 0 0 0 0 0 0
93.5948 0 1 0 0 0 0 0 0 0
93.8828 1 0 1 0 0 0 0 0 0
94.0167 0 1 0 0 0 0 0 0 0
94.9654 1 0 0 0 0 0 0 0 0
96.408 0 1 0 0 0 0 0 0 0
97.5827 0 0 0 1 0 0 0 0 0
98.5205 0 0 0 0 1 0 0 0 0
99.6961 1 0 0 0 0 0 0 0 0
100.532 0 1 0 0 0 0 0 0 0
101.582 1 0 0 0 0 0 0 0 0
102.324 0 1 0 0 0 0 0 0 0
102.88 1 0 0 0 0 0 0 0 0
103.55 0 1 0 0 0 0 0 0 0
104.375 1 0 0 0 0 0 0 0 0
105.128 0 1 0 0 0 0 0 0 0
106.24 1 0 0 0 0 0 0 0 0
107.168 0 1 0 0 0 0 0 0 0
107.766 1 0 0 0 0 0 0 0 0
108.477 0 1 0 0 0 0 0 0 0
109.971 1 0 0 0 0 0 0 0 0
110.094 0 1 0 0 0 0 0 0 0
110.6 0 0 0 1 0 0 0 0 0
112.682 0 0 0 0 1 0 0 0 0
113.681 0 0 0 1 0 0 0 0 0
114.32 0 0 0 0 1 0 0 0 0
118.752 0 0 0 1 0 0 0 0 0
119.474 0 0 0 0 1 0 0 0 0
134.49 0 0 0 1 0 0 0 0 0
136.18 0 0 0 0 1 0 0 0 0
145.002 1 0 0 0 0 0 0 0 0
145.147 0 1 0 0 0 0 0 0 0
145.219 1 0 1 0 0 0 0 0 0
145.343 0 1 0 0 0 0 0 0 0
154.071 1 0 0 0 0 0 0 0 0
156.494 0 1 0 0 0 0 0 0 0
157.905 1 0 0 0 0 0 0 0 0
159.596 0 1 0 0 0 0 0 0 0
162.956 1 0 0 0 0 0 0 0 0
164.996 0 1 0 0 0 0 0 0 0
166.284 1 0 0 0 0 0 0 0 0
167.356 0 1 0 0 0 0 0 0 0
170.448 0 0 0 1 0 0 0 0 0
171.087 0 0 0 0 1 0 0 0 0
175.097 0 0 0 1 0 0 0 0 0
176.065 0 0 0 0 1 0 0 0 0
177.93 0 0 0 1 0 0 0 0 0
178.653 0 0 0 0 1 0 0 0 0
183.3 0 0 0 0 0 1 0 0 0
185.083 0 0 0 0 0 0 1 0 0
206.53 1 0 0 0 0 0 0 0 0
206.706 0 1 0 0 0 0 0 0 0
211.169 1 0 0 0 0 0 0 0 0
215.96 0 1 0 0 0 0 0 0 0
216.331 1 0 0 0 0 0 0 0 0
217.837 0 1 0 0 0 0 0 0 0
218.506 1 0 0 0 0 0 0 0 0
220.32 0 1 0 0 0 0 0 0 0
221.671 0 0 0 1 0 0 0 0 0
223.062 0 0 0 0 1 0 0 0 0
225.474 0 0 0 1 0 0 0 0 0
226.638 0 0 0 0 1 0 0 0 0
227.761 1 0 0 0 0 0 0 0 0
228.689 0 1 0 0 0 0 0 0 0
229.473 1 0 0 0 0 0 0 0 0
230.554 0 1 0 0 0 0 0 0 0
231.286 1 0 0 0 0 0 0 0 0
232.131 0 1 0 0 0 0 0 0 0
233.183 1 0 0 0 0 0 0 0 0
234.12 0 1 0 0 0 0 0 0 0
237.677 1 0 0 0 0 0 0 0 0
238.624 0 1 0 0 0 0 0 0 0
246.21 1 0 0 0 0 0 0 0 0
246.333 0 1 0 0 0 0 0 0 0
246.395 1 0 1 0 0 0 0 0 0
246.509 0 1 0 0 0 0 0 0 0
250.096 1 0 0 0 0 0 0 0 0
250.838 0 1 0 0 0 0 0 0 0
252.352 1 0 0 0 0 0 0 0 0
253.301 0 1 0 0 0 0 0 0 0
254.424 1 0 0 0 0 0 0 0 0
255.383 0 1 0 0 0 0 0 0 0
259.289 1 0 0 0 0 0 0 0 0
259.835 0 1 0 0 0 0 0 0 0
260.309 0 0 0 1 0 0 0 0 0
261.927 0 0 0 0 1 0 0 0 0
262.67 0 0 0 1 0 0 0 0 0
265.308 0 0 0 0 1 0 0 0 0
266.411 0 0 0 1 0 0 0 0 0
266.772 0 0 0 0 1 0 0 0 0
267.843 1 0 0 0 0 0 0 0 0
269.235 0 1 0 0 0 0 0 0 0
271.78 0 0 0 1 0 0 0 0 0
272.894 0 0 0 0 1 0 0 0 0
273.533 0 0 0 1 0 0 0 0 0
274.645 0 0 0 0 1 0 0 0 0
276.676 1 0 0 0 0 0 0 0 0
277.089 0 1 0 0 0 0 0 0 0
278.737 1 0 0 0 0 0 0 0 0
279.675 0 1 0 0 0 0 0 0 0
281.583 1 0 0 0 0 0 0 0 0
283.18 0 1 0 0 0 0 0 0 0
284.293 1 0 0 0 0 0 0 0 0
285.756 0 1 0 0 0 0 0 0 0
286.56 1 0 0 0 0 0 0 0 0
287.364 0 1 0 0 0 0 0 0 0
292.363 1 0 0 0 0 0 0 0 0
293.177 0 1 0 0 0 0 0 0 0
293.878 1 0 0 0 0 0 0 0 0
294.939 0 1 0 0 0 0 0 0 0
295.712 0 0 0 1 0 0 0 0 0
297.567 0 0 0 0 1 0 0 0 0
310.214 1 0 0 0 0 0 0 0 0
311.162 0 1 0 0 0 0 0 0 0
311.399 1 0 0 0 0 0 0 0 0
311.492 0 1 0 0 0 0 0 0 0
311.574 1 0 1 0 0 0 0 0 0
311.698 0 1 0 0 0 0 0 0 0
316.078 1 0 0 0 0 0 0 0 0
317.666 0 1 0 0 0 0 0 0 0
319.18 1 0 0 0 0 0 0 0 0
319.892 0 1 0 0 0 0 0 0 0
320.531 1 0 0 0 0 0 0 0 0
321.758 0 1 0 0 0 0 0 0 0
322.303 1 0 0 0 0 0 0 0 0
323.159 0 1 0 0 0 0 0 0 0
324.355 1 0 0 0 0 0 0 0 0
325.025 0 1 0 0 0 0 0 0 0
325.704 0 0 0 1 0 0 0 0 0
326.704 0 0 0 0 1 0 0 0 0
327.488 1 0 0 0 0 0 0 0 0
327.57 0 1 0 0 0 0 0 0 0
327.653 1 0 1 0 0 0 0 0 0
327.756 0 1 0 0 0 0 0 0 0
337.382 1 0 0 0 0 0 0 0 0
338.67 0 1 0 0 0 0 0 0 0
339.865 1 0 0 0 0 0 0 0 0
341.854 0 1 0 0 0 0 0 0 0
342.462 1 0 0 0 0 0 0 0 0
343.524 0 1 0 0 0 0 0 0 0
343.885 1 0 0 0 0 0 0 0 0
345.234 0 1 0 0 0 0 0 0 0
345.966 1 0 0 0 0 0 0 0 0
347.913 0 1 0 0 0 0 0 0 0
348.965 1 0 0 0 0 0 0 0 0
349.109 0 1 0 0 0 0 0 0 0
349.171 1 0 1 0 0 0 0 0 0
349.532 0 1 0 0 0 0 0 0 0
350.955 1 0 0 0 0 0 0 0 0
351.881 0 1 0 0 0 0 0 0 0
352.283 0 0 0 1 0 0 0 0 0
353.232 0 0 0 0 1 0 0 0 0
355.282 1 0 0 0 0 0 0 0 0
355.375 0 1 0 0 0 0 0 0 0
355.458 1 0 1 0 0 0 0 0 0
355.54 0 1 0 0 0 0 0 0 0
357.447 1 0 0 0 0 0 0 0 0
358.797 0 1 0 0 0 0 0 0 0
