195.006 0 0 0 0 0 1 0 0 0
195.191 0 0 0 0 0 0 1 0 0
202.426 0 0 0 0 0 1 0 0 0
204.155 0 0 0 0 0 0 1 0 0
219.925 0 0 0 0 0 1 0 0 0
221.657 0 0 0 0 0 0 1 0 0
374.894 1 0 0 0 0 0 0 0 0
375.069 0 1 0 0 0 0 0 0 0
387.096 1 0 0 0 0 0 0 0 0
390.23 0 1 0 0 0 0 0 0 0
398.403 1 0 0 0 0 0 0 0 0
402.463 0 1 0 0 0 0 0 0 0
403.236 1 0 0 0 0 0 0 0 0
404.824 0 1 0 0 0 0 0 0 0
405.433 1 0 0 0 0 0 0 0 0
406.555 0 1 0 0 0 0 0 0 0
406.988 1 0 0 0 0 0 0 0 0
408.493 0 1 0 0 0 0 0 0 0
419.985 1 0 0 0 0 0 0 0 0
422.674 0 1 0 0 0 0 0 0 0
423.107 1 0 0 0 0 0 0 0 0
424.376 0 1 0 0 0 0 0 0 0
424.808 1 0 0 0 0 0 0 0 0
426.632 0 1 0 0 0 0 0 0 0
427.086 1 0 0 0 0 0 0 0 0
428.56 0 1 0 0 0 0 0 0 0
429.27 1 0 0 0 0 0 0 0 0
430.847 0 1 0 0 0 0 0 0 0
431.404 1 0 0 0 0 0 0 0 0
433.269 0 1 0 0 0 0 0 0 0
434.031 1 0 0 0 0 0 0 0 0
435.918 0 1 0 0 0 0 0 0 0
436.372 1 0 0 0 0 0 0 0 0
438.32 0 1 0 0 0 0 0 0 0
439.33 1 0 0 0 0 0 0 0 0
441.06 0 1 0 0 0 0 0 0 0
441.802 1 0 0 0 0 0 0 0 0
442.802 0 1 0 0 0 0 0 0 0
450.44 1 0 0 0 0 0 0 0 0
450.594 0 1 0 0 0 0 0 0 0
450.646 1 0 1 0 0 0 0 0 0
450.78 0 1 0 0 0 0 0 0 0
492.5 0 0 0 1 0 0 0 0 0
495.838 0 0 0 0 1 0 0 0 0
497.972 0 0 0 1 0 0 0 0 0
509.576 0 0 0 0 1 0 0 0 0
518.512 0 0 0 1 0 0 0 0 0
523.695 0 0 0 0 1 0 0 0 0
526.776 0 0 0 1 0 0 0 0 0
528.889 0 0 0 0 1 0 0 0 0
529.271 0 0 0 1 0 0 0 0 0
530.538 0 0 0 0 1 0 0 0 0
530.971 0 0 0 1 0 0 0 0 0
532.053 0 0 0 0 1 0 0 0 0
532.434 0 0 0 1 0 0 0 0 0
534.032 0 0 0 0 1 0 0 0 0
561.745 0 0 0 1 0 0 0 0 0
562.992 0 0 0 0 1 0 0 0 0
563.693 0 0 0 1 0 0 0 0 0
564.889 0 0 0 0 1 0 0 0 0
565.312 0 0 0 1 0 0 0 0 0
566.692 0 0 0 0 1 0 0 0 0
567.527 0 0 0 1 0 0 0 0 0
568.28 0 0 0 0 1 0 0 0 0
568.99 0 0 0 1 0 0 0 0 0
570.639 0 0 0 0 1 0 0 0 0
571.268 0 0 0 1 0 0 0 0 0
572.267 0 0 0 0 1 0 0 0 0
573.668 0 0 0 1 0 0 0 0 0
578.791 0 0 0 0 1 0 0 0 0
579.863 1 0 0 0 0 0 0 0 0
582.243 0 1 0 0 0 0 0 0 0
582.717 1 0 0 0 0 0 0 0 0
584.727 0 1 0 0 0 0 0 0 0
585.427 1 0 0 0 0 0 0 0 0
586.602 0 1 0 0 0 0 0 0 0
588.87 1 0 0 0 0 0 0 0 0
590.045 0 1 0 0 0 0 0 0 0
590.395 1 0 0 0 0 0 0 0 0
590.972 0 1 0 0 0 0 0 0 0
592.148 1 0 0 0 0 0 0 0 0
593.25 0 1 0 0 0 0 0 0 0
594.993 1 0 0 0 0 0 0 0 0
596.506 0 1 0 0 0 0 0 0 0
597.733 1 0 0 0 0 0 0 0 0
600.567 0 1 0 0 0 0 0 0 0
608.08 0 0 0 1 0 0 0 0 0
610.008 0 0 0 0 1 0 0 0 0
610.534 0 0 0 1 0 0 0 0 0
612.914 0 0 0 0 1 0 0 0 0
614.985 0 0 0 1 0 0 0 0 0
623.519 0 0 0 0 1 0 0 0 0
624.713 0 0 0 1 0 0 0 0 0
625.445 0 0 0 0 1 0 0 0 0
626.229 1 0 0 0 0 0 0 0 0
627.496 0 1 0 0 0 0 0 0 0
629.475 1 0 0 0 0 0 0 0 0
629.608 0 1 0 0 0 0 0 0 0
629.681 1 0 1 0 0 0 0 0 0
629.774 0 1 0 0 0 0 0 0 0
633.669 1 0 0 0 0 0 0 0 0
635.689 0 1 0 0 0 0 0 0 0
637.709 1 0 0 0 0 0 0 0 0
637.843 0 1 0 0 0 0 0 0 0
637.915 1 0 1 0 0 0 0 0 0
638.018 0 1 0 0 0 0 0 0 0
643.459 1 0 0 0 0 0 0 0 0
646.314 0 1 0 0 0 0 0 0 0
647.437 1 0 0 0 0 0 0 0 0
649.643 0 1 0 0 0 0 0 0 0
650.014 1 0 0 0 0 0 0 0 0
651.497 0 1 0 0 0 0 0 0 0
652.106 1 0 0 0 0 0 0 0 0
653.322 0 1 0 0 0 0 0 0 0
654.27 1 0 0 0 0 0 0 0 0
654.373 0 1 0 0 0 0 0 0 0
654.445 1 0 1 0 0 0 0 0 0
654.549 0 1 0 0 0 0 0 0 0
655.733 1 0 0 0 0 0 0 0 0
656.898 0 1 0 0 0 0 0 0 0
657.248 0 0 0 1 0 0 0 0 0
659.628 0 0 0 0 1 0 0 0 0
660.546 0 0 0 1 0 0 0 0 0
661.432 0 0 0 0 1 0 0 0 0
662.134 0 0 0 1 0 0 0 0 0
662.627 0 0 0 0 1 0 0 0 0
665.483 1 0 0 0 0 0 0 0 0
666.461 0 1 0 0 0 0 0 0 0
695.637 1 0 0 0 0 0 0 0 0
695.74 0 1 0 0 0 0 0 0 0
695.802 1 0 1 0 0 0 0 0 0
695.916 0 1 0 0 0 0 0 0 0
697.369 1 0 0 0 0 0 0 0 0
698.802 0 1 0 0 0 0 0 0 0
701.306 1 0 0 0 0 0 0 0 0
702.522 0 1 0 0 0 0 0 0 0
702.841 0 0 0 1 0 0 0 0 0
707.23 0 0 0 0 1 0 0 0 0
708.2 1 0 0 0 0 0 0 0 0
709.849 0 1 0 0 0 0 0 0 0
710.404 1 0 0 0 0 0 0 0 0
711.673 0 1 0 0 0 0 0 0 0
713.63 0 0 0 1 0 0 0 0 0
714.341 0 0 0 0 1 0 0 0 0
723.071 1 0 0 0 0 0 0 0 0
723.163 0 1 0 0 0 0 0 0 0
723.256 1 0 1 0 0 0 0 0 0
723.328 0 1 0 0 0 0 0 0 0
799.842 1 0 0 0 0 0 0 0 0
800.626 0 1 0 0 0 0 0 0 0
801.244 0 0 0 1 0 0 0 0 0
802.893 0 0 0 0 1 0 0 0 0
804.264 1 0 0 0 0 0 0 0 0
805.15 0 1 0 0 0 0 0 0 0
805.655 1 0 0 0 0 0 0 0 0
806.51 0 1 0 0 0 0 0 0 0
806.819 0 0 0 1 0 0 0 0 0
811.653 0 0 0 0 1 0 0 0 0
816.126 1 0 0 0 0 0 0 0 0
816.25 0 1 0 0 0 0 0 0 0
816.333 1 0 1 0 0 0 0 0 0
816.436 0 1 0 0 0 0 0 0 0
818.558 1 0 0 0 0 0 0 0 0
820.218 0 1 0 0 0 0 0 0 0
820.445 0 0 0 1 0 0 0 0 0
825.464 0 0 0 0 1 0 0 0 0
826.216 0 0 0 1 0 0 0 0 0
828.68 0 0 0 0 1 0 0 0 0
829.926 0 0 0 1 0 0 0 0 0
830.287 0 0 0 0 1 0 0 0 0
841.573 1 0 0 0 0 0 0 0 0
841.706 0 1 0 0 0 0 0 0 0
841.789 1 0 1 0 0 0 0 0 0
841.862 0 1 0 0 0 0 0 0 0
849.342 0 0 0 1 0 0 0 0 0
851.559 0 0 0 0 1 0 0 0 0
852.043 0 0 0 1 0 0 0 0 0
857.402 0 0 0 0 1 0 0 0 0
858.814 1 0 0 0 0 0 0 0 0
859.742 0 1 0 0 0 0 0 0 0
860.309 1 0 0 0 0 0 0 0 0
860.36 0 1 0 0 0 0 0 0 0
860.433 1 0 1 0 0 0 0 0 0
860.504 0 1 0 0 0 0 0 0 0
866.482 1 0 0 0 0 0 0 0 0
867.605 0 1 0 0 0 0 0 0 0
867.956 1 0 0 0 0 0 0 0 0
868.873 0 1 0 0 0 0 0 0 0
869.315 1 0 0 0 0 0 0 0 0
870.069 0 1 0 0 0 0 0 0 0
870.315 0 0 0 1 0 0 0 0 0
874.324 0 0 0 0 1 0 0 0 0
874.86 1 0 0 0 0 0 0 0 0
876.612 0 1 0 0 0 0 0 0 0
879.169 1 0 0 0 0 0 0 0 0
879.261 0 1 0 0 0 0 0 0 0
879.344 1 0 1 0 0 0 0 0 0
879.416 0 1 0 0 0 0 0 0 0
882.497 1 0 0 0 0 0 0 0 0
883.332 0 1 0 0 0 0 0 0 0
883.94 1 0 0 0 0 0 0 0 0
884.939 0 1 0 0 0 0 0 0 0
885.97 1 0 0 0 0 0 0 0 0
886.98 0 1 0 0 0 0 0 0 0
887.537 1 0 0 0 0 0 0 0 0
888.835 0 1 0 0 0 0 0 0 0
889.257 1 0 0 0 0 0 0 0 0
890.825 0 1 0 0 0 0 0 0 0
891.319 1 0 0 0 0 0 0 0 0
892.215 0 1 0 0 0 0 0 0 0
892.731 1 0 0 0 0 0 0 0 0
893.556 0 1 0 0 0 0 0 0 0
894.256 1 0 0 0 0 0 0 0 0
895.442 0 1 0 0 0 0 0 0 0
895.978 1 0 0 0 0 0 0 0 0
896.76 0 1 0 0 0 0 0 0 0
897.008 0 0 0 1 0 0 0 0 0
899.214 0 0 0 0 1 0 0 0 0
899.978 0 0 0 1 0 0 0 0 0
900.172 0 0 0 0 1 0 0 0 0
900.615 1 0 0 0 0 0 0 0 0
901.553 0 1 0 0 0 0 0 0 0
902.893 1 0 0 0 0 0 0 0 0
903.665 0 1 0 0 0 0 0 0 0
904.552 1 0 0 0 0 0 0 0 0
904.655 0 1 0 0 0 0 0 0 0
904.727 1 0 1 0 0 0 0 0 0
904.831 0 1 0 0 0 0 0 0 0
914.271 1 0 0 0 0 0 0 0 0
916.053 0 1 0 0 0 0 0 0 0
917.816 1 0 0 0 0 0 0 0 0
918.929 0 1 0 0 0 0 0 0 0
919.856 1 0 0 0 0 0 0 0 0
920.794 0 1 0 0 0 0 0 0 0
921.402 1 0 0 0 0 0 0 0 0
922.134 0 1 0 0 0 0 0 0 0
922.557 1 0 0 0 0 0 0 0 0
923.288 0 1 0 0 0 0 0 0 0
923.918 1 0 0 0 0 0 0 0 0
924.607 0 1 0 0 0 0 0 0 0
929.132 1 0 0 0 0 0 0 0 0
930.369 0 1 0 0 0 0 0 0 0
930.976 1 0 0 0 0 0 0 0 0
931.214 0 1 0 0 0 0 0 0 0
933.491 1 0 0 0 0 0 0 0 0
934.533 0 1 0 0 0 0 0 0 0
935.068 1 0 0 0 0 0 0 0 0
936.037 0 1 0 0 0 0 0 0 0
936.366 1 0 0 0 0 0 0 0 0
937.222 0 1 0 0 0 0 0 0 0
942.251 1 0 0 0 0 0 0 0 0
943.158 0 1 0 0 0 0 0 0 0
943.653 1 0 0 0 0 0 0 0 0
944.467 0 1 0 0 0 0 0 0 0
944.962 1 0 0 0 0 0 0 0 0
945.972 0 1 0 0 0 0 0 0 0
946.424 1 0 0 0 0 0 0 0 0
947.249 0 1 0 0 0 0 0 0 0
947.589 1 0 0 0 0 0 0 0 0
948.517 0 1 0 0 0 0 0 0 0
949.012 1 0 0 0 0 0 0 0 0
949.888 0 1 0 0 0 0 0 0 0
950.238 1 0 0 0 0 0 0 0 0
951.165 0 1 0 0 0 0 0 0 0
951.526 1 0 0 0 0 0 0 0 0
953.052 0 1 0 0 0 0 0 0 0
954.7 1 0 0 0 0 0 0 0 0
954.782 0 1 0 0 0 0 0 0 0
954.886 1 0 1 0 0 0 0 0 0
954.989 0 1 0 0 0 0 0 0 0
983.691 1 0 0 0 0 0 0 0 0
984.66 0 1 0 0 0 0 0 0 0
984.959 1 0 0 0 0 0 0 0 0
986.03 0 1 0 0 0 0 0 0 0
986.412 1 0 0 0 0 0 0 0 0
987.721 0 1 0 0 0 0 0 0 0
988.082 1 0 0 0 0 0 0 0 0
989.215 0 1 0 0 0 0 0 0 0
990.349 1 0 0 0 0 0 0 0 0
991.946 0 1 0 0 0 0 0 0 0
992.565 1 0 0 0 0 0 0 0 0
993.729 0 1 0 0 0 0 0 0 0
994.162 1 0 0 0 0 0 0 0 0
995.481 0 1 0 0 0 0 0 0 0
995.811 1 0 0 0 0 0 0 0 0
996.892 0 1 0 0 0 0 0 0 0
997.408 1 0 0 0 0 0 0 0 0
998.707 0 1 0 0 0 0 0 0 0
999.14 1 0 0 0 0 0 0 0 0
999.996 0 1 0 0 0 0 0 0 0
1000.46 1 0 0 0 0 0 0 0 0
1001.46 0 1 0 0 0 0 0 0 0
1002.97 1 0 0 0 0 0 0 0 0
1003.95 0 1 0 0 0 0 0 0 0
1004.51 1 0 0 0 0 0 0 0 0
1005.09 0 1 0 0 0 0 0 0 0
1005.61 1 0 0 0 0 0 0 0 0
1006.33 0 1 0 0 0 0 0 0 0
1049.29 1 0 0 0 0 0 0 0 0
1049.36 0 1 0 0 0 0 0 0 0
1049.43 1 0 1 0 0 0 0 0 0
1049.5 0 1 0 0 0 0 0 0 0
1104 1 0 0 0 0 0 0 0 0
1104.09 0 1 0 0 0 0 0 0 0
1122.59 1 0 0 0 0 0 0 0 0
1124.05 0 1 0 0 0 0 0 0 0
1126.4 1 0 0 0 0 0 0 0 0
1126.45 0 1 0 0 0 0 0 0 0
1126.55 1 0 1 0 0 0 0 0 0
1126.61 0 1 0 0 0 0 0 0 0
1164.14 0 0 0 0 0 1 0 0 0
1165.52 0 0 0 0 0 0 1 0 0
1185.31 0 0 0 1 0 0 0 0 0
1188.22 0 0 0 0 1 0 0 0 0
1189.49 0 0 0 1 0 0 0 0 0
1190.35 0 0 0 0 1 0 0 0 0
1190.91 0 0 0 1 0 0 0 0 0
1191.78 0 0 0 0 1 0 0 0 0
1192.97 0 0 0 1 0 0 0 0 0
1193.14 0 0 0 0 1 0 0 0 0
1193.54 1 0 0 0 0 0 0 0 0
1193.71 0 1 0 0 0 0 0 0 0
1194.21 1 0 0 0 0 0 0 0 0
1195.53 0 1 0 0 0 0 0 0 0
1196.14 1 0 0 0 0 0 0 0 0
1197.51 0 1 0 0 0 0 0 0 0
1197.9 0 0 0 1 0 0 0 0 0
1200.05 0 0 0 0 1 0 0 0 0
1200.52 0 0 0 1 0 0 0 0 0
1201.3 0 0 0 0 1 0 0 0 0
1201.88 0 0 0 1 0 0 0 0 0
1208.13 0 0 0 0 1 0 0 0 0
1208.26 0 0 0 1 0 0 0 0 0
1208.75 0 0 0 0 1 0 0 0 0
1210.31 1 0 0 0 0 0 0 0 0
1211.3 0 1 0 0 0 0 0 0 0
1211.69 1 0 0 0 0 0 0 0 0
1213.78 0 1 0 0 0 0 0 0 0
1214.23 1 0 0 0 0 0 0 0 0
1215.02 0 1 0 0 0 0 0 0 0
1216.09 1 0 0 0 0 0 0 0 0
1217.38 0 1 0 0 0 0 0 0 0
1217.95 1 0 0 0 0 0 0 0 0
1219.66 0 1 0 0 0 0 0 0 0
1221.07 0 0 0 1 0 0 0 0 0
1221.15 0 0 0 0 1 0 0 0 0
1221.65 1 0 0 0 0 0 0 0 0
1222.46 0 1 0 0 0 0 0 0 0
1222.5 1 0 0 0 0 0 0 0 0
1222.84 0 1 0 0 0 0 0 0 0
1226.46 1 0 0 0 0 0 0 0 0
1227.6 0 1 0 0 0 0 0 0 0
1228.56 1 0 0 0 0 0 0 0 0
1229.31 0 1 0 0 0 0 0 0 0
1230.17 1 0 0 0 0 0 0 0 0
1231.05 0 1 0 0 0 0 0 0 0
1231.83 1 0 0 0 0 0 0 0 0
1235.88 0 1 0 0 0 0 0 0 0
1238.4 1 0 0 0 0 0 0 0 0
1239.1 0 1 0 0 0 0 0 0 0
1239.69 1 0 0 0 0 0 0 0 0
1239.89 0 1 0 0 0 0 0 0 0
1240.18 0 0 0 1 0 0 0 0 0
1244.49 0 0 0 0 1 0 0 0 0
1245.01 0 0 0 1 0 0 0 0 0
1245.54 0 0 0 0 1 0 0 0 0
1245.94 1 0 0 0 0 0 0 0 0
1246.78 0 1 0 0 0 0 0 0 0
1247.09 1 0 0 0 0 0 0 0 0
1248.38 0 1 0 0 0 0 0 0 0
1249.92 0 0 0 1 0 0 0 0 0
1251.77 0 0 0 0 1 0 0 0 0
1252.5 1 0 0 0 0 0 0 0 0
1253.61 0 1 0 0 0 0 0 0 0
1255.16 1 0 0 0 0 0 0 0 0
1256.08 0 1 0 0 0 0 0 0 0
1256.52 0 0 0 1 0 0 0 0 0
1257.26 0 0 0 0 1 0 0 0 0
1260.95 1 0 0 0 0 0 0 0 0
1261.06 0 1 0 0 0 0 0 0 0
1261.13 1 0 1 0 0 0 0 0 0
1261.23 0 1 0 0 0 0 0 0 0
1270.29 0 0 0 1 0 0 0 0 0
1274.04 0 0 0 0 1 0 0 0 0
1287.79 1 0 0 0 0 0 0 0 0
1287.9 0 1 0 0 0 0 0 0 0
1288.13 1 0 1 0 0 0 0 0 0
1288.23 0 1 0 0 0 0 0 0 0
1294.83 0 0 0 1 0 0 0 0 0
1299.43 0 0 0 0 1 0 0 0 0
1299.9 0 0 0 1 0 0 0 0 0
1300.94 0 0 0 0 1 0 0 0 0
1305.84 1 0 0 0 0 0 0 0 0
1306.74 0 1 0 0 0 0 0 0 0
1343.52 1 0 0 0 0 0 0 0 0
1344.34 0 1 0 0 0 0 0 0 0
1344.63 1 0 0 0 0 0 0 0 0
1346.25 0 1 0 0 0 0 0 0 0
1346.88 1 0 0 0 0 0 0 0 0
1348.07 0 1 0 0 0 0 0 0 0
1348.57 1 0 0 0 0 0 0 0 0
1349.88 0 1 0 0 0 0 0 0 0
1350.27 1 0 0 0 0 0 0 0 0
1351.24 0 1 0 0 0 0 0 0 0
1351.6 1 0 0 0 0 0 0 0 0
1352.89 0 1 0 0 0 0 0 0 0
1353.47 1 0 0 0 0 0 0 0 0
1354.46 0 1 0 0 0 0 0 0 0
1354.86 0 0 0 1 0 0 0 0 0
1357.38 0 0 0 0 1 0 0 0 0
1360.68 1 0 0 0 0 0 0 0 0
1361.57 0 1 0 0 0 0 0 0 0
1361.61 1 0 0 0 0 0 0 0 0
1361.83 0 1 0 0 0 0 0 0 0
1362.46 1 0 0 0 0 0 0 0 0
1363.9 0 1 0 0 0 0 0 0 0
1364.82 1 0 0 0 0 0 0 0 0
1365.79 0 1 0 0 0 0 0 0 0
1366.28 1 0 0 0 0 0 0 0 0
1366.92 0 1 0 0 0 0 0 0 0
1367.39 0 0 0 1 0 0 0 0 0
1372.57 0 0 0 0 1 0 0 0 0
1373.18 1 0 0 0 0 0 0 0 0
1374.22 0 1 0 0 0 0 0 0 0
1375.71 1 0 0 0 0 0 0 0 0
1377.33 0 1 0 0 0 0 0 0 0
1377.66 0 0 0 1 0 0 0 0 0
1378.44 0 0 0 0 1 0 0 0 0
1379.35 1 0 0 0 0 0 0 0 0
1380.16 0 1 0 0 0 0 0 0 0
1380.77 1 0 0 0 0 0 0 0 0
1381.2 0 1 0 0 0 0 0 0 0
1381.5 0 0 0 1 0 0 0 0 0
1384.96 0 0 0 0 1 0 0 0 0
1385.72 1 0 0 0 0 0 0 0 0
1386.74 0 1 0 0 0 0 0 0 0
1387.05 1 0 0 0 0 0 0 0 0
1387.79 0 1 0 0 0 0 0 0 0
1388.04 1 0 0 0 0 0 0 0 0
1388.89 0 1 0 0 0 0 0 0 0
1389.49 1 0 0 0 0 0 0 0 0
1390.56 0 1 0 0 0 0 0 0 0
1390.93 1 0 0 0 0 0 0 0 0
1391.87 0 1 0 0 0 0 0 0 0
1392.53 1 0 0 0 0 0 0 0 0
1393.6 0 1 0 0 0 0 0 0 0
1394.28 0 0 0 1 0 0 0 0 0
1397.35 0 0 0 0 1 0 0 0 0
1397.81 0 0 0 1 0 0 0 0 0
1400.36 0 0 0 0 1 0 0 0 0
1400.98 0 0 0 1 0 0 0 0 0
1402.03 0 0 0 0 1 0 0 0 0
1402.5 1 0 0 0 0 0 0 0 0
1403.16 0 1 0 0 0 0 0 0 0
1404.3 1 0 0 0 0 0 0 0 0
1404.39 0 1 0 0 0 0 0 0 0
1404.56 1 0 1 0 0 0 0 0 0
1404.68 0 1 0 0 0 0 0 0 0
1404.72 1 0 1 0 0 0 0 0 0
1404.82 0 1 0 0 0 0 0 0 0
1405.74 0 0 0 1 0 0 0 0 0
1406.54 0 0 0 0 1 0 0 0 0
1407.05 1 0 0 0 0 0 0 0 0
1408.01 0 1 0 0 0 0 0 0 0
1408.35 1 0 0 0 0 0 0 0 0
1409.03 0 1 0 0 0 0 0 0 0
1411.07 1 0 0 0 0 0 0 0 0
1411.82 0 1 0 0 0 0 0 0 0
1411.97 1 0 0 0 0 0 0 0 0
1412.08 0 1 0 0 0 0 0 0 0
1412.12 1 0 1 0 0 0 0 0 0
1412.24 0 1 0 0 0 0 0 0 0
1413.5 1 0 0 0 0 0 0 0 0
1414.62 0 1 0 0 0 0 0 0 0
1415.13 1 0 0 0 0 0 0 0 0
1416.45 0 1 0 0 0 0 0 0 0
1416.89 1 0 0 0 0 0 0 0 0
1418.1 0 1 0 0 0 0 0 0 0
1418.5 1 0 0 0 0 0 0 0 0
1419.75 0 1 0 0 0 0 0 0 0
1421.06 1 0 0 0 0 0 0 0 0
1421.84 0 1 0 0 0 0 0 0 0
1422.16 1 0 0 0 0 0 0 0 0
1422.75 0 1 0 0 0 0 0 0 0
1423.02 0 0 0 1 0 0 0 0 0
1425.48 0 0 0 0 1 0 0 0 0
1425.87 1 0 0 0 0 0 0 0 0
1427.47 0 1 0 0 0 0 0 0 0
1427.91 1 0 0 0 0 0 0 0 0
1428.44 0 1 0 0 0 0 0 0 0
1428.88 1 0 0 0 0 0 0 0 0
1430.04 0 1 0 0 0 0 0 0 0
1430.3 0 0 0 1 0 0 0 0 0
1431.4 0 0 0 0 1 0 0 0 0
1439.18 1 0 0 0 0 0 0 0 0
1440.6 0 1 0 0 0 0 0 0 0
1442.48 1 0 0 0 0 0 0 0 0
1443.25 0 1 0 0 0 0 0 0 0
1443.96 0 0 0 1 0 0 0 0 0
1446.57 0 0 0 0 1 0 0 0 0
1447.08 1 0 0 0 0 0 0 0 0
1448.05 0 1 0 0 0 0 0 0 0
1448.67 1 0 0 0 0 0 0 0 0
1449.39 0 1 0 0 0 0 0 0 0
1452.03 1 0 0 0 0 0 0 0 0
1452.13 0 1 0 0 0 0 0 0 0
1452.21 1 0 1 0 0 0 0 0 0
1452.27 0 1 0 0 0 0 0 0 0
1455.76 1 0 0 0 0 0 0 0 0
1456.64 0 1 0 0 0 0 0 0 0
1457.05 1 0 0 0 0 0 0 0 0
1457.69 0 1 0 0 0 0 0 0 0
1458.19 1 0 0 0 0 0 0 0 0
1458.86 0 1 0 0 0 0 0 0 0
1462.97 1 0 0 0 0 0 0 0 0
1463.06 0 1 0 0 0 0 0 0 0
1463.13 1 0 1 0 0 0 0 0 0
1463.21 0 1 0 0 0 0 0 0 0
