8.20565 0 0 0 0 0 1 0 0 0
9.74023 0 0 0 0 0 0 1 0 0
31.9477 1 0 0 0 0 0 0 0 0
32.2566 0 1 0 0 0 0 0 0 0
32.4525 0 0 0 1 0 0 0 0 0
33.7612 0 0 0 0 1 0 0 0 0
34.328 1 0 0 0 0 0 0 0 0
35.1518 0 1 0 0 0 0 0 0 0
36.0906 1 0 0 0 0 0 0 0 0
36.6875 0 1 0 0 0 0 0 0 0
37.0693 1 0 0 0 0 0 0 0 0
37.4922 0 1 0 0 0 0 0 0 0
37.9241 0 0 0 1 0 0 0 0 0
42.6649 0 0 0 0 1 0 0 0 0
43.1178 1 0 0 0 0 0 0 0 0
44.0556 0 1 0 0 0 0 0 0 0
44.4475 0 0 0 1 0 0 0 0 0
45.4053 0 0 0 0 1 0 0 0 0
45.5292 0 0 0 1 0 0 0 0 0
45.5802 0 0 0 0 1 0 0 0 0
46.075 1 0 0 0 0 0 0 0 0
46.9419 0 1 0 0 0 0 0 0 0
47.5177 1 0 0 0 0 0 0 0 0
47.7546 0 1 0 0 0 0 0 0 0
47.9925 0 0 0 1 0 0 0 0 0
56.2774 0 0 0 0 1 0 0 0 0
56.6893 0 0 0 1 0 0 0 0 0
56.8033 0 0 0 0 1 0 0 0 0
57.1532 0 0 0 1 0 0 0 0 0
60.4924 0 0 0 0 1 0 0 0 0
60.7593 1 0 0 0 0 0 0 0 0
61.615 0 1 0 0 0 0 0 0 0
61.935 1 0 0 0 0 0 0 0 0
62.7488 0 1 0 0 0 0 0 0 0
63.1407 0 0 0 1 0 0 0 0 0
65.541 0 0 0 0 1 0 0 0 0
66.3258 1 0 0 0 0 0 0 0 0
66.6539 0 1 0 0 0 0 0 0 0
66.9837 1 0 0 0 0 0 0 0 0
67.0977 0 1 0 0 0 0 0 0 0
67.1487 1 0 1 0 0 0 0 0 0
67.2416 0 1 0 0 0 0 0 0 0
71.2396 0 0 0 1 0 0 0 0 0
78.4538 0 0 0 0 1 0 0 0 0
78.8656 1 0 0 0 0 0 0 0 0
79.7934 0 1 0 0 0 0 0 0 0
80.4522 1 0 0 0 0 0 0 0 0
81.6589 0 1 0 0 0 0 0 0 0
82.1218 1 0 0 0 0 0 0 0 0
82.6887 0 1 0 0 0 0 0 0 0
84.4612 1 0 0 0 0 0 0 0 0
84.5233 0 1 0 0 0 0 0 0 0
84.6261 1 0 1 0 0 0 0 0 0
84.7191 0 1 0 0 0 0 0 0 0
87.3155 1 0 0 0 0 0 0 0 0
88.0163 0 1 0 0 0 0 0 0 0
88.7181 1 0 0 0 0 0 0 0 0
89.202 0 1 0 0 0 0 0 0 0
89.7678 1 0 0 0 0 0 0 0 0
90.3347 0 1 0 0 0 0 0 0 0
90.9846 1 0 0 0 0 0 0 0 0
91.0565 0 1 0 0 0 0 0 0 0
91.1395 1 0 1 0 0 0 0 0 0
91.2215 0 1 0 0 0 0 0 0 0
92.7261 1 0 0 0 0 0 0 0 0
93.3439 0 1 0 0 0 0 0 0 0
93.8488 1 0 0 0 0 0 0 0 0
94.4778 0 1 0 0 0 0 0 0 0
94.8695 1 0 0 0 0 0 0 0 0
95.5704 0 1 0 0 0 0 0 0 0
96.0442 1 0 0 0 0 0 0 0 0
97.1359 0 1 0 0 0 0 0 0 0
97.6718 1 0 0 0 0 0 0 0 0
98.3626 0 1 0 0 0 0 0 0 0
98.8885 1 0 0 0 0 0 0 0 0
99.4753 0 1 0 0 0 0 0 0 0
99.8362 1 0 0 0 0 0 0 0 0
100.392 0 1 0 0 0 0 0 0 0
100.846 0 0 0 1 0 0 0 0 0
102.855 0 0 0 0 1 0 0 0 0
106.988 1 0 0 0 0 0 0 0 0
108.07 0 1 0 0 0 0 0 0 0
108.565 1 0 0 0 0 0 0 0 0
108.987 0 1 0 0 0 0 0 0 0
109.441 1 0 0 0 0 0 0 0 0
110.255 0 1 0 0 0 0 0 0 0
110.872 1 0 0 0 0 0 0 0 0
111.904 0 1 0 0 0 0 0 0 0
112.45 1 0 0 0 0 0 0 0 0
113.284 0 1 0 0 0 0 0 0 0
113.769 1 0 0 0 0 0 0 0 0
114.532 0 1 0 0 0 0 0 0 0
114.965 1 0 0 0 0 0 0 0 0
115.768 0 1 0 0 0 0 0 0 0
116.325 1 0 0 0 0 0 0 0 0
117.458 0 1 0 0 0 0 0 0 0
118.066 1 0 0 0 0 0 0 0 0
118.982 0 1 0 0 0 0 0 0 0
119.58 1 0 0 0 0 0 0 0 0
120.446 0 1 0 0 0 0 0 0 0
125.238 0 0 0 0 0 1 0 0 0
126.352 0 0 0 0 0 0 1 0 0
163.666 1 0 0 0 0 0 0 0 0
164.285 0 1 0 0 0 0 0 0 0
164.853 1 0 0 0 0 0 0 0 0
165.388 0 1 0 0 0 0 0 0 0
165.789 1 0 0 0 0 0 0 0 0
166.491 0 1 0 0 0 0 0 0 0
167.046 1 0 0 0 0 0 0 0 0
168.098 0 1 0 0 0 0 0 0 0
168.551 1 0 0 0 0 0 0 0 0
169.304 0 1 0 0 0 0 0 0 0
169.942 1 0 0 0 0 0 0 0 0
170.684 0 1 0 0 0 0 0 0 0
171.189 1 0 0 0 0 0 0 0 0
171.962 0 1 0 0 0 0 0 0 0
172.282 1 0 0 0 0 0 0 0 0
172.838 0 1 0 0 0 0 0 0 0
173.395 1 0 0 0 0 0 0 0 0
174.775 0 1 0 0 0 0 0 0 0
175.28 1 0 0 0 0 0 0 0 0
176.312 0 1 0 0 0 0 0 0 0
176.692 1 0 0 0 0 0 0 0 0
177.98 0 1 0 0 0 0 0 0 0
178.269 1 0 0 0 0 0 0 0 0
178.836 0 1 0 0 0 0 0 0 0
179.382 1 0 0 0 0 0 0 0 0
179.557 0 1 0 0 0 0 0 0 0
179.815 1 0 1 0 0 0 0 0 0
179.918 0 1 0 0 0 0 0 0 0
179.979 1 0 0 0 0 0 0 0 0
180.105 0 1 0 0 0 0 0 0 0
181.743 0 0 0 1 0 0 0 0 0
185.431 0 0 0 0 1 0 0 0 0
186.049 1 0 0 0 0 0 0 0 0
186.616 0 1 0 0 0 0 0 0 0
187.039 1 0 0 0 0 0 0 0 0
187.472 0 1 0 0 0 0 0 0 0
188.327 1 0 0 0 0 0 0 0 0
189.081 0 1 0 0 0 0 0 0 0
189.553 1 0 0 0 0 0 0 0 0
190.078 0 1 0 0 0 0 0 0 0
191.46 0 0 0 1 0 0 0 0 0
192.759 0 0 0 0 1 0 0 0 0
193.252 1 0 0 0 0 0 0 0 0
193.891 0 1 0 0 0 0 0 0 0
194.386 0 0 0 1 0 0 0 0 0
196.253 0 0 0 0 1 0 0 0 0
196.479 0 0 0 1 0 0 0 0 0
200.344 0 0 0 0 1 0 0 0 0
201.167 1 0 0 0 0 0 0 0 0
201.703 0 1 0 0 0 0 0 0 0
203.6 1 0 0 0 0 0 0 0 0
204.279 0 1 0 0 0 0 0 0 0
208.298 0 0 0 1 0 0 0 0 0
213.615 0 0 0 0 1 0 0 0 0
214.295 1 0 0 0 0 0 0 0 0
215.089 0 1 0 0 0 0 0 0 0
215.418 1 0 0 0 0 0 0 0 0
216.314 0 1 0 0 0 0 0 0 0
216.789 1 0 0 0 0 0 0 0 0
218.025 0 1 0 0 0 0 0 0 0
218.458 1 0 0 0 0 0 0 0 0
219.097 0 1 0 0 0 0 0 0 0
219.726 1 0 0 0 0 0 0 0 0
220.56 0 1 0 0 0 0 0 0 0
221.085 0 0 0 1 0 0 0 0 0
224.6 0 0 0 0 1 0 0 0 0
225.053 1 0 0 0 0 0 0 0 0
225.857 0 1 0 0 0 0 0 0 0
227.413 1 0 0 0 0 0 0 0 0
227.526 0 1 0 0 0 0 0 0 0
227.598 1 0 1 0 0 0 0 0 0
227.681 0 1 0 0 0 0 0 0 0
229.886 1 0 0 0 0 0 0 0 0
231.277 0 1 0 0 0 0 0 0 0
231.648 1 0 0 0 0 0 0 0 0
232.41 0 1 0 0 0 0 0 0 0
232.709 1 0 0 0 0 0 0 0 0
233.461 0 1 0 0 0 0 0 0 0
233.812 1 0 0 0 0 0 0 0 0
234.502 0 1 0 0 0 0 0 0 0
234.883 1 0 0 0 0 0 0 0 0
235.543 0 1 0 0 0 0 0 0 0
235.975 1 0 0 0 0 0 0 0 0
236.81 0 1 0 0 0 0 0 0 0
237.109 1 0 0 0 0 0 0 0 0
237.521 0 1 0 0 0 0 0 0 0
237.913 1 0 0 0 0 0 0 0 0
238.696 0 1 0 0 0 0 0 0 0
239.212 1 0 0 0 0 0 0 0 0
239.974 0 1 0 0 0 0 0 0 0
240.623 1 0 0 0 0 0 0 0 0
241.087 0 1 0 0 0 0 0 0 0
242.179 0 0 0 0 0 1 0 0 0
243.776 0 0 0 0 0 0 1 0 0
263.83 0 0 0 1 0 0 0 0 0
266.355 0 0 0 0 1 0 0 0 0
266.571 0 0 0 1 0 0 0 0 0
270.57 0 0 0 0 1 0 0 0 0
271.044 1 0 0 0 0 0 0 0 0
272.156 0 1 0 0 0 0 0 0 0
272.61 1 0 0 0 0 0 0 0 0
273.022 0 1 0 0 0 0 0 0 0
273.733 1 0 0 0 0 0 0 0 0
273.796 0 1 0 0 0 0 0 0 0
273.908 1 0 1 0 0 0 0 0 0
273.992 0 1 0 0 0 0 0 0 0
277.464 0 0 0 1 0 0 0 0 0
279.916 0 0 0 0 1 0 0 0 0
280.73 1 0 0 0 0 0 0 0 0
280.885 0 1 0 0 0 0 0 0 0
280.926 1 0 1 0 0 0 0 0 0
281.06 0 1 0 0 0 0 0 0 0
281.493 1 0 0 0 0 0 0 0 0
282.287 0 1 0 0 0 0 0 0 0
282.729 1 0 0 0 0 0 0 0 0
283.378 0 1 0 0 0 0 0 0 0
283.761 1 0 0 0 0 0 0 0 0
284.326 0 1 0 0 0 0 0 0 0
284.636 0 0 0 1 0 0 0 0 0
285.945 0 0 0 0 1 0 0 0 0
286.46 1 0 0 0 0 0 0 0 0
287.141 0 1 0 0 0 0 0 0 0
287.82 1 0 0 0 0 0 0 0 0
288.51 0 1 0 0 0 0 0 0 0
288.883 1 0 0 0 0 0 0 0 0
289.809 0 1 0 0 0 0 0 0 0
290.232 1 0 0 0 0 0 0 0 0
290.839 0 1 0 0 0 0 0 0 0
291.303 1 0 0 0 0 0 0 0 0
292.344 0 1 0 0 0 0 0 0 0
292.921 1 0 0 0 0 0 0 0 0
293.591 0 1 0 0 0 0 0 0 0
293.859 1 0 0 0 0 0 0 0 0
294.323 0 1 0 0 0 0 0 0 0
294.735 1 0 0 0 0 0 0 0 0
295.353 0 1 0 0 0 0 0 0 0
295.734 1 0 0 0 0 0 0 0 0
296.476 0 1 0 0 0 0 0 0 0
296.899 1 0 0 0 0 0 0 0 0
297.579 0 1 0 0 0 0 0 0 0
297.971 1 0 0 0 0 0 0 0 0
298.538 0 1 0 0 0 0 0 0 0
298.97 1 0 0 0 0 0 0 0 0
299.887 0 1 0 0 0 0 0 0 0
300.351 1 0 0 0 0 0 0 0 0
301.145 0 1 0 0 0 0 0 0 0
301.629 1 0 0 0 0 0 0 0 0
301.98 0 1 0 0 0 0 0 0 0
302.257 1 0 0 0 0 0 0 0 0
302.341 0 1 0 0 0 0 0 0 0
302.432 1 0 1 0 0 0 0 0 0
302.494 0 1 0 0 0 0 0 0 0
305.401 1 0 0 0 0 0 0 0 0
306.09 0 1 0 0 0 0 0 0 0
306.616 1 0 0 0 0 0 0 0 0
307.183 0 1 0 0 0 0 0 0 0
307.688 1 0 0 0 0 0 0 0 0
308.42 0 1 0 0 0 0 0 0 0
308.997 1 0 0 0 0 0 0 0 0
309.678 0 1 0 0 0 0 0 0 0
310.315 1 0 0 0 0 0 0 0 0
311.027 0 1 0 0 0 0 0 0 0
316.282 1 0 0 0 0 0 0 0 0
316.344 0 1 0 0 0 0 0 0 0
316.426 1 0 1 0 0 0 0 0 0
316.499 0 1 0 0 0 0 0 0 0
318.405 1 0 0 0 0 0 0 0 0
319.239 0 1 0 0 0 0 0 0 0
320.086 1 0 0 0 0 0 0 0 0
320.816 0 1 0 0 0 0 0 0 0
325.443 1 0 0 0 0 0 0 0 0
326.515 0 1 0 0 0 0 0 0 0
326.813 1 0 0 0 0 0 0 0 0
328.576 0 1 0 0 0 0 0 0 0
329.616 0 0 0 1 0 0 0 0 0
334.841 0 0 0 0 1 0 0 0 0
335.542 1 0 0 0 0 0 0 0 0
336.15 0 1 0 0 0 0 0 0 0
336.407 0 0 0 1 0 0 0 0 0
339.529 0 0 0 0 1 0 0 0 0
340.169 1 0 0 0 0 0 0 0 0
340.725 0 1 0 0 0 0 0 0 0
341.148 1 0 0 0 0 0 0 0 0
341.456 0 1 0 0 0 0 0 0 0
342.239 1 0 0 0 0 0 0 0 0
342.342 0 1 0 0 0 0 0 0 0
342.456 1 0 1 0 0 0 0 0 0
342.569 0 1 0 0 0 0 0 0 0
344.538 1 0 0 0 0 0 0 0 0
345.31 0 1 0 0 0 0 0 0 0
345.681 1 0 0 0 0 0 0 0 0
346.32 0 1 0 0 0 0 0 0 0
346.763 1 0 0 0 0 0 0 0 0
347.557 0 1 0 0 0 0 0 0 0
347.773 0 0 0 1 0 0 0 0 0
352.596 0 0 0 0 1 0 0 0 0
353.224 1 0 0 0 0 0 0 0 0
353.347 0 1 0 0 0 0 0 0 0
353.43 1 0 1 0 0 0 0 0 0
353.533 0 1 0 0 0 0 0 0 0
355.161 1 0 0 0 0 0 0 0 0
355.306 0 1 0 0 0 0 0 0 0
358.521 1 0 0 0 0 0 0 0 0
359.851 0 1 0 0 0 0 0 0 0
360.531 1 0 0 0 0 0 0 0 0
361.066 0 1 0 0 0 0 0 0 0
361.519 1 0 0 0 0 0 0 0 0
362.375 0 1 0 0 0 0 0 0 0
