2.67995 0 0 0 0 0 1 0 0 0
4.12256 0 0 0 0 0 0 1 0 0
27.8126 0 0 0 1 0 0 0 0 0
33.1713 0 0 0 0 1 0 0 0 0
34.006 1 0 0 0 0 0 0 0 0
34.8209 0 1 0 0 0 0 0 0 0
35.2217 1 0 0 0 0 0 0 0 0
36.5105 0 1 0 0 0 0 0 0 0
36.9223 1 0 0 0 0 0 0 0 0
37.1903 0 1 0 0 0 0 0 0 0
37.809 1 0 0 0 0 0 0 0 0
38.7059 0 1 0 0 0 0 0 0 0
39.2729 1 0 0 0 0 0 0 0 0
39.5096 0 1 0 0 0 0 0 0 0
40.1995 1 0 0 0 0 0 0 0 0
40.2824 0 1 0 0 0 0 0 0 0
40.3644 1 0 1 0 0 0 0 0 0
40.4474 0 1 0 0 0 0 0 0 0
43.1367 1 0 0 0 0 0 0 0 0
43.7036 0 1 0 0 0 0 0 0 0
44.2494 1 0 0 0 0 0 0 0 0
44.3324 0 1 0 0 0 0 0 0 0
44.4044 1 0 1 0 0 0 0 0 0
44.5174 0 1 0 0 0 0 0 0 0
45.1872 1 0 0 0 0 0 0 0 0
46.3209 0 1 0 0 0 0 0 0 0
46.5678 1 0 0 0 0 0 0 0 0
47.5466 0 1 0 0 0 0 0 0 0
47.9385 1 0 0 0 0 0 0 0 0
49.1132 0 1 0 0 0 0 0 0 0
49.5361 1 0 0 0 0 0 0 0 0
50.4119 0 1 0 0 0 0 0 0 0
50.7418 0 0 0 1 0 0 0 0 0
51.7205 0 0 0 0 1 0 0 0 0
53.3481 1 0 0 0 0 0 0 0 0
54.142 0 1 0 0 0 0 0 0 0
54.5538 1 0 0 0 0 0 0 0 0
55.2757 0 1 0 0 0 0 0 0 0
55.6465 1 0 0 0 0 0 0 0 0
56.3054 0 1 0 0 0 0 0 0 0
56.7183 1 0 0 0 0 0 0 0 0
57.934 0 1 0 0 0 0 0 0 0
58.6758 1 0 0 0 0 0 0 0 0
59.8195 0 1 0 0 0 0 0 0 0
60.2325 1 0 0 0 0 0 0 0 0
61.3863 0 1 0 0 0 0 0 0 0
61.737 1 0 0 0 0 0 0 0 0
62.9428 0 1 0 0 0 0 0 0 0
63.4986 1 0 0 0 0 0 0 0 0
64.5803 0 1 0 0 0 0 0 0 0
65.3541 1 0 0 0 0 0 0 0 0
65.8911 0 1 0 0 0 0 0 0 0
66.24 0 0 0 1 0 0 0 0 0
68.9192 0 0 0 0 1 0 0 0 0
69.6 1 0 0 0 0 0 0 0 0
69.692 0 1 0 0 0 0 0 0 0
69.7429 1 0 1 0 0 0 0 0 0
69.8359 0 1 0 0 0 0 0 0 0
72.1755 1 0 0 0 0 0 0 0 0
73.0821 0 1 0 0 0 0 0 0 0
73.6289 1 0 0 0 0 0 0 0 0
74.2061 0 1 0 0 0 0 0 0 0
74.6587 1 0 0 0 0 0 0 0 0
75.4525 0 1 0 0 0 0 0 0 0
76.2353 1 0 0 0 0 0 0 0 0
76.7611 0 1 0 0 0 0 0 0 0
77.6172 1 0 0 0 0 0 0 0 0
78.5027 0 1 0 0 0 0 0 0 0
79.0486 1 0 0 0 0 0 0 0 0
79.1426 0 1 0 0 0 0 0 0 0
79.2036 1 0 1 0 0 0 0 0 0
79.3175 0 1 0 0 0 0 0 0 0
82.9546 0 0 0 1 0 0 0 0 0
87.6124 0 0 0 0 1 0 0 0 0
88.4272 1 0 0 0 0 0 0 0 0
88.5191 0 1 0 0 0 0 0 0 0
88.5711 1 0 1 0 0 0 0 0 0
88.6841 0 1 0 0 0 0 0 0 0
97.1959 1 0 0 0 0 0 0 0 0
97.5268 0 1 0 0 0 0 0 0 0
97.7838 1 0 0 0 0 0 0 0 0
97.8559 0 1 0 0 0 0 0 0 0
97.9277 1 0 1 0 0 0 0 0 0
98.0107 0 1 0 0 0 0 0 0 0
99.5253 1 0 0 0 0 0 0 0 0
100.68 0 1 0 0 0 0 0 0 0
101.05 1 0 0 0 0 0 0 0 0
101.587 0 1 0 0 0 0 0 0 0
102.185 1 0 0 0 0 0 0 0 0
103.297 0 1 0 0 0 0 0 0 0
103.73 1 0 0 0 0 0 0 0 0
105.245 0 1 0 0 0 0 0 0 0
105.564 1 0 0 0 0 0 0 0 0
106.543 0 1 0 0 0 0 0 0 0
106.904 1 0 0 0 0 0 0 0 0
107.46 0 1 0 0 0 0 0 0 0
107.862 1 0 0 0 0 0 0 0 0
108.604 0 1 0 0 0 0 0 0 0
108.954 1 0 0 0 0 0 0 0 0
109.913 0 1 0 0 0 0 0 0 0
110.284 1 0 0 0 0 0 0 0 0
111.427 0 1 0 0 0 0 0 0 0
112.014 1 0 0 0 0 0 0 0 0
112.571 0 1 0 0 0 0 0 0 0
112.983 1 0 0 0 0 0 0 0 0
113.818 0 1 0 0 0 0 0 0 0
114.282 1 0 0 0 0 0 0 0 0
114.952 0 1 0 0 0 0 0 0 0
115.446 1 0 0 0 0 0 0 0 0
116.466 0 1 0 0 0 0 0 0 0
116.941 1 0 0 0 0 0 0 0 0
117.662 0 1 0 0 0 0 0 0 0
118.157 1 0 0 0 0 0 0 0 0
118.867 0 1 0 0 0 0 0 0 0
119.166 1 0 0 0 0 0 0 0 0
119.846 0 1 0 0 0 0 0 0 0
120.197 1 0 0 0 0 0 0 0 0
120.826 0 1 0 0 0 0 0 0 0
122.752 0 0 0 0 0 1 0 0 0
124.33 0 0 0 0 0 0 1 0 0
126.637 0 0 0 0 0 1 0 0 0
128.019 0 0 0 0 0 0 1 0 0
130.821 0 0 0 0 0 1 0 0 0
131.864 0 0 0 0 0 0 1 0 0
134.356 0 0 0 0 0 1 0 0 0
136.026 0 0 0 0 0 0 1 0 0
159.139 0 0 0 1 0 0 0 0 0
160.665 0 0 0 0 1 0 0 0 0
161.406 1 0 0 0 0 0 0 0 0
161.509 0 1 0 0 0 0 0 0 0
161.591 1 0 1 0 0 0 0 0 0
161.684 0 1 0 0 0 0 0 0 0
162.344 1 0 0 0 0 0 0 0 0
163.22 0 1 0 0 0 0 0 0 0
163.694 1 0 0 0 0 0 0 0 0
164.364 0 1 0 0 0 0 0 0 0
165.003 1 0 0 0 0 0 0 0 0
165.27 0 1 0 0 0 0 0 0 0
165.878 1 0 0 0 0 0 0 0 0
166.929 0 1 0 0 0 0 0 0 0
167.321 1 0 0 0 0 0 0 0 0
167.919 0 1 0 0 0 0 0 0 0
168.176 1 0 0 0 0 0 0 0 0
168.847 0 1 0 0 0 0 0 0 0
169.402 1 0 0 0 0 0 0 0 0
170.01 0 1 0 0 0 0 0 0 0
170.361 1 0 0 0 0 0 0 0 0
170.938 0 1 0 0 0 0 0 0 0
171.36 1 0 0 0 0 0 0 0 0
172.03 0 1 0 0 0 0 0 0 0
172.309 1 0 0 0 0 0 0 0 0
173.132 0 1 0 0 0 0 0 0 0
173.513 1 0 0 0 0 0 0 0 0
174.298 0 1 0 0 0 0 0 0 0
174.864 1 0 0 0 0 0 0 0 0
175.297 0 1 0 0 0 0 0 0 0
175.802 1 0 0 0 0 0 0 0 0
177.337 0 1 0 0 0 0 0 0 0
178.862 1 0 0 0 0 0 0 0 0
179.006 0 1 0 0 0 0 0 0 0
179.078 1 0 1 0 0 0 0 0 0
179.161 0 1 0 0 0 0 0 0 0
180.655 1 0 0 0 0 0 0 0 0
180.953 0 1 0 0 0 0 0 0 0
181.85 1 0 0 0 0 0 0 0 0
182.757 0 1 0 0 0 0 0 0 0
183.499 1 0 0 0 0 0 0 0 0
184.035 0 1 0 0 0 0 0 0 0
187.353 0 0 0 1 0 0 0 0 0
191.186 0 0 0 0 1 0 0 0 0
191.547 1 0 0 0 0 0 0 0 0
192.372 0 1 0 0 0 0 0 0 0
192.793 1 0 0 0 0 0 0 0 0
193.411 0 1 0 0 0 0 0 0 0
193.813 1 0 0 0 0 0 0 0 0
194.597 0 1 0 0 0 0 0 0 0
194.989 1 0 0 0 0 0 0 0 0
195.329 0 1 0 0 0 0 0 0 0
196.04 1 0 0 0 0 0 0 0 0
196.493 0 1 0 0 0 0 0 0 0
197.915 1 0 0 0 0 0 0 0 0
198.029 0 1 0 0 0 0 0 0 0
198.111 1 0 1 0 0 0 0 0 0
198.183 0 1 0 0 0 0 0 0 0
200.336 1 0 0 0 0 0 0 0 0
200.842 0 1 0 0 0 0 0 0 0
201.264 1 0 0 0 0 0 0 0 0
201.553 0 1 0 0 0 0 0 0 0
205.839 1 0 0 0 0 0 0 0 0
206.396 0 1 0 0 0 0 0 0 0
207.685 1 0 0 0 0 0 0 0 0
208.745 0 1 0 0 0 0 0 0 0
209.178 1 0 0 0 0 0 0 0 0
210.178 0 1 0 0 0 0 0 0 0
211.147 1 0 0 0 0 0 0 0 0
211.858 0 1 0 0 0 0 0 0 0
212.238 0 0 0 1 0 0 0 0 0
214.011 0 0 0 0 1 0 0 0 0
215.001 1 0 0 0 0 0 0 0 0
215.598 0 1 0 0 0 0 0 0 0
215.999 1 0 0 0 0 0 0 0 0
216.793 0 1 0 0 0 0 0 0 0
217.268 1 0 0 0 0 0 0 0 0
217.947 0 1 0 0 0 0 0 0 0
218.195 1 0 0 0 0 0 0 0 0
218.937 0 1 0 0 0 0 0 0 0
219.514 0 0 0 1 0 0 0 0 0
223.996 0 0 0 0 1 0 0 0 0
224.387 1 0 0 0 0 0 0 0 0
224.985 0 1 0 0 0 0 0 0 0
225.459 0 0 0 1 0 0 0 0 0
226.232 0 0 0 0 1 0 0 0 0
227.139 0 0 0 1 0 0 0 0 0
227.551 0 0 0 0 1 0 0 0 0
231.21 1 0 0 0 0 0 0 0 0
231.436 0 1 0 0 0 0 0 0 0
231.765 1 0 0 0 0 0 0 0 0
231.859 0 1 0 0 0 0 0 0 0
231.92 1 0 1 0 0 0 0 0 0
232.013 0 1 0 0 0 0 0 0 0
234.795 1 0 0 0 0 0 0 0 0
235.414 0 1 0 0 0 0 0 0 0
235.825 1 0 0 0 0 0 0 0 0
236.424 0 1 0 0 0 0 0 0 0
236.835 1 0 0 0 0 0 0 0 0
237.279 0 1 0 0 0 0 0 0 0
237.629 1 0 0 0 0 0 0 0 0
238.32 0 1 0 0 0 0 0 0 0
238.721 1 0 0 0 0 0 0 0 0
239.514 0 1 0 0 0 0 0 0 0
239.885 1 0 0 0 0 0 0 0 0
240.493 0 1 0 0 0 0 0 0 0
243.111 0 0 0 0 0 1 0 0 0
243.451 0 0 0 0 0 0 1 0 0
244.007 0 0 0 0 0 1 0 0 0
245.347 0 0 0 0 0 0 1 0 0
267.202 0 0 0 1 0 0 0 0 0
268.295 0 0 0 0 1 0 0 0 0
268.851 1 0 0 0 0 0 0 0 0
268.965 0 1 0 0 0 0 0 0 0
269.017 1 0 1 0 0 0 0 0 0
269.13 0 1 0 0 0 0 0 0 0
270.305 1 0 0 0 0 0 0 0 0
271.139 0 1 0 0 0 0 0 0 0
271.593 1 0 0 0 0 0 0 0 0
272.036 0 1 0 0 0 0 0 0 0
272.437 1 0 0 0 0 0 0 0 0
272.994 0 1 0 0 0 0 0 0 0
273.53 1 0 0 0 0 0 0 0 0
274.262 0 1 0 0 0 0 0 0 0
274.551 1 0 0 0 0 0 0 0 0
275.035 0 1 0 0 0 0 0 0 0
275.436 1 0 0 0 0 0 0 0 0
276.199 0 1 0 0 0 0 0 0 0
276.632 1 0 0 0 0 0 0 0 0
277.261 0 1 0 0 0 0 0 0 0
277.704 1 0 0 0 0 0 0 0 0
278.322 0 1 0 0 0 0 0 0 0
278.888 1 0 0 0 0 0 0 0 0
280.105 0 1 0 0 0 0 0 0 0
280.579 1 0 0 0 0 0 0 0 0
281.011 0 1 0 0 0 0 0 0 0
281.362 1 0 0 0 0 0 0 0 0
281.784 0 1 0 0 0 0 0 0 0
282.412 1 0 0 0 0 0 0 0 0
282.804 0 1 0 0 0 0 0 0 0
283.567 1 0 0 0 0 0 0 0 0
284.247 0 1 0 0 0 0 0 0 0
285.061 1 0 0 0 0 0 0 0 0
285.958 0 1 0 0 0 0 0 0 0
286.544 1 0 0 0 0 0 0 0 0
287.142 0 1 0 0 0 0 0 0 0
287.761 1 0 0 0 0 0 0 0 0
289.163 0 1 0 0 0 0 0 0 0
289.647 1 0 0 0 0 0 0 0 0
290.604 0 1 0 0 0 0 0 0 0
292.347 1 0 0 0 0 0 0 0 0
293.285 0 1 0 0 0 0 0 0 0
293.749 1 0 0 0 0 0 0 0 0
294.129 0 1 0 0 0 0 0 0 0
294.521 1 0 0 0 0 0 0 0 0
295.294 0 1 0 0 0 0 0 0 0
295.83 1 0 0 0 0 0 0 0 0
297.293 0 1 0 0 0 0 0 0 0
297.747 1 0 0 0 0 0 0 0 0
298.333 0 1 0 0 0 0 0 0 0
298.643 1 0 0 0 0 0 0 0 0
299.632 0 1 0 0 0 0 0 0 0
300.147 1 0 0 0 0 0 0 0 0
300.632 0 1 0 0 0 0 0 0 0
302.455 1 0 0 0 0 0 0 0 0
303.723 0 1 0 0 0 0 0 0 0
305.516 1 0 0 0 0 0 0 0 0
305.948 0 1 0 0 0 0 0 0 0
306.948 1 0 0 0 0 0 0 0 0
307.02 0 1 0 0 0 0 0 0 0
307.123 1 0 1 0 0 0 0 0 0
307.154 0 1 0 0 0 0 0 0 0
308.793 0 0 0 1 0 0 0 0 0
309.133 0 0 0 0 1 0 0 0 0
309.936 1 0 0 0 0 0 0 0 0
310.493 0 1 0 0 0 0 0 0 0
310.853 1 0 0 0 0 0 0 0 0
311.595 0 1 0 0 0 0 0 0 0
311.987 1 0 0 0 0 0 0 0 0
312.605 0 1 0 0 0 0 0 0 0
313.214 1 0 0 0 0 0 0 0 0
313.831 0 1 0 0 0 0 0 0 0
314.604 1 0 0 0 0 0 0 0 0
315.222 0 1 0 0 0 0 0 0 0
315.779 1 0 0 0 0 0 0 0 0
316.521 0 1 0 0 0 0 0 0 0
317.273 1 0 0 0 0 0 0 0 0
319.251 0 1 0 0 0 0 0 0 0
319.819 1 0 0 0 0 0 0 0 0
320.901 0 1 0 0 0 0 0 0 0
322.93 0 0 0 1 0 0 0 0 0
328.629 0 0 0 0 1 0 0 0 0
329.215 1 0 0 0 0 0 0 0 0
329.804 0 1 0 0 0 0 0 0 0
330.277 1 0 0 0 0 0 0 0 0
330.895 0 1 0 0 0 0 0 0 0
331.74 1 0 0 0 0 0 0 0 0
332.503 0 1 0 0 0 0 0 0 0
333.11 1 0 0 0 0 0 0 0 0
333.399 0 1 0 0 0 0 0 0 0
333.811 1 0 0 0 0 0 0 0 0
334.275 0 1 0 0 0 0 0 0 0
335.1 1 0 0 0 0 0 0 0 0
336.388 0 1 0 0 0 0 0 0 0
336.666 0 0 0 1 0 0 0 0 0
337.159 0 0 0 0 1 0 0 0 0
337.984 1 0 0 0 0 0 0 0 0
338.087 0 1 0 0 0 0 0 0 0
338.15 1 0 1 0 0 0 0 0 0
338.273 0 1 0 0 0 0 0 0 0
342.333 1 0 0 0 0 0 0 0 0
342.9 0 1 0 0 0 0 0 0 0
343.343 1 0 0 0 0 0 0 0 0
343.962 0 1 0 0 0 0 0 0 0
344.354 1 0 0 0 0 0 0 0 0
344.776 0 1 0 0 0 0 0 0 0
345.156 1 0 0 0 0 0 0 0 0
345.775 0 1 0 0 0 0 0 0 0
346.115 1 0 0 0 0 0 0 0 0
346.775 0 1 0 0 0 0 0 0 0
347.105 1 0 0 0 0 0 0 0 0
347.909 0 1 0 0 0 0 0 0 0
348.259 1 0 0 0 0 0 0 0 0
349.299 0 1 0 0 0 0 0 0 0
349.557 1 0 0 0 0 0 0 0 0
350.412 0 1 0 0 0 0 0 0 0
350.804 1 0 0 0 0 0 0 0 0
351.288 0 1 0 0 0 0 0 0 0
354.782 1 0 0 0 0 0 0 0 0
354.926 0 1 0 0 0 0 0 0 0
357.45 1 0 0 0 0 0 0 0 0
358.316 0 1 0 0 0 0 0 0 0
358.79 1 0 0 0 0 0 0 0 0
359.275 0 1 0 0 0 0 0 0 0
359.801 1 0 0 0 0 0 0 0 0
360.356 0 1 0 0 0 0 0 0 0
360.841 1 0 0 0 0 0 0 0 0
361.388 0 1 0 0 0 0 0 0 0
361.923 1 0 0 0 0 0 0 0 0
362.346 0 1 0 0 0 0 0 0 0
