12.2036 1 0 0 0 0 0 0 0 0
13.0274 0 1 0 0 0 0 0 0 0
13.5225 1 0 0 0 0 0 0 0 0
14.1212 0 1 0 0 0 0 0 0 0
14.738 1 0 0 0 0 0 0 0 0
15.5628 0 1 0 0 0 0 0 0 0
16.1087 1 0 0 0 0 0 0 0 0
16.7894 0 1 0 0 0 0 0 0 0
17.4184 1 0 0 0 0 0 0 0 0
17.9332 0 1 0 0 0 0 0 0 0
18.593 1 0 0 0 0 0 0 0 0
19.3648 0 1 0 0 0 0 0 0 0
19.8907 1 0 0 0 0 0 0 0 0
20.4675 0 1 0 0 0 0 0 0 0
21.3444 1 0 0 0 0 0 0 0 0
21.4363 0 1 0 0 0 0 0 0 0
21.5292 1 0 1 0 0 0 0 0 0
21.6012 0 1 0 0 0 0 0 0 0
22.1781 1 0 0 0 0 0 0 0 0
22.2811 0 1 0 0 0 0 0 0 0
22.354 1 0 1 0 0 0 0 0 0
22.446 0 1 0 0 0 0 0 0 0
23.3018 1 0 0 0 0 0 0 0 0
24.1156 0 1 0 0 0 0 0 0 0
24.4655 1 0 0 0 0 0 0 0 0
25.4147 0 1 0 0 0 0 0 0 0
25.7642 1 0 0 0 0 0 0 0 0
26.61 0 1 0 0 0 0 0 0 0
27.0318 1 0 0 0 0 0 0 0 0
27.8047 0 1 0 0 0 0 0 0 0
28.2996 1 0 0 0 0 0 0 0 0
29.4433 0 1 0 0 0 0 0 0 0
29.9791 1 0 0 0 0 0 0 0 0
31.0309 0 1 0 0 0 0 0 0 0
31.5037 1 0 0 0 0 0 0 0 0
32.2565 0 1 0 0 0 0 0 0 0
32.7614 1 0 0 0 0 0 0 0 0
33.2553 0 1 0 0 0 0 0 0 0
33.8121 1 0 0 0 0 0 0 0 0
34.6059 0 1 0 0 0 0 0 0 0
35.1728 1 0 0 0 0 0 0 0 0
36.0487 0 1 0 0 0 0 0 0 0
36.5954 1 0 0 0 0 0 0 0 0
37.1504 0 1 0 0 0 0 0 0 0
37.9751 1 0 0 0 0 0 0 0 0
38.7489 0 1 0 0 0 0 0 0 0
39.2218 1 0 0 0 0 0 0 0 0
40.5614 0 1 0 0 0 0 0 0 0
40.9734 1 0 0 0 0 0 0 0 0
41.4272 0 1 0 0 0 0 0 0 0
42.8699 1 0 0 0 0 0 0 0 0
42.9828 0 1 0 0 0 0 0 0 0
43.2198 1 0 1 0 0 0 0 0 0
43.3227 0 1 0 0 0 0 0 0 0
43.4057 1 0 0 0 0 0 0 0 0
43.4877 0 1 0 0 0 0 0 0 0
44.3125 1 0 0 0 0 0 0 0 0
45.3322 0 1 0 0 0 0 0 0 0
45.8071 1 0 0 0 0 0 0 0 0
46.4759 0 1 0 0 0 0 0 0 0
47.2077 1 0 0 0 0 0 0 0 0
47.9496 0 1 0 0 0 0 0 0 0
48.4655 1 0 0 0 0 0 0 0 0
49.2892 0 1 0 0 0 0 0 0 0
50.134 1 0 0 0 0 0 0 0 0
50.8768 0 1 0 0 0 0 0 0 0
51.3608 1 0 0 0 0 0 0 0 0
52.2055 0 1 0 0 0 0 0 0 0
52.6384 0 0 0 1 0 0 0 0 0
55.5446 0 0 0 0 1 0 0 0 0
55.7406 0 0 0 1 0 0 0 0 0
55.8025 0 0 0 0 1 0 0 0 0
55.8645 0 0 0 1 0 0 0 0 0
58.162 0 0 0 0 1 0 0 0 0
58.6879 0 0 0 1 0 0 0 0 0
61.2332 0 0 0 0 1 0 0 0 0
61.5521 0 0 0 1 0 0 0 0 0
62.9537 0 0 0 0 1 0 0 0 0
63.2636 1 0 0 0 0 0 0 0 0
63.8915 0 1 0 0 0 0 0 0 0
64.2214 0 0 0 1 0 0 0 0 0
65.736 0 0 0 0 1 0 0 0 0
66.0349 0 0 0 1 0 0 0 0 0
66.2719 0 0 0 0 1 0 0 0 0
66.8388 1 0 0 0 0 0 0 0 0
67.4266 0 1 0 0 0 0 0 0 0
67.7875 0 0 0 1 0 0 0 0 0
67.9725 0 0 0 0 1 0 0 0 0
68.3224 0 0 0 1 0 0 0 0 0
70.8167 0 0 0 0 1 0 0 0 0
72.0434 1 0 0 0 0 0 0 0 0
72.6402 0 1 0 0 0 0 0 0 0
73.1252 0 0 0 1 0 0 0 0 0
73.857 0 0 0 0 1 0 0 0 0
74.1869 1 0 0 0 0 0 0 0 0
75.0217 0 1 0 0 0 0 0 0 0
75.3306 0 0 0 1 0 0 0 0 0
77.0611 0 0 0 0 1 0 0 0 0
78.7207 1 0 0 0 0 0 0 0 0
78.8137 0 1 0 0 0 0 0 0 0
78.8857 1 0 1 0 0 0 0 0 0
78.9887 0 1 0 0 0 0 0 0 0
82.3078 1 0 0 0 0 0 0 0 0
82.4098 0 1 0 0 0 0 0 0 0
82.5438 1 0 1 0 0 0 0 0 0
84.1005 0 1 0 0 0 0 0 0 0
84.4603 1 0 0 0 0 0 0 0 0
85.1301 0 1 0 0 0 0 0 0 0
85.594 1 0 0 0 0 0 0 0 0
86.2948 0 1 0 0 0 0 0 0 0
86.6557 1 0 0 0 0 0 0 0 0
87.2845 0 1 0 0 0 0 0 0 0
87.6346 1 0 0 0 0 0 0 0 0
88.2423 0 1 0 0 0 0 0 0 0
88.5932 1 0 0 0 0 0 0 0 0
89.418 0 1 0 0 0 0 0 0 0
89.7061 1 0 0 0 0 0 0 0 0
90.0459 0 1 0 0 0 0 0 0 0
90.6537 1 0 0 0 0 0 0 0 0
91.2826 0 1 0 0 0 0 0 0 0
92.8181 0 0 0 0 0 1 0 0 0
94.1888 0 0 0 0 0 0 1 0 0
119.126 1 0 0 0 0 0 0 0 0
121.187 0 1 0 0 0 0 0 0 0
121.63 1 0 0 0 0 0 0 0 0
123.166 0 1 0 0 0 0 0 0 0
123.444 0 0 0 1 0 0 0 0 0
126.268 0 0 0 0 1 0 0 0 0
127.359 1 0 0 0 0 0 0 0 0
128.256 0 1 0 0 0 0 0 0 0
129.905 1 0 0 0 0 0 0 0 0
130.472 0 1 0 0 0 0 0 0 0
130.884 0 0 0 1 0 0 0 0 0
133.367 0 0 0 0 1 0 0 0 0
135.067 1 0 0 0 0 0 0 0 0
135.16 0 1 0 0 0 0 0 0 0
135.254 1 0 1 0 0 0 0 0 0
135.356 0 1 0 0 0 0 0 0 0
136.851 1 0 0 0 0 0 0 0 0
137.356 0 1 0 0 0 0 0 0 0
137.748 0 0 0 1 0 0 0 0 0
139.262 0 0 0 0 1 0 0 0 0
140.251 1 0 0 0 0 0 0 0 0
140.344 0 1 0 0 0 0 0 0 0
140.427 1 0 1 0 0 0 0 0 0
140.499 0 1 0 0 0 0 0 0 0
142.93 1 0 0 0 0 0 0 0 0
143.641 0 1 0 0 0 0 0 0 0
144.105 1 0 0 0 0 0 0 0 0
144.981 0 1 0 0 0 0 0 0 0
145.456 1 0 0 0 0 0 0 0 0
146.115 0 1 0 0 0 0 0 0 0
146.506 1 0 0 0 0 0 0 0 0
147.3 0 1 0 0 0 0 0 0 0
147.815 1 0 0 0 0 0 0 0 0
148.712 0 1 0 0 0 0 0 0 0
149.217 1 0 0 0 0 0 0 0 0
150.279 0 1 0 0 0 0 0 0 0
150.67 0 0 0 1 0 0 0 0 0
152.411 0 0 0 0 1 0 0 0 0
153.215 1 0 0 0 0 0 0 0 0
153.803 0 1 0 0 0 0 0 0 0
154.544 1 0 0 0 0 0 0 0 0
155.348 0 1 0 0 0 0 0 0 0
156.234 1 0 0 0 0 0 0 0 0
157.05 0 1 0 0 0 0 0 0 0
157.43 0 0 0 1 0 0 0 0 0
158.264 0 0 0 0 1 0 0 0 0
158.749 0 0 0 1 0 0 0 0 0
160.253 0 0 0 0 1 0 0 0 0
160.593 0 0 0 1 0 0 0 0 0
163.736 0 0 0 0 1 0 0 0 0
163.973 0 0 0 1 0 0 0 0 0
164.489 0 0 0 0 1 0 0 0 0
165.097 1 0 0 0 0 0 0 0 0
165.272 0 1 0 0 0 0 0 0 0
165.385 1 0 1 0 0 0 0 0 0
165.509 0 1 0 0 0 0 0 0 0
169.642 1 0 0 0 0 0 0 0 0
169.765 0 1 0 0 0 0 0 0 0
172.083 1 0 0 0 0 0 0 0 0
172.887 0 1 0 0 0 0 0 0 0
173.197 1 0 0 0 0 0 0 0 0
173.897 0 1 0 0 0 0 0 0 0
174.443 1 0 0 0 0 0 0 0 0
175.257 0 1 0 0 0 0 0 0 0
175.71 1 0 0 0 0 0 0 0 0
176.658 0 1 0 0 0 0 0 0 0
177.112 1 0 0 0 0 0 0 0 0
177.874 0 1 0 0 0 0 0 0 0
179.338 0 0 0 0 0 1 0 0 0
180.874 0 0 0 0 0 0 1 0 0
190.024 0 0 0 0 0 1 0 0 0
190.838 0 0 0 0 0 0 1 0 0
192.621 0 0 0 0 0 1 0 0 0
193.177 0 0 0 0 0 0 1 0 0
211.777 0 0 0 1 0 0 0 0 0
214.631 0 0 0 0 1 0 0 0 0
215.064 0 0 0 1 0 0 0 0 0
216.26 0 0 0 0 1 0 0 0 0
216.961 0 0 0 1 0 0 0 0 0
221.236 0 0 0 0 1 0 0 0 0
221.691 1 0 0 0 0 0 0 0 0
222.226 0 1 0 0 0 0 0 0 0
222.597 1 0 0 0 0 0 0 0 0
222.999 0 1 0 0 0 0 0 0 0
223.267 0 0 0 1 0 0 0 0 0
226.977 0 0 0 0 1 0 0 0 0
227.77 1 0 0 0 0 0 0 0 0
228.759 0 1 0 0 0 0 0 0 0
229.45 1 0 0 0 0 0 0 0 0
230.089 0 1 0 0 0 0 0 0 0
231.512 1 0 0 0 0 0 0 0 0
231.552 0 1 0 0 0 0 0 0 0
231.666 1 0 1 0 0 0 0 0 0
231.759 0 1 0 0 0 0 0 0 0
232.572 1 0 0 0 0 0 0 0 0
233.221 0 1 0 0 0 0 0 0 0
233.521 0 0 0 1 0 0 0 0 0
237.756 0 0 0 0 1 0 0 0 0
238.065 1 0 0 0 0 0 0 0 0
238.962 0 1 0 0 0 0 0 0 0
239.58 0 0 0 1 0 0 0 0 0
243.341 0 0 0 0 1 0 0 0 0
243.661 1 0 0 0 0 0 0 0 0
244.526 0 1 0 0 0 0 0 0 0
244.845 0 0 0 1 0 0 0 0 0
245.69 0 0 0 0 1 0 0 0 0
246.546 1 0 0 0 0 0 0 0 0
246.639 0 1 0 0 0 0 0 0 0
246.711 1 0 1 0 0 0 0 0 0
246.804 0 1 0 0 0 0 0 0 0
247.958 1 0 0 0 0 0 0 0 0
248.895 0 1 0 0 0 0 0 0 0
249.524 1 0 0 0 0 0 0 0 0
250.091 0 1 0 0 0 0 0 0 0
250.616 1 0 0 0 0 0 0 0 0
251.276 0 1 0 0 0 0 0 0 0
251.833 1 0 0 0 0 0 0 0 0
252.574 0 1 0 0 0 0 0 0 0
256.521 1 0 0 0 0 0 0 0 0
257.49 0 1 0 0 0 0 0 0 0
257.923 1 0 0 0 0 0 0 0 0
258.933 0 1 0 0 0 0 0 0 0
259.376 1 0 0 0 0 0 0 0 0
259.912 0 1 0 0 0 0 0 0 0
260.252 1 0 0 0 0 0 0 0 0
261.169 0 1 0 0 0 0 0 0 0
261.695 1 0 0 0 0 0 0 0 0
261.932 0 1 0 0 0 0 0 0 0
263.324 1 0 0 0 0 0 0 0 0
263.406 0 1 0 0 0 0 0 0 0
263.468 1 0 1 0 0 0 0 0 0
263.581 0 1 0 0 0 0 0 0 0
264.828 0 0 0 0 0 1 0 0 0
266.848 0 0 0 0 0 0 1 0 0
288.19 0 0 0 1 0 0 0 0 0
291.581 0 0 0 0 1 0 0 0 0
291.838 0 0 0 1 0 0 0 0 0
293.498 0 0 0 0 1 0 0 0 0
293.982 1 0 0 0 0 0 0 0 0
295.003 0 1 0 0 0 0 0 0 0
295.445 1 0 0 0 0 0 0 0 0
296.331 0 1 0 0 0 0 0 0 0
296.723 0 0 0 1 0 0 0 0 0
296.95 0 0 0 0 1 0 0 0 0
297.774 1 0 0 0 0 0 0 0 0
297.888 0 1 0 0 0 0 0 0 0
297.94 1 0 1 0 0 0 0 0 0
298.043 0 1 0 0 0 0 0 0 0
299.557 1 0 0 0 0 0 0 0 0
300.691 0 1 0 0 0 0 0 0 0
301.464 0 0 0 1 0 0 0 0 0
304.916 0 0 0 0 1 0 0 0 0
305.442 1 0 0 0 0 0 0 0 0
306.462 0 1 0 0 0 0 0 0 0
307.224 0 0 0 1 0 0 0 0 0
309.945 0 0 0 0 1 0 0 0 0
310.471 1 0 0 0 0 0 0 0 0
311.14 0 1 0 0 0 0 0 0 0
311.511 1 0 0 0 0 0 0 0 0
312.119 0 1 0 0 0 0 0 0 0
312.717 0 0 0 1 0 0 0 0 0
314.747 0 0 0 0 1 0 0 0 0
314.922 0 0 0 1 0 0 0 0 0
315.365 0 0 0 0 1 0 0 0 0
315.798 1 0 0 0 0 0 0 0 0
316.437 0 1 0 0 0 0 0 0 0
317.5 1 0 0 0 0 0 0 0 0
317.571 0 1 0 0 0 0 0 0 0
318.158 0 0 0 1 0 0 0 0 0
320.435 0 0 0 0 1 0 0 0 0
321.477 1 0 0 0 0 0 0 0 0
321.56 0 1 0 0 0 0 0 0 0
321.621 1 0 1 0 0 0 0 0 0
321.704 0 1 0 0 0 0 0 0 0
322.568 0 0 0 1 0 0 0 0 0
325.722 0 0 0 0 1 0 0 0 0
327.144 1 0 0 0 0 0 0 0 0
327.288 0 1 0 0 0 0 0 0 0
327.35 1 0 1 0 0 0 0 0 0
327.454 0 1 0 0 0 0 0 0 0
327.968 1 0 0 0 0 0 0 0 0
329.226 0 1 0 0 0 0 0 0 0
329.576 1 0 0 0 0 0 0 0 0
330.071 0 1 0 0 0 0 0 0 0
330.39 1 0 0 0 0 0 0 0 0
331.06 0 1 0 0 0 0 0 0 0
331.462 1 0 0 0 0 0 0 0 0
332.276 0 1 0 0 0 0 0 0 0
332.771 1 0 0 0 0 0 0 0 0
333.822 0 1 0 0 0 0 0 0 0
334.398 0 0 0 1 0 0 0 0 0
339.077 0 0 0 0 1 0 0 0 0
339.644 1 0 0 0 0 0 0 0 0
340.324 0 1 0 0 0 0 0 0 0
340.695 0 0 0 1 0 0 0 0 0
343.807 0 0 0 0 1 0 0 0 0
344.158 1 0 0 0 0 0 0 0 0
345.343 0 1 0 0 0 0 0 0 0
346.683 1 0 0 0 0 0 0 0 0
346.796 0 1 0 0 0 0 0 0 0
346.867 1 0 1 0 0 0 0 0 0
346.971 0 1 0 0 0 0 0 0 0
349.26 1 0 0 0 0 0 0 0 0
349.826 0 1 0 0 0 0 0 0 0
350.392 1 0 0 0 0 0 0 0 0
351.258 0 1 0 0 0 0 0 0 0
352.144 1 0 0 0 0 0 0 0 0
352.268 0 1 0 0 0 0 0 0 0
352.319 1 0 1 0 0 0 0 0 0
352.443 0 1 0 0 0 0 0 0 0
353.123 1 0 0 0 0 0 0 0 0
354.308 0 1 0 0 0 0 0 0 0
354.761 1 0 0 0 0 0 0 0 0
355.771 0 1 0 0 0 0 0 0 0
356.071 1 0 0 0 0 0 0 0 0
356.637 0 1 0 0 0 0 0 0 0
357.245 1 0 0 0 0 0 0 0 0
358.326 0 1 0 0 0 0 0 0 0
358.698 1 0 0 0 0 0 0 0 0
359.687 0 1 0 0 0 0 0 0 0
360.171 1 0 0 0 0 0 0 0 0
360.944 0 1 0 0 0 0 0 0 0
361.613 1 0 0 0 0 0 0 0 0
362.428 0 1 0 0 0 0 0 0 0
387.243 1 0 0 0 0 0 0 0 0
387.356 0 1 0 0 0 0 0 0 0
