3.09893 0 0 0 0 0 1 0 0 0
4.47951 0 0 0 0 0 0 1 0 0
27.7586 0 0 0 1 0 0 0 0 0
31.4067 0 0 0 0 1 0 0 0 0
31.6846 0 0 0 1 0 0 0 0 0
35.6726 0 0 0 0 1 0 0 0 0
36.4045 1 0 0 0 0 0 0 0 0
36.4865 0 1 0 0 0 0 0 0 0
36.5584 1 0 1 0 0 0 0 0 0
36.6724 0 1 0 0 0 0 0 0 0
38.084 1 0 0 0 0 0 0 0 0
39.0008 0 1 0 0 0 0 0 0 0
39.4337 1 0 0 0 0 0 0 0 0
40.5774 0 1 0 0 0 0 0 0 0
41.1542 1 0 0 0 0 0 0 0 0
41.7841 0 1 0 0 0 0 0 0 0
42.072 1 0 0 0 0 0 0 0 0
42.6899 0 1 0 0 0 0 0 0 0
43.0817 1 0 0 0 0 0 0 0 0
44.0196 0 1 0 0 0 0 0 0 0
44.4004 1 0 0 0 0 0 0 0 0
44.9672 0 1 0 0 0 0 0 0 0
45.834 0 0 0 1 0 0 0 0 0
50.0779 0 0 0 0 1 0 0 0 0
50.5828 1 0 0 0 0 0 0 0 0
51.2736 0 1 0 0 0 0 0 0 0
51.7475 1 0 0 0 0 0 0 0 0
52.5614 0 1 0 0 0 0 0 0 0
53.0152 1 0 0 0 0 0 0 0 0
53.9729 0 1 0 0 0 0 0 0 0
54.4779 1 0 0 0 0 0 0 0 0
55.5085 0 1 0 0 0 0 0 0 0
55.9516 1 0 0 0 0 0 0 0 0
56.5903 0 1 0 0 0 0 0 0 0
57.1161 1 0 0 0 0 0 0 0 0
57.621 0 1 0 0 0 0 0 0 0
58.0449 1 0 0 0 0 0 0 0 0
59.2286 0 1 0 0 0 0 0 0 0
59.6625 1 0 0 0 0 0 0 0 0
60.3523 0 1 0 0 0 0 0 0 0
61.0222 0 0 0 1 0 0 0 0 0
63.5465 0 0 0 0 1 0 0 0 0
64.2683 1 0 0 0 0 0 0 0 0
65.494 0 1 0 0 0 0 0 0 0
65.9268 0 0 0 1 0 0 0 0 0
66.7917 0 0 0 0 1 0 0 0 0
67.1525 0 0 0 1 0 0 0 0 0
69.8009 0 0 0 0 1 0 0 0 0
70.1828 1 0 0 0 0 0 0 0 0
70.8106 0 1 0 0 0 0 0 0 0
71.2845 1 0 0 0 0 0 0 0 0
71.8414 0 1 0 0 0 0 0 0 0
72.3872 1 0 0 0 0 0 0 0 0
73.263 0 1 0 0 0 0 0 0 0
73.9638 0 0 0 1 0 0 0 0 0
75.6434 0 0 0 0 1 0 0 0 0
76.0452 1 0 0 0 0 0 0 0 0
76.9311 0 1 0 0 0 0 0 0 0
77.5709 1 0 0 0 0 0 0 0 0
77.6629 0 1 0 0 0 0 0 0 0
77.7359 1 0 1 0 0 0 0 0 0
77.8388 0 1 0 0 0 0 0 0 0
84.4231 1 0 0 0 0 0 0 0 0
85.4749 0 1 0 0 0 0 0 0 0
86.0717 1 0 0 0 0 0 0 0 0
86.6905 0 1 0 0 0 0 0 0 0
87.1334 1 0 0 0 0 0 0 0 0
87.9582 0 1 0 0 0 0 0 0 0
88.3291 1 0 0 0 0 0 0 0 0
89.0609 0 1 0 0 0 0 0 0 0
89.4828 1 0 0 0 0 0 0 0 0
90.1217 0 1 0 0 0 0 0 0 0
90.5446 1 0 0 0 0 0 0 0 0
91.5644 0 1 0 0 0 0 0 0 0
91.9971 1 0 0 0 0 0 0 0 0
92.554 0 1 0 0 0 0 0 0 0
93.0689 1 0 0 0 0 0 0 0 0
93.6158 0 1 0 0 0 0 0 0 0
94.1816 1 0 0 0 0 0 0 0 0
95.0894 0 1 0 0 0 0 0 0 0
96.2941 1 0 0 0 0 0 0 0 0
97.4688 0 1 0 0 0 0 0 0 0
97.8917 1 0 0 0 0 0 0 0 0
98.6334 0 1 0 0 0 0 0 0 0
99.0664 0 0 0 1 0 0 0 0 0
102.034 0 0 0 0 1 0 0 0 0
102.662 1 0 0 0 0 0 0 0 0
103.301 0 1 0 0 0 0 0 0 0
104.373 1 0 0 0 0 0 0 0 0
105.126 0 1 0 0 0 0 0 0 0
105.579 1 0 0 0 0 0 0 0 0
106.043 0 1 0 0 0 0 0 0 0
107.042 1 0 0 0 0 0 0 0 0
108.227 0 1 0 0 0 0 0 0 0
108.979 1 0 0 0 0 0 0 0 0
109.795 0 1 0 0 0 0 0 0 0
110.236 1 0 0 0 0 0 0 0 0
111.04 0 1 0 0 0 0 0 0 0
112.947 0 0 0 1 0 0 0 0 0
118.007 0 0 0 0 1 0 0 0 0
119.243 1 0 0 0 0 0 0 0 0
120.067 0 1 0 0 0 0 0 0 0
120.81 1 0 0 0 0 0 0 0 0
121.356 0 1 0 0 0 0 0 0 0
121.903 1 0 0 0 0 0 0 0 0
122.057 0 1 0 0 0 0 0 0 0
122.129 1 0 1 0 0 0 0 0 0
122.963 0 1 0 0 0 0 0 0 0
123.416 1 0 0 0 0 0 0 0 0
124.292 0 1 0 0 0 0 0 0 0
124.921 1 0 0 0 0 0 0 0 0
125.725 0 1 0 0 0 0 0 0 0
126.075 1 0 0 0 0 0 0 0 0
126.662 0 1 0 0 0 0 0 0 0
127.25 1 0 0 0 0 0 0 0 0
128.755 0 1 0 0 0 0 0 0 0
129.301 1 0 0 0 0 0 0 0 0
130.073 0 1 0 0 0 0 0 0 0
130.64 1 0 0 0 0 0 0 0 0
131.114 0 1 0 0 0 0 0 0 0
135.123 1 0 0 0 0 0 0 0 0
135.246 0 1 0 0 0 0 0 0 0
138.09 1 0 0 0 0 0 0 0 0
139.379 0 1 0 0 0 0 0 0 0
139.791 1 0 0 0 0 0 0 0 0
140.399 0 1 0 0 0 0 0 0 0
140.904 1 0 0 0 0 0 0 0 0
141.286 0 1 0 0 0 0 0 0 0
142.027 1 0 0 0 0 0 0 0 0
142.604 0 1 0 0 0 0 0 0 0
150.578 0 0 0 0 0 1 0 0 0
151.436 0 0 0 0 0 0 1 0 0
154.918 0 0 0 0 0 1 0 0 0
155.755 0 0 0 0 0 0 1 0 0
159.298 0 0 0 0 0 1 0 0 0
160.493 0 0 0 0 0 0 1 0 0
176.589 0 0 0 1 0 0 0 0 0
177.094 0 0 0 0 1 0 0 0 0
177.661 1 0 0 0 0 0 0 0 0
177.764 0 1 0 0 0 0 0 0 0
177.837 1 0 1 0 0 0 0 0 0
177.94 0 1 0 0 0 0 0 0 0
179.084 1 0 0 0 0 0 0 0 0
179.836 0 1 0 0 0 0 0 0 0
180.228 1 0 0 0 0 0 0 0 0
181 0 1 0 0 0 0 0 0 0
183.845 0 0 0 0 0 1 0 0 0
185.008 0 0 0 0 0 0 1 0 0
206.876 0 0 0 1 0 0 0 0 0
211.101 0 0 0 0 1 0 0 0 0
211.781 1 0 0 0 0 0 0 0 0
212.522 0 1 0 0 0 0 0 0 0
212.986 1 0 0 0 0 0 0 0 0
213.615 0 1 0 0 0 0 0 0 0
214.285 1 0 0 0 0 0 0 0 0
215.274 0 1 0 0 0 0 0 0 0
215.583 1 0 0 0 0 0 0 0 0
216.087 0 1 0 0 0 0 0 0 0
216.293 0 0 0 1 0 0 0 0 0
218.324 0 0 0 0 1 0 0 0 0
218.839 1 0 0 0 0 0 0 0 0
219.931 0 1 0 0 0 0 0 0 0
221.9 1 0 0 0 0 0 0 0 0
221.993 0 1 0 0 0 0 0 0 0
222.054 1 0 1 0 0 0 0 0 0
222.158 0 1 0 0 0 0 0 0 0
224.259 1 0 0 0 0 0 0 0 0
225.177 0 1 0 0 0 0 0 0 0
225.795 1 0 0 0 0 0 0 0 0
226.29 0 1 0 0 0 0 0 0 0
226.795 1 0 0 0 0 0 0 0 0
227.207 0 1 0 0 0 0 0 0 0
227.474 0 0 0 1 0 0 0 0 0
229.68 0 0 0 0 1 0 0 0 0
230.401 1 0 0 0 0 0 0 0 0
231.308 0 1 0 0 0 0 0 0 0
232.081 1 0 0 0 0 0 0 0 0
232.72 0 1 0 0 0 0 0 0 0
233.297 1 0 0 0 0 0 0 0 0
234.009 0 1 0 0 0 0 0 0 0
234.534 1 0 0 0 0 0 0 0 0
234.874 0 1 0 0 0 0 0 0 0
235.316 0 0 0 1 0 0 0 0 0
237.45 0 0 0 0 1 0 0 0 0
238.326 1 0 0 0 0 0 0 0 0
239.5 0 1 0 0 0 0 0 0 0
239.974 1 0 0 0 0 0 0 0 0
240.747 0 1 0 0 0 0 0 0 0
241.366 0 0 0 1 0 0 0 0 0
242.86 0 0 0 0 1 0 0 0 0
243.179 1 0 0 0 0 0 0 0 0
244.065 0 1 0 0 0 0 0 0 0
244.344 0 0 0 1 0 0 0 0 0
245.714 0 0 0 0 1 0 0 0 0
246.436 1 0 0 0 0 0 0 0 0
246.56 0 1 0 0 0 0 0 0 0
246.642 1 0 1 0 0 0 0 0 0
246.735 0 1 0 0 0 0 0 0 0
249.28 0 0 0 1 0 0 0 0 0
252.505 0 0 0 0 1 0 0 0 0
253.238 0 0 0 1 0 0 0 0 0
253.752 0 0 0 0 1 0 0 0 0
254.278 1 0 0 0 0 0 0 0 0
254.896 0 1 0 0 0 0 0 0 0
255.308 1 0 0 0 0 0 0 0 0
256.142 0 1 0 0 0 0 0 0 0
257.091 1 0 0 0 0 0 0 0 0
257.689 0 1 0 0 0 0 0 0 0
258.111 1 0 0 0 0 0 0 0 0
258.771 0 1 0 0 0 0 0 0 0
259.626 1 0 0 0 0 0 0 0 0
260.543 0 1 0 0 0 0 0 0 0
261.141 1 0 0 0 0 0 0 0 0
261.78 0 1 0 0 0 0 0 0 0
262.357 1 0 0 0 0 0 0 0 0
262.398 0 1 0 0 0 0 0 0 0
262.574 1 0 1 0 0 0 0 0 0
262.615 0 1 0 0 0 0 0 0 0
267.53 1 0 0 0 0 0 0 0 0
268.632 0 1 0 0 0 0 0 0 0
269.064 1 0 0 0 0 0 0 0 0
269.714 0 1 0 0 0 0 0 0 0
270.116 1 0 0 0 0 0 0 0 0
270.62 0 1 0 0 0 0 0 0 0
271.393 1 0 0 0 0 0 0 0 0
272.187 0 1 0 0 0 0 0 0 0
272.712 1 0 0 0 0 0 0 0 0
273.959 0 1 0 0 0 0 0 0 0
274.279 1 0 0 0 0 0 0 0 0
275.411 0 1 0 0 0 0 0 0 0
276.38 1 0 0 0 0 0 0 0 0
277.256 0 1 0 0 0 0 0 0 0
277.617 1 0 0 0 0 0 0 0 0
278.863 0 1 0 0 0 0 0 0 0
279.265 1 0 0 0 0 0 0 0 0
279.77 0 1 0 0 0 0 0 0 0
280.05 1 0 0 0 0 0 0 0 0
280.585 0 1 0 0 0 0 0 0 0
281.017 1 0 0 0 0 0 0 0 0
281.223 0 1 0 0 0 0 0 0 0
282.337 0 0 0 0 0 1 0 0 0
283.696 0 0 0 0 0 0 1 0 0
302.564 0 0 0 1 0 0 0 0 0
305.542 0 0 0 0 1 0 0 0 0
306.037 1 0 0 0 0 0 0 0 0
306.15 0 1 0 0 0 0 0 0 0
306.211 1 0 1 0 0 0 0 0 0
306.325 0 1 0 0 0 0 0 0 0
308.995 1 0 0 0 0 0 0 0 0
309.561 0 1 0 0 0 0 0 0 0
309.839 1 0 0 0 0 0 0 0 0
310.416 0 1 0 0 0 0 0 0 0
310.797 1 0 0 0 0 0 0 0 0
311.436 0 1 0 0 0 0 0 0 0
311.818 1 0 0 0 0 0 0 0 0
312.178 0 1 0 0 0 0 0 0 0
312.508 0 0 0 1 0 0 0 0 0
316.146 0 0 0 0 1 0 0 0 0
316.475 1 0 0 0 0 0 0 0 0
317.073 0 1 0 0 0 0 0 0 0
319.597 1 0 0 0 0 0 0 0 0
319.68 0 1 0 0 0 0 0 0 0
319.773 1 0 1 0 0 0 0 0 0
319.845 0 1 0 0 0 0 0 0 0
323.142 1 0 0 0 0 0 0 0 0
323.792 0 1 0 0 0 0 0 0 0
324.173 1 0 0 0 0 0 0 0 0
324.802 0 1 0 0 0 0 0 0 0
325.111 1 0 0 0 0 0 0 0 0
325.708 0 1 0 0 0 0 0 0 0
325.976 1 0 0 0 0 0 0 0 0
327.481 0 1 0 0 0 0 0 0 0
327.903 1 0 0 0 0 0 0 0 0
328.573 0 1 0 0 0 0 0 0 0
332.489 1 0 0 0 0 0 0 0 0
332.582 0 1 0 0 0 0 0 0 0
336.477 1 0 0 0 0 0 0 0 0
336.838 0 1 0 0 0 0 0 0 0
337.445 1 0 0 0 0 0 0 0 0
337.538 0 1 0 0 0 0 0 0 0
337.62 1 0 1 0 0 0 0 0 0
337.703 0 1 0 0 0 0 0 0 0
339.527 1 0 0 0 0 0 0 0 0
340.054 0 1 0 0 0 0 0 0 0
340.682 1 0 0 0 0 0 0 0 0
341.413 0 1 0 0 0 0 0 0 0
341.773 1 0 0 0 0 0 0 0 0
342.299 0 1 0 0 0 0 0 0 0
342.722 1 0 0 0 0 0 0 0 0
343.309 0 1 0 0 0 0 0 0 0
343.866 1 0 0 0 0 0 0 0 0
344.196 0 1 0 0 0 0 0 0 0
344.464 0 0 0 1 0 0 0 0 0
346.792 0 0 0 0 1 0 0 0 0
347.349 1 0 0 0 0 0 0 0 0
348.421 0 1 0 0 0 0 0 0 0
348.863 1 0 0 0 0 0 0 0 0
349.513 0 1 0 0 0 0 0 0 0
349.904 0 0 0 1 0 0 0 0 0
352.1 0 0 0 0 1 0 0 0 0
352.368 1 0 0 0 0 0 0 0 0
353.078 0 1 0 0 0 0 0 0 0
353.521 1 0 0 0 0 0 0 0 0
353.892 0 1 0 0 0 0 0 0 0
354.387 0 0 0 1 0 0 0 0 0
356.046 0 0 0 0 1 0 0 0 0
356.367 1 0 0 0 0 0 0 0 0
357.334 0 1 0 0 0 0 0 0 0
357.839 1 0 0 0 0 0 0 0 0
358.57 0 1 0 0 0 0 0 0 0
359.622 1 0 0 0 0 0 0 0 0
360.075 0 1 0 0 0 0 0 0 0
360.704 1 0 0 0 0 0 0 0 0
361.146 0 1 0 0 0 0 0 0 0
362.538 1 0 0 0 0 0 0 0 0
362.62 0 1 0 0 0 0 0 0 0
362.692 1 0 1 0 0 0 0 0 0
362.796 0 1 0 0 0 0 0 0 0
