18.1072 0 0 0 1 0 0 0 0 0
21.2294 0 0 0 0 1 0 0 0 0
22.1772 1 0 0 0 0 0 0 0 0
23.012 0 1 0 0 0 0 0 0 0
24.1457 1 0 0 0 0 0 0 0 0
24.2696 0 1 0 0 0 0 0 0 0
24.3316 1 0 1 0 0 0 0 0 0
24.4445 0 1 0 0 0 0 0 0 0
26.536 0 0 0 1 0 0 0 0 0
26.9699 0 0 0 0 1 0 0 0 0
27.3002 0 0 0 1 0 0 0 0 0
29.2153 0 0 0 0 1 0 0 0 0
29.7512 0 0 0 1 0 0 0 0 0
30.9369 0 0 0 0 1 0 0 0 0
33.3273 1 0 0 0 0 0 0 0 0
33.4412 0 1 0 0 0 0 0 0 0
33.5134 1 0 1 0 0 0 0 0 0
33.5952 0 1 0 0 0 0 0 0 0
37.9241 1 0 0 0 0 0 0 0 0
38.0061 0 1 0 0 0 0 0 0 0
38.1001 1 0 1 0 0 0 0 0 0
38.1811 0 1 0 0 0 0 0 0 0
40.3045 1 0 0 0 0 0 0 0 0
41.2832 0 1 0 0 0 0 0 0 0
41.6962 1 0 0 0 0 0 0 0 0
42.273 0 1 0 0 0 0 0 0 0
42.7879 1 0 0 0 0 0 0 0 0
43.9726 0 1 0 0 0 0 0 0 0
44.7044 1 0 0 0 0 0 0 0 0
45.5182 0 1 0 0 0 0 0 0 0
46.188 1 0 0 0 0 0 0 0 0
46.8068 0 1 0 0 0 0 0 0 0
47.6826 1 0 0 0 0 0 0 0 0
48.5074 0 1 0 0 0 0 0 0 0
48.8993 1 0 0 0 0 0 0 0 0
50.073 0 1 0 0 0 0 0 0 0
50.7029 1 0 0 0 0 0 0 0 0
51.6186 0 1 0 0 0 0 0 0 0
53.8351 1 0 0 0 0 0 0 0 0
53.948 0 1 0 0 0 0 0 0 0
54.02 1 0 1 0 0 0 0 0 0
54.092 0 1 0 0 0 0 0 0 0
55.6176 0 0 0 1 0 0 0 0 0
62.9137 0 0 0 0 1 0 0 0 0
65.3661 1 0 0 0 0 0 0 0 0
65.4591 0 1 0 0 0 0 0 0 0
65.5721 1 0 1 0 0 0 0 0 0
65.6541 0 1 0 0 0 0 0 0 0
69.385 1 0 0 0 0 0 0 0 0
70.3638 0 1 0 0 0 0 0 0 0
70.8377 1 0 0 0 0 0 0 0 0
71.5185 0 1 0 0 0 0 0 0 0
71.9304 1 0 0 0 0 0 0 0 0
72.9622 0 1 0 0 0 0 0 0 0
73.466 1 0 0 0 0 0 0 0 0
74.5477 0 1 0 0 0 0 0 0 0
75.1766 1 0 0 0 0 0 0 0 0
76.3103 0 1 0 0 0 0 0 0 0
76.7634 1 0 0 0 0 0 0 0 0
78.0209 0 1 0 0 0 0 0 0 0
78.4018 1 0 0 0 0 0 0 0 0
79.8964 0 1 0 0 0 0 0 0 0
80.3703 1 0 0 0 0 0 0 0 0
81.1231 0 1 0 0 0 0 0 0 0
81.566 1 0 0 0 0 0 0 0 0
82.4617 0 1 0 0 0 0 0 0 0
82.8638 1 0 0 0 0 0 0 0 0
83.6984 0 1 0 0 0 0 0 0 0
84.2553 1 0 0 0 0 0 0 0 0
85.368 0 1 0 0 0 0 0 0 0
85.9759 1 0 0 0 0 0 0 0 0
86.6767 0 1 0 0 0 0 0 0 0
87.3065 1 0 0 0 0 0 0 0 0
87.3885 0 1 0 0 0 0 0 0 0
87.4915 1 0 1 0 0 0 0 0 0
87.5635 0 1 0 0 0 0 0 0 0
89.7169 1 0 0 0 0 0 0 0 0
90.3247 0 1 0 0 0 0 0 0 0
90.9946 1 0 0 0 0 0 0 0 0
91.6134 0 1 0 0 0 0 0 0 0
92.1593 1 0 0 0 0 0 0 0 0
92.9121 0 1 0 0 0 0 0 0 0
93.7669 1 0 0 0 0 0 0 0 0
94.3748 0 1 0 0 0 0 0 0 0
95.0755 1 0 0 0 0 0 0 0 0
96.0753 0 1 0 0 0 0 0 0 0
97.034 1 0 0 0 0 0 0 0 0
97.57 0 1 0 0 0 0 0 0 0
98.4977 1 0 0 0 0 0 0 0 0
99.4354 0 1 0 0 0 0 0 0 0
100.331 1 0 0 0 0 0 0 0 0
100.991 0 1 0 0 0 0 0 0 0
102.898 1 0 0 0 0 0 0 0 0
103.68 0 1 0 0 0 0 0 0 0
104.649 1 0 0 0 0 0 0 0 0
105.897 0 1 0 0 0 0 0 0 0
106.381 1 0 0 0 0 0 0 0 0
106.608 0 1 0 0 0 0 0 0 0
106.947 1 0 0 0 0 0 0 0 0
107.926 0 1 0 0 0 0 0 0 0
108.472 1 0 0 0 0 0 0 0 0
109.173 0 1 0 0 0 0 0 0 0
109.833 1 0 0 0 0 0 0 0 0
110.421 0 1 0 0 0 0 0 0 0
110.936 1 0 0 0 0 0 0 0 0
111.791 0 1 0 0 0 0 0 0 0
112.224 1 0 0 0 0 0 0 0 0
113.1 0 1 0 0 0 0 0 0 0
113.574 1 0 0 0 0 0 0 0 0
114.275 0 1 0 0 0 0 0 0 0
115.068 1 0 0 0 0 0 0 0 0
115.738 0 1 0 0 0 0 0 0 0
116.367 1 0 0 0 0 0 0 0 0
117.562 0 1 0 0 0 0 0 0 0
118.232 1 0 0 0 0 0 0 0 0
119.654 0 1 0 0 0 0 0 0 0
120.2 1 0 0 0 0 0 0 0 0
120.953 0 1 0 0 0 0 0 0 0
126.033 1 0 0 0 0 0 0 0 0
126.085 0 1 0 0 0 0 0 0 0
126.188 1 0 1 0 0 0 0 0 0
126.26 0 1 0 0 0 0 0 0 0
132.525 1 0 0 0 0 0 0 0 0
132.979 0 1 0 0 0 0 0 0 0
133.391 1 0 0 0 0 0 0 0 0
133.504 0 1 0 0 0 0 0 0 0
133.814 0 0 0 1 0 0 0 0 0
135.153 0 0 0 0 1 0 0 0 0
135.431 0 0 0 1 0 0 0 0 0
136.843 0 0 0 0 1 0 0 0 0
137.503 0 0 0 1 0 0 0 0 0
138.182 0 0 0 0 1 0 0 0 0
139.275 0 0 0 1 0 0 0 0 0
139.646 0 0 0 0 1 0 0 0 0
139.883 0 0 0 1 0 0 0 0 0
141.151 0 0 0 0 1 0 0 0 0
141.728 0 0 0 1 0 0 0 0 0
143.17 0 0 0 0 1 0 0 0 0
143.531 1 0 0 0 0 0 0 0 0
144.139 0 1 0 0 0 0 0 0 0
144.531 0 0 0 1 0 0 0 0 0
145.993 0 0 0 0 1 0 0 0 0
149.354 1 0 0 0 0 0 0 0 0
149.467 0 1 0 0 0 0 0 0 0
149.56 1 0 1 0 0 0 0 0 0
149.653 0 1 0 0 0 0 0 0 0
152.301 1 0 0 0 0 0 0 0 0
153.342 0 1 0 0 0 0 0 0 0
153.61 1 0 0 0 0 0 0 0 0
154.496 0 1 0 0 0 0 0 0 0
154.918 1 0 0 0 0 0 0 0 0
156.042 0 1 0 0 0 0 0 0 0
156.485 1 0 0 0 0 0 0 0 0
157.639 0 1 0 0 0 0 0 0 0
158.133 1 0 0 0 0 0 0 0 0
159.092 0 1 0 0 0 0 0 0 0
159.545 1 0 0 0 0 0 0 0 0
160.535 0 1 0 0 0 0 0 0 0
160.782 1 0 0 0 0 0 0 0 0
161.698 0 1 0 0 0 0 0 0 0
162.296 1 0 0 0 0 0 0 0 0
162.987 0 1 0 0 0 0 0 0 0
163.234 1 0 0 0 0 0 0 0 0
164.183 0 1 0 0 0 0 0 0 0
164.657 0 0 0 1 0 0 0 0 0
166.913 0 0 0 0 1 0 0 0 0
167.944 0 0 0 1 0 0 0 0 0
168.707 0 0 0 0 1 0 0 0 0
169.305 1 0 0 0 0 0 0 0 0
169.881 0 1 0 0 0 0 0 0 0
170.077 1 0 0 0 0 0 0 0 0
170.17 0 1 0 0 0 0 0 0 0
170.231 1 0 1 0 0 0 0 0 0
170.345 0 1 0 0 0 0 0 0 0
175.065 1 0 0 0 0 0 0 0 0
176.168 0 1 0 0 0 0 0 0 0
176.539 1 0 0 0 0 0 0 0 0
177.486 0 1 0 0 0 0 0 0 0
177.754 1 0 0 0 0 0 0 0 0
179.373 0 1 0 0 0 0 0 0 0
179.744 1 0 0 0 0 0 0 0 0
180.712 0 1 0 0 0 0 0 0 0
182.64 1 0 0 0 0 0 0 0 0
182.763 0 1 0 0 0 0 0 0 0
182.835 1 0 1 0 0 0 0 0 0
182.948 0 1 0 0 0 0 0 0 0
184.907 0 0 0 1 0 0 0 0 0
185.926 0 0 0 0 1 0 0 0 0
187.431 0 0 0 0 0 1 0 0 0
188.781 0 0 0 0 0 0 1 0 0
193.716 0 0 0 0 0 1 0 0 0
194.708 0 0 0 0 0 0 1 0 0
197.859 0 0 0 0 0 1 0 0 0
198.91 0 0 0 0 0 0 1 0 0
216.285 0 0 0 1 0 0 0 0 0
221.498 0 0 0 0 1 0 0 0 0
221.911 1 0 0 0 0 0 0 0 0
222.673 0 1 0 0 0 0 0 0 0
223.261 1 0 0 0 0 0 0 0 0
223.787 0 1 0 0 0 0 0 0 0
224.486 1 0 0 0 0 0 0 0 0
225.064 0 1 0 0 0 0 0 0 0
225.363 0 0 0 1 0 0 0 0 0
227.197 0 0 0 0 1 0 0 0 0
227.919 1 0 0 0 0 0 0 0 0
228.701 0 1 0 0 0 0 0 0 0
229.484 0 0 0 1 0 0 0 0 0
231.062 0 0 0 0 1 0 0 0 0
231.876 0 0 0 1 0 0 0 0 0
232.524 0 0 0 0 1 0 0 0 0
232.567 0 0 0 1 0 0 0 0 0
233.08 0 0 0 0 1 0 0 0 0
234.246 1 0 0 0 0 0 0 0 0
235.462 0 1 0 0 0 0 0 0 0
235.802 1 0 0 0 0 0 0 0 0
236.07 0 1 0 0 0 0 0 0 0
236.265 0 0 0 1 0 0 0 0 0
237.853 0 0 0 0 1 0 0 0 0
238.604 0 0 0 1 0 0 0 0 0
240.13 0 0 0 0 1 0 0 0 0
240.253 0 0 0 1 0 0 0 0 0
240.397 0 0 0 0 1 0 0 0 0
243.118 1 0 0 0 0 0 0 0 0
243.242 0 1 0 0 0 0 0 0 0
243.314 1 0 1 0 0 0 0 0 0
243.396 0 1 0 0 0 0 0 0 0
245.539 1 0 0 0 0 0 0 0 0
246.044 0 1 0 0 0 0 0 0 0
246.9 1 0 0 0 0 0 0 0 0
248.086 0 1 0 0 0 0 0 0 0
248.497 1 0 0 0 0 0 0 0 0
249.352 0 1 0 0 0 0 0 0 0
250.001 1 0 0 0 0 0 0 0 0
251.022 0 1 0 0 0 0 0 0 0
251.527 1 0 0 0 0 0 0 0 0
252.361 0 1 0 0 0 0 0 0 0
252.969 1 0 0 0 0 0 0 0 0
253.639 0 1 0 0 0 0 0 0 0
254.165 1 0 0 0 0 0 0 0 0
255.133 0 1 0 0 0 0 0 0 0
255.722 1 0 0 0 0 0 0 0 0
256.287 0 1 0 0 0 0 0 0 0
258.792 1 0 0 0 0 0 0 0 0
258.864 0 1 0 0 0 0 0 0 0
258.946 1 0 1 0 0 0 0 0 0
259.008 0 1 0 0 0 0 0 0 0
260.131 1 0 0 0 0 0 0 0 0
261.141 0 1 0 0 0 0 0 0 0
261.512 1 0 0 0 0 0 0 0 0
261.852 0 1 0 0 0 0 0 0 0
262.275 1 0 0 0 0 0 0 0 0
262.481 0 1 0 0 0 0 0 0 0
263.233 0 0 0 1 0 0 0 0 0
270.106 0 0 0 0 1 0 0 0 0
270.632 0 0 0 1 0 0 0 0 0
273.177 0 0 0 0 1 0 0 0 0
273.362 1 0 0 0 0 0 0 0 0
273.559 0 1 0 0 0 0 0 0 0
273.95 1 0 0 0 0 0 0 0 0
274.733 0 1 0 0 0 0 0 0 0
275.218 1 0 0 0 0 0 0 0 0
275.928 0 1 0 0 0 0 0 0 0
276.278 1 0 0 0 0 0 0 0 0
277.134 0 1 0 0 0 0 0 0 0
277.371 0 0 0 1 0 0 0 0 0
280.235 0 0 0 0 1 0 0 0 0
280.546 0 0 0 1 0 0 0 0 0
280.905 0 0 0 0 1 0 0 0 0
281.462 0 0 0 1 0 0 0 0 0
282.369 0 0 0 0 1 0 0 0 0
283.204 1 0 0 0 0 0 0 0 0
284.203 0 1 0 0 0 0 0 0 0
284.595 1 0 0 0 0 0 0 0 0
285.275 0 1 0 0 0 0 0 0 0
285.801 1 0 0 0 0 0 0 0 0
288.119 0 1 0 0 0 0 0 0 0
288.809 1 0 0 0 0 0 0 0 0
290.149 0 1 0 0 0 0 0 0 0
290.366 0 0 0 1 0 0 0 0 0
291.251 0 0 0 0 1 0 0 0 0
292.942 1 0 0 0 0 0 0 0 0
293.045 0 1 0 0 0 0 0 0 0
293.118 1 0 1 0 0 0 0 0 0
293.22 0 1 0 0 0 0 0 0 0
306.143 1 0 0 0 0 0 0 0 0
306.391 0 1 0 0 0 0 0 0 0
307.317 0 0 0 1 0 0 0 0 0
309.337 0 0 0 0 1 0 0 0 0
311.027 1 0 0 0 0 0 0 0 0
311.14 0 1 0 0 0 0 0 0 0
311.213 1 0 1 0 0 0 0 0 0
311.305 0 1 0 0 0 0 0 0 0
314.582 1 0 0 0 0 0 0 0 0
315.479 0 1 0 0 0 0 0 0 0
316.036 1 0 0 0 0 0 0 0 0
316.943 0 1 0 0 0 0 0 0 0
317.365 1 0 0 0 0 0 0 0 0
318.242 0 1 0 0 0 0 0 0 0
318.725 1 0 0 0 0 0 0 0 0
319.643 0 1 0 0 0 0 0 0 0
319.972 1 0 0 0 0 0 0 0 0
320.663 0 1 0 0 0 0 0 0 0
321.044 1 0 0 0 0 0 0 0 0
321.952 0 1 0 0 0 0 0 0 0
323.156 1 0 0 0 0 0 0 0 0
323.847 0 1 0 0 0 0 0 0 0
324.218 0 0 0 1 0 0 0 0 0
330.307 0 0 0 0 1 0 0 0 0
330.833 1 0 0 0 0 0 0 0 0
331.029 0 1 0 0 0 0 0 0 0
331.101 1 0 1 0 0 0 0 0 0
331.214 0 1 0 0 0 0 0 0 0
333.667 0 0 0 1 0 0 0 0 0
337.872 0 0 0 0 1 0 0 0 0
340.138 1 0 0 0 0 0 0 0 0
341.179 0 1 0 0 0 0 0 0 0
341.654 1 0 0 0 0 0 0 0 0
342.621 0 1 0 0 0 0 0 0 0
343.096 1 0 0 0 0 0 0 0 0
343.632 0 1 0 0 0 0 0 0 0
344.106 1 0 0 0 0 0 0 0 0
344.611 0 1 0 0 0 0 0 0 0
344.951 0 0 0 1 0 0 0 0 0
349.052 0 0 0 0 1 0 0 0 0
349.578 1 0 0 0 0 0 0 0 0
350.629 0 1 0 0 0 0 0 0 0
351.824 1 0 0 0 0 0 0 0 0
352.968 0 1 0 0 0 0 0 0 0
356.06 1 0 0 0 0 0 0 0 0
356.183 0 1 0 0 0 0 0 0 0
356.255 1 0 1 0 0 0 0 0 0
356.348 0 1 0 0 0 0 0 0 0
359.728 1 0 0 0 0 0 0 0 0
360.511 0 1 0 0 0 0 0 0 0
