6.2223 0 0 0 0 0 1 0 0 0
6.65702 0 0 0 0 0 0 1 0 0
7.01493 0 0 0 0 0 1 0 0 0
9.05538 0 0 0 0 0 0 1 0 0
14.363 0 0 0 0 0 1 0 0 0
15.1868 0 0 0 0 0 0 1 0 0
15.7847 0 0 0 0 0 1 0 0 0
17.8252 0 0 0 0 0 0 1 0 0
21.7202 0 0 0 0 0 1 0 0 0
23.3177 0 0 0 0 0 0 1 0 0
26.492 0 0 0 0 0 1 0 0 0
27.8726 0 0 0 0 0 0 1 0 0
44.8343 1 0 0 0 0 0 0 0 0
45.7211 0 1 0 0 0 0 0 0 0
46.5149 1 0 0 0 0 0 0 0 0
47.6996 0 1 0 0 0 0 0 0 0
48.1225 1 0 0 0 0 0 0 0 0
49.0392 0 1 0 0 0 0 0 0 0
49.4721 1 0 0 0 0 0 0 0 0
50.3689 0 1 0 0 0 0 0 0 0
51.1107 1 0 0 0 0 0 0 0 0
52.0894 0 1 0 0 0 0 0 0 0
53.1112 0 0 0 1 0 0 0 0 0
57.1903 0 0 0 0 1 0 0 0 0
57.675 1 0 0 0 0 0 0 0 0
58.3759 0 1 0 0 0 0 0 0 0
58.8697 1 0 0 0 0 0 0 0 0
60.0245 0 1 0 0 0 0 0 0 0
62.1879 1 0 0 0 0 0 0 0 0
62.2808 0 1 0 0 0 0 0 0 0
62.3428 1 0 1 0 0 0 0 0 0
62.4568 0 1 0 0 0 0 0 0 0
63.6625 1 0 0 0 0 0 0 0 0
65.0221 0 1 0 0 0 0 0 0 0
65.4451 1 0 0 0 0 0 0 0 0
66.3929 0 1 0 0 0 0 0 0 0
66.7437 1 0 0 0 0 0 0 0 0
68.0724 0 1 0 0 0 0 0 0 0
68.7632 1 0 0 0 0 0 0 0 0
69.608 0 1 0 0 0 0 0 0 0
70.1439 1 0 0 0 0 0 0 0 0
71.3295 0 1 0 0 0 0 0 0 0
71.8954 1 0 0 0 0 0 0 0 0
73.0701 0 1 0 0 0 0 0 0 0
73.411 1 0 0 0 0 0 0 0 0
74.2038 0 1 0 0 0 0 0 0 0
74.5028 0 0 0 1 0 0 0 0 0
78.9236 0 0 0 0 1 0 0 0 0
79.3255 1 0 0 0 0 0 0 0 0
80.2753 0 1 0 0 0 0 0 0 0
80.7791 1 0 0 0 0 0 0 0 0
81.0781 0 1 0 0 0 0 0 0 0
82.1908 1 0 0 0 0 0 0 0 0
82.2837 0 1 0 0 0 0 0 0 0
82.3557 1 0 1 0 0 0 0 0 0
82.4487 0 1 0 0 0 0 0 0 0
84.1383 1 0 0 0 0 0 0 0 0
85.283 0 1 0 0 0 0 0 0 0
85.8908 1 0 0 0 0 0 0 0 0
86.7356 0 1 0 0 0 0 0 0 0
87.3534 1 0 0 0 0 0 0 0 0
88.4352 0 1 0 0 0 0 0 0 0
88.8371 1 0 0 0 0 0 0 0 0
89.5899 0 1 0 0 0 0 0 0 0
89.8579 1 0 0 0 0 0 0 0 0
91.0635 0 1 0 0 0 0 0 0 0
92.3412 1 0 0 0 0 0 0 0 0
93.4859 0 1 0 0 0 0 0 0 0
93.9388 1 0 0 0 0 0 0 0 0
94.2997 0 1 0 0 0 0 0 0 0
94.7226 1 0 0 0 0 0 0 0 0
94.8046 0 1 0 0 0 0 0 0 0
94.8867 1 0 1 0 0 0 0 0 0
94.9795 0 1 0 0 0 0 0 0 0
98.5656 1 0 0 0 0 0 0 0 0
99.6493 0 1 0 0 0 0 0 0 0
100.164 1 0 0 0 0 0 0 0 0
100.978 0 1 0 0 0 0 0 0 0
101.514 1 0 0 0 0 0 0 0 0
102.369 0 1 0 0 0 0 0 0 0
102.699 1 0 0 0 0 0 0 0 0
104.605 0 1 0 0 0 0 0 0 0
104.987 1 0 0 0 0 0 0 0 0
105.956 0 1 0 0 0 0 0 0 0
106.399 1 0 0 0 0 0 0 0 0
107.078 0 1 0 0 0 0 0 0 0
108.347 1 0 0 0 0 0 0 0 0
108.872 0 1 0 0 0 0 0 0 0
109.459 1 0 0 0 0 0 0 0 0
110.016 0 1 0 0 0 0 0 0 0
110.779 1 0 0 0 0 0 0 0 0
111.551 0 1 0 0 0 0 0 0 0
112.231 1 0 0 0 0 0 0 0 0
112.87 0 1 0 0 0 0 0 0 0
113.365 1 0 0 0 0 0 0 0 0
113.952 0 1 0 0 0 0 0 0 0
114.385 0 0 0 1 0 0 0 0 0
116.26 0 0 0 0 1 0 0 0 0
116.848 1 0 0 0 0 0 0 0 0
117.827 0 1 0 0 0 0 0 0 0
118.374 1 0 0 0 0 0 0 0 0
119.403 0 1 0 0 0 0 0 0 0
119.836 1 0 0 0 0 0 0 0 0
120.733 0 1 0 0 0 0 0 0 0
127.07 1 0 0 0 0 0 0 0 0
127.184 0 1 0 0 0 0 0 0 0
127.246 1 0 1 0 0 0 0 0 0
127.359 0 1 0 0 0 0 0 0 0
129.967 1 0 0 0 0 0 0 0 0
130.08 0 1 0 0 0 0 0 0 0
130.142 1 0 1 0 0 0 0 0 0
130.214 0 1 0 0 0 0 0 0 0
131.192 1 0 0 0 0 0 0 0 0
131.327 0 1 0 0 0 0 0 0 0
131.368 1 0 1 0 0 0 0 0 0
131.471 0 1 0 0 0 0 0 0 0
132.388 1 0 0 0 0 0 0 0 0
133.666 0 1 0 0 0 0 0 0 0
134.068 1 0 0 0 0 0 0 0 0
135.058 0 1 0 0 0 0 0 0 0
135.49 1 0 0 0 0 0 0 0 0
136.572 0 1 0 0 0 0 0 0 0
136.975 1 0 0 0 0 0 0 0 0
137.119 0 1 0 0 0 0 0 0 0
137.18 1 0 1 0 0 0 0 0 0
137.273 0 1 0 0 0 0 0 0 0
138.313 1 0 0 0 0 0 0 0 0
138.406 0 1 0 0 0 0 0 0 0
138.468 1 0 1 0 0 0 0 0 0
138.571 0 1 0 0 0 0 0 0 0
139.56 0 0 0 1 0 0 0 0 0
140.581 0 0 0 0 1 0 0 0 0
141.282 1 0 0 0 0 0 0 0 0
141.519 0 1 0 0 0 0 0 0 0
142.364 0 0 0 1 0 0 0 0 0
144.909 0 0 0 0 1 0 0 0 0
145.218 1 0 0 0 0 0 0 0 0
146.135 0 1 0 0 0 0 0 0 0
147.372 1 0 0 0 0 0 0 0 0
147.774 0 1 0 0 0 0 0 0 0
148.31 1 0 0 0 0 0 0 0 0
149.248 0 1 0 0 0 0 0 0 0
149.773 1 0 0 0 0 0 0 0 0
151.02 0 1 0 0 0 0 0 0 0
151.473 1 0 0 0 0 0 0 0 0
152.143 0 1 0 0 0 0 0 0 0
156.276 1 0 0 0 0 0 0 0 0
156.595 0 1 0 0 0 0 0 0 0
156.75 1 0 1 0 0 0 0 0 0
156.832 0 1 0 0 0 0 0 0 0
156.894 1 0 0 0 0 0 0 0 0
156.987 0 1 0 0 0 0 0 0 0
160.078 1 0 0 0 0 0 0 0 0
160.955 0 1 0 0 0 0 0 0 0
161.48 1 0 0 0 0 0 0 0 0
162.469 0 1 0 0 0 0 0 0 0
162.974 1 0 0 0 0 0 0 0 0
163.912 0 1 0 0 0 0 0 0 0
164.366 1 0 0 0 0 0 0 0 0
165.108 0 1 0 0 0 0 0 0 0
165.694 1 0 0 0 0 0 0 0 0
166.777 0 1 0 0 0 0 0 0 0
167.117 1 0 0 0 0 0 0 0 0
168.168 0 1 0 0 0 0 0 0 0
168.684 1 0 0 0 0 0 0 0 0
169.374 0 1 0 0 0 0 0 0 0
169.703 1 0 0 0 0 0 0 0 0
170.766 0 1 0 0 0 0 0 0 0
171.672 1 0 0 0 0 0 0 0 0
172.455 0 1 0 0 0 0 0 0 0
172.9 1 0 0 0 0 0 0 0 0
173.949 0 1 0 0 0 0 0 0 0
174.392 1 0 0 0 0 0 0 0 0
175.474 0 1 0 0 0 0 0 0 0
175.938 1 0 0 0 0 0 0 0 0
176.917 0 1 0 0 0 0 0 0 0
177.308 1 0 0 0 0 0 0 0 0
178.226 0 1 0 0 0 0 0 0 0
178.689 1 0 0 0 0 0 0 0 0
179.699 0 1 0 0 0 0 0 0 0
180.256 1 0 0 0 0 0 0 0 0
180.998 0 1 0 0 0 0 0 0 0
184.481 0 0 0 0 0 1 0 0 0
185.687 0 0 0 0 0 0 1 0 0
186.284 0 0 0 0 0 1 0 0 0
187.562 0 0 0 0 0 0 1 0 0
189.561 0 0 0 0 0 1 0 0 0
191.356 0 0 0 0 0 0 1 0 0
194.106 0 0 0 0 0 1 0 0 0
195.24 0 0 0 0 0 0 1 0 0
195.93 0 0 0 0 0 1 0 0 0
196.817 0 0 0 0 0 0 1 0 0
198.342 0 0 0 0 0 1 0 0 0
199.733 0 0 0 0 0 0 1 0 0
201.402 0 0 0 0 0 1 0 0 0
202.659 0 0 0 0 0 0 1 0 0
225.032 1 0 0 0 0 0 0 0 0
225.145 0 1 0 0 0 0 0 0 0
230.422 1 0 0 0 0 0 0 0 0
231.267 0 1 0 0 0 0 0 0 0
232.05 1 0 0 0 0 0 0 0 0
232.854 0 1 0 0 0 0 0 0 0
233.534 1 0 0 0 0 0 0 0 0
234.091 0 1 0 0 0 0 0 0 0
234.925 0 0 0 1 0 0 0 0 0
239.367 0 0 0 0 1 0 0 0 0
239.728 1 0 0 0 0 0 0 0 0
240.727 0 1 0 0 0 0 0 0 0
241.345 1 0 0 0 0 0 0 0 0
241.706 0 1 0 0 0 0 0 0 0
242.819 1 0 0 0 0 0 0 0 0
242.912 0 1 0 0 0 0 0 0 0
242.975 1 0 1 0 0 0 0 0 0
243.077 0 1 0 0 0 0 0 0 0
246.282 1 0 0 0 0 0 0 0 0
247.126 0 1 0 0 0 0 0 0 0
247.663 1 0 0 0 0 0 0 0 0
248.374 0 1 0 0 0 0 0 0 0
248.837 1 0 0 0 0 0 0 0 0
249.703 0 1 0 0 0 0 0 0 0
250.126 1 0 0 0 0 0 0 0 0
251.043 0 1 0 0 0 0 0 0 0
251.413 1 0 0 0 0 0 0 0 0
252.526 0 1 0 0 0 0 0 0 0
253.464 1 0 0 0 0 0 0 0 0
254.557 0 1 0 0 0 0 0 0 0
255.267 1 0 0 0 0 0 0 0 0
257.174 0 1 0 0 0 0 0 0 0
257.576 1 0 0 0 0 0 0 0 0
258.577 0 1 0 0 0 0 0 0 0
259.205 1 0 0 0 0 0 0 0 0
259.627 0 1 0 0 0 0 0 0 0
259.823 1 0 0 0 0 0 0 0 0
259.915 0 1 0 0 0 0 0 0 0
259.968 1 0 1 0 0 0 0 0 0
260.091 0 1 0 0 0 0 0 0 0
263.378 1 0 0 0 0 0 0 0 0
264.429 0 1 0 0 0 0 0 0 0
264.831 1 0 0 0 0 0 0 0 0
265.717 0 1 0 0 0 0 0 0 0
266.119 1 0 0 0 0 0 0 0 0
267.283 0 1 0 0 0 0 0 0 0
267.799 1 0 0 0 0 0 0 0 0
268.819 0 1 0 0 0 0 0 0 0
269.468 1 0 0 0 0 0 0 0 0
270.571 0 1 0 0 0 0 0 0 0
271.003 1 0 0 0 0 0 0 0 0
272.003 0 1 0 0 0 0 0 0 0
272.57 1 0 0 0 0 0 0 0 0
273.704 0 1 0 0 0 0 0 0 0
274.292 1 0 0 0 0 0 0 0 0
275.96 0 1 0 0 0 0 0 0 0
276.321 1 0 0 0 0 0 0 0 0
277.136 0 1 0 0 0 0 0 0 0
277.693 1 0 0 0 0 0 0 0 0
278.455 0 1 0 0 0 0 0 0 0
280.134 0 0 0 1 0 0 0 0 0
281.041 0 0 0 0 1 0 0 0 0
282.649 1 0 0 0 0 0 0 0 0
282.741 0 1 0 0 0 0 0 0 0
282.813 1 0 1 0 0 0 0 0 0
282.906 0 1 0 0 0 0 0 0 0
284.916 1 0 0 0 0 0 0 0 0
285.804 0 1 0 0 0 0 0 0 0
286.523 1 0 0 0 0 0 0 0 0
287.792 0 1 0 0 0 0 0 0 0
288.265 1 0 0 0 0 0 0 0 0
289.863 0 1 0 0 0 0 0 0 0
290.656 1 0 0 0 0 0 0 0 0
292.779 0 1 0 0 0 0 0 0 0
293.645 1 0 0 0 0 0 0 0 0
294.077 0 1 0 0 0 0 0 0 0
294.53 1 0 0 0 0 0 0 0 0
296.088 0 1 0 0 0 0 0 0 0
296.479 1 0 0 0 0 0 0 0 0
296.984 0 1 0 0 0 0 0 0 0
297.169 1 0 0 0 0 0 0 0 0
298.23 0 1 0 0 0 0 0 0 0
298.735 1 0 0 0 0 0 0 0 0
299.807 0 1 0 0 0 0 0 0 0
300.188 1 0 0 0 0 0 0 0 0
301.363 0 1 0 0 0 0 0 0 0
316.44 1 0 0 0 0 0 0 0 0
317.048 0 1 0 0 0 0 0 0 0
317.449 1 0 0 0 0 0 0 0 0
317.533 0 1 0 0 0 0 0 0 0
317.594 1 0 1 0 0 0 0 0 0
317.686 0 1 0 0 0 0 0 0 0
318.758 1 0 0 0 0 0 0 0 0
318.933 0 1 0 0 0 0 0 0 0
319.222 0 0 0 1 0 0 0 0 0
322.004 0 0 0 0 1 0 0 0 0
322.406 1 0 0 0 0 0 0 0 0
323.262 0 1 0 0 0 0 0 0 0
324.055 1 0 0 0 0 0 0 0 0
324.344 0 1 0 0 0 0 0 0 0
324.974 1 0 0 0 0 0 0 0 0
325.673 0 1 0 0 0 0 0 0 0
326.786 1 0 0 0 0 0 0 0 0
327.435 0 1 0 0 0 0 0 0 0
328.136 1 0 0 0 0 0 0 0 0
328.477 0 1 0 0 0 0 0 0 0
329.012 0 0 0 1 0 0 0 0 0
330.692 0 0 0 0 1 0 0 0 0
332.269 1 0 0 0 0 0 0 0 0
332.382 0 1 0 0 0 0 0 0 0
332.444 1 0 1 0 0 0 0 0 0
332.537 0 1 0 0 0 0 0 0 0
335.329 1 0 0 0 0 0 0 0 0
335.887 0 1 0 0 0 0 0 0 0
336.412 1 0 0 0 0 0 0 0 0
337.596 0 1 0 0 0 0 0 0 0
337.998 1 0 0 0 0 0 0 0 0
338.699 0 1 0 0 0 0 0 0 0
339.133 1 0 0 0 0 0 0 0 0
340.204 0 1 0 0 0 0 0 0 0
340.647 1 0 0 0 0 0 0 0 0
341.461 0 1 0 0 0 0 0 0 0
341.894 1 0 0 0 0 0 0 0 0
342.78 0 1 0 0 0 0 0 0 0
343.172 1 0 0 0 0 0 0 0 0
344.172 0 1 0 0 0 0 0 0 0
344.45 1 0 0 0 0 0 0 0 0
345.418 0 1 0 0 0 0 0 0 0
346.541 0 0 0 1 0 0 0 0 0
349.964 0 0 0 0 1 0 0 0 0
350.2 1 0 0 0 0 0 0 0 0
351.395 0 1 0 0 0 0 0 0 0
351.828 1 0 0 0 0 0 0 0 0
352.663 0 1 0 0 0 0 0 0 0
353.219 1 0 0 0 0 0 0 0 0
354.116 0 1 0 0 0 0 0 0 0
354.559 1 0 0 0 0 0 0 0 0
355.291 0 1 0 0 0 0 0 0 0
355.765 1 0 0 0 0 0 0 0 0
356.753 0 1 0 0 0 0 0 0 0
357.31 1 0 0 0 0 0 0 0 0
358.434 0 1 0 0 0 0 0 0 0
358.98 1 0 0 0 0 0 0 0 0
359.939 0 1 0 0 0 0 0 0 0
360.495 1 0 0 0 0 0 0 0 0
361.742 0 1 0 0 0 0 0 0 0
