195.218 0 0 0 0 0 1 0 0 0
195.372 0 0 0 0 0 0 1 0 0
200.69 0 0 0 0 0 1 0 0 0
201.639 0 0 0 0 0 0 1 0 0
202.266 0 0 0 0 0 1 0 0 0
204.905 0 0 0 0 0 0 1 0 0
205.719 0 0 0 0 0 1 0 0 0
207.966 0 0 0 0 0 0 1 0 0
365.284 1 0 0 0 0 0 0 0 0
366.521 0 1 0 0 0 0 0 0 0
367.901 1 0 0 0 0 0 0 0 0
368.479 0 1 0 0 0 0 0 0 0
368.891 1 0 0 0 0 0 0 0 0
370.467 0 1 0 0 0 0 0 0 0
371.117 1 0 0 0 0 0 0 0 0
373.735 0 1 0 0 0 0 0 0 0
375.497 1 0 0 0 0 0 0 0 0
385.195 0 1 0 0 0 0 0 0 0
400.232 1 0 0 0 0 0 0 0 0
402.305 0 1 0 0 0 0 0 0 0
403.355 1 0 0 0 0 0 0 0 0
406.684 0 1 0 0 0 0 0 0 0
406.983 1 0 0 0 0 0 0 0 0
407.107 0 1 0 0 0 0 0 0 0
407.159 1 0 1 0 0 0 0 0 0
407.293 0 1 0 0 0 0 0 0 0
424.947 1 0 0 0 0 0 0 0 0
428.225 0 1 0 0 0 0 0 0 0
430.039 1 0 0 0 0 0 0 0 0
430.214 0 1 0 0 0 0 0 0 0
430.338 1 0 1 0 0 0 0 0 0
431.544 0 1 0 0 0 0 0 0 0
446.858 1 0 0 0 0 0 0 0 0
450.6 0 1 0 0 0 0 0 0 0
451.815 1 0 0 0 0 0 0 0 0
458.536 0 1 0 0 0 0 0 0 0
458.658 1 0 0 0 0 0 0 0 0
462.936 0 1 0 0 0 0 0 0 0
464.852 1 0 0 0 0 0 0 0 0
464.976 0 1 0 0 0 0 0 0 0
465.058 1 0 1 0 0 0 0 0 0
465.172 0 1 0 0 0 0 0 0 0
469.665 0 0 0 1 0 0 0 0 0
505.169 0 0 0 0 1 0 0 0 0
509.858 0 0 0 1 0 0 0 0 0
526.544 0 0 0 0 1 0 0 0 0
529.275 0 0 0 1 0 0 0 0 0
534.871 0 0 0 0 1 0 0 0 0
535.129 0 0 0 1 0 0 0 0 0
544.414 0 0 0 0 1 0 0 0 0
545.29 0 0 0 1 0 0 0 0 0
548.495 0 0 0 0 1 0 0 0 0
549.175 1 0 0 0 0 0 0 0 0
549.32 0 1 0 0 0 0 0 0 0
549.371 1 0 1 0 0 0 0 0 0
549.516 0 1 0 0 0 0 0 0 0
561.038 1 0 0 0 0 0 0 0 0
563.13 0 1 0 0 0 0 0 0 0
563.604 1 0 0 0 0 0 0 0 0
564.14 0 1 0 0 0 0 0 0 0
565.088 1 0 0 0 0 0 0 0 0
567.964 0 1 0 0 0 0 0 0 0
570.664 1 0 0 0 0 0 0 0 0
571.759 0 1 0 0 0 0 0 0 0
572.035 1 0 0 0 0 0 0 0 0
572.931 0 1 0 0 0 0 0 0 0
573.21 1 0 0 0 0 0 0 0 0
574.426 0 1 0 0 0 0 0 0 0
574.797 1 0 0 0 0 0 0 0 0
576.734 0 1 0 0 0 0 0 0 0
577.023 1 0 0 0 0 0 0 0 0
578.641 0 1 0 0 0 0 0 0 0
578.785 1 0 0 0 0 0 0 0 0
579.424 0 1 0 0 0 0 0 0 0
580.104 1 0 0 0 0 0 0 0 0
580.197 0 1 0 0 0 0 0 0 0
580.3 1 0 1 0 0 0 0 0 0
580.424 0 1 0 0 0 0 0 0 0
582.629 1 0 0 0 0 0 0 0 0
584.175 0 1 0 0 0 0 0 0 0
584.442 1 0 0 0 0 0 0 0 0
585.35 0 1 0 0 0 0 0 0 0
585.7 1 0 0 0 0 0 0 0 0
588.771 0 1 0 0 0 0 0 0 0
589.534 0 0 0 1 0 0 0 0 0
591.956 0 0 0 0 1 0 0 0 0
593.327 0 0 0 1 0 0 0 0 0
595.316 0 0 0 0 1 0 0 0 0
602.263 0 0 0 1 0 0 0 0 0
608.147 0 0 0 0 1 0 0 0 0
608.652 0 0 0 1 0 0 0 0 0
609.744 0 0 0 0 1 0 0 0 0
613.363 1 0 0 0 0 0 0 0 0
615.011 0 1 0 0 0 0 0 0 0
617.248 1 0 0 0 0 0 0 0 0
619.814 0 1 0 0 0 0 0 0 0
627.141 1 0 0 0 0 0 0 0 0
627.255 0 1 0 0 0 0 0 0 0
627.316 1 0 1 0 0 0 0 0 0
627.43 0 1 0 0 0 0 0 0 0
638.386 1 0 0 0 0 0 0 0 0
639.952 0 1 0 0 0 0 0 0 0
652.371 1 0 0 0 0 0 0 0 0
652.473 0 1 0 0 0 0 0 0 0
652.556 1 0 1 0 0 0 0 0 0
652.701 0 1 0 0 0 0 0 0 0
663.16 1 0 0 0 0 0 0 0 0
664.367 0 1 0 0 0 0 0 0 0
664.634 1 0 0 0 0 0 0 0 0
665.532 0 1 0 0 0 0 0 0 0
665.985 0 0 0 1 0 0 0 0 0
667.943 0 0 0 0 1 0 0 0 0
668.654 0 0 0 1 0 0 0 0 0
671.993 0 0 0 0 1 0 0 0 0
672.353 1 0 0 0 0 0 0 0 0
673.632 0 1 0 0 0 0 0 0 0
673.941 0 0 0 1 0 0 0 0 0
675.548 0 0 0 0 1 0 0 0 0
676.806 1 0 0 0 0 0 0 0 0
678.074 0 1 0 0 0 0 0 0 0
678.702 1 0 0 0 0 0 0 0 0
679.413 0 1 0 0 0 0 0 0 0
680.259 0 0 0 1 0 0 0 0 0
683.062 0 0 0 0 1 0 0 0 0
684.473 0 0 0 1 0 0 0 0 0
685.154 0 0 0 0 1 0 0 0 0
687.689 0 0 0 1 0 0 0 0 0
688.03 0 0 0 0 1 0 0 0 0
689.297 1 0 0 0 0 0 0 0 0
690.142 0 1 0 0 0 0 0 0 0
690.432 0 0 0 1 0 0 0 0 0
692.007 0 0 0 0 1 0 0 0 0
693.666 1 0 0 0 0 0 0 0 0
694.254 0 1 0 0 0 0 0 0 0
695.563 1 0 0 0 0 0 0 0 0
696.161 0 1 0 0 0 0 0 0 0
697.48 1 0 0 0 0 0 0 0 0
698.15 0 1 0 0 0 0 0 0 0
698.449 1 0 0 0 0 0 0 0 0
698.707 0 1 0 0 0 0 0 0 0
699.109 0 0 0 1 0 0 0 0 0
701.273 0 0 0 0 1 0 0 0 0
701.901 0 0 0 1 0 0 0 0 0
702.036 0 0 0 0 1 0 0 0 0
703.283 1 0 0 0 0 0 0 0 0
705.292 0 1 0 0 0 0 0 0 0
706.219 1 0 0 0 0 0 0 0 0
707.003 0 1 0 0 0 0 0 0 0
707.281 1 0 0 0 0 0 0 0 0
707.683 0 1 0 0 0 0 0 0 0
708.086 1 0 0 0 0 0 0 0 0
708.775 0 1 0 0 0 0 0 0 0
711.208 1 0 0 0 0 0 0 0 0
712.114 0 1 0 0 0 0 0 0 0
715.186 1 0 0 0 0 0 0 0 0
715.299 0 1 0 0 0 0 0 0 0
715.371 1 0 1 0 0 0 0 0 0
715.485 0 1 0 0 0 0 0 0 0
791.564 1 0 0 0 0 0 0 0 0
793.863 0 1 0 0 0 0 0 0 0
795.213 1 0 0 0 0 0 0 0 0
795.821 0 1 0 0 0 0 0 0 0
796.377 1 0 0 0 0 0 0 0 0
799.14 0 1 0 0 0 0 0 0 0
799.365 1 0 0 0 0 0 0 0 0
802.19 0 1 0 0 0 0 0 0 0
802.54 1 0 0 0 0 0 0 0 0
805.014 0 1 0 0 0 0 0 0 0
805.354 1 0 0 0 0 0 0 0 0
806.281 0 1 0 0 0 0 0 0 0
806.467 1 0 0 0 0 0 0 0 0
808.589 0 1 0 0 0 0 0 0 0
808.867 1 0 0 0 0 0 0 0 0
810.3 0 1 0 0 0 0 0 0 0
812.269 0 0 0 1 0 0 0 0 0
813.268 0 0 0 0 1 0 0 0 0
813.577 1 0 0 0 0 0 0 0 0
814.669 0 1 0 0 0 0 0 0 0
815.05 1 0 0 0 0 0 0 0 0
816.133 0 1 0 0 0 0 0 0 0
816.783 1 0 0 0 0 0 0 0 0
818.174 0 1 0 0 0 0 0 0 0
818.4 0 0 0 1 0 0 0 0 0
821.946 0 0 0 0 1 0 0 0 0
822.76 1 0 0 0 0 0 0 0 0
823.615 0 1 0 0 0 0 0 0 0
823.831 1 0 0 0 0 0 0 0 0
824.553 0 1 0 0 0 0 0 0 0
829.005 1 0 0 0 0 0 0 0 0
829.439 0 1 0 0 0 0 0 0 0
835.096 1 0 0 0 0 0 0 0 0
835.571 0 1 0 0 0 0 0 0 0
836.631 1 0 0 0 0 0 0 0 0
837.055 0 1 0 0 0 0 0 0 0
837.818 1 0 0 0 0 0 0 0 0
838.24 0 1 0 0 0 0 0 0 0
838.651 1 0 0 0 0 0 0 0 0
840.507 0 1 0 0 0 0 0 0 0
856.78 1 0 0 0 0 0 0 0 0
858.057 0 1 0 0 0 0 0 0 0
858.727 1 0 0 0 0 0 0 0 0
858.871 0 1 0 0 0 0 0 0 0
858.913 1 0 1 0 0 0 0 0 0
859.047 0 1 0 0 0 0 0 0 0
862.54 1 0 0 0 0 0 0 0 0
863.632 0 1 0 0 0 0 0 0 0
864.859 1 0 0 0 0 0 0 0 0
865.292 0 1 0 0 0 0 0 0 0
865.693 1 0 0 0 0 0 0 0 0
866.517 0 1 0 0 0 0 0 0 0
867.157 0 0 0 1 0 0 0 0 0
868.404 0 0 0 0 1 0 0 0 0
868.856 1 0 0 0 0 0 0 0 0
869.64 0 1 0 0 0 0 0 0 0
870.012 1 0 0 0 0 0 0 0 0
871.783 0 1 0 0 0 0 0 0 0
872.072 1 0 0 0 0 0 0 0 0
873.196 0 1 0 0 0 0 0 0 0
873.433 1 0 0 0 0 0 0 0 0
874.175 0 1 0 0 0 0 0 0 0
874.577 1 0 0 0 0 0 0 0 0
875.473 0 1 0 0 0 0 0 0 0
883.069 1 0 0 0 0 0 0 0 0
885.253 0 1 0 0 0 0 0 0 0
885.45 1 0 0 0 0 0 0 0 0
886.336 0 1 0 0 0 0 0 0 0
886.521 1 0 0 0 0 0 0 0 0
887.396 0 1 0 0 0 0 0 0 0
887.788 1 0 0 0 0 0 0 0 0
887.932 0 1 0 0 0 0 0 0 0
888.004 1 0 1 0 0 0 0 0 0
888.087 0 1 0 0 0 0 0 0 0
890.911 1 0 0 0 0 0 0 0 0
892.612 0 1 0 0 0 0 0 0 0
892.808 1 0 0 0 0 0 0 0 0
893.343 0 1 0 0 0 0 0 0 0
893.972 1 0 0 0 0 0 0 0 0
894.765 0 1 0 0 0 0 0 0 0
895.281 1 0 0 0 0 0 0 0 0
895.869 0 1 0 0 0 0 0 0 0
896.166 1 0 0 0 0 0 0 0 0
897.26 0 1 0 0 0 0 0 0 0
897.982 0 0 0 1 0 0 0 0 0
899.28 0 0 0 0 1 0 0 0 0
900.001 1 0 0 0 0 0 0 0 0
900.753 0 1 0 0 0 0 0 0 0
901.238 1 0 0 0 0 0 0 0 0
901.866 0 1 0 0 0 0 0 0 0
902.185 0 0 0 1 0 0 0 0 0
903.392 0 0 0 0 1 0 0 0 0
904.649 0 0 0 1 0 0 0 0 0
905.185 0 0 0 0 1 0 0 0 0
906.173 0 0 0 1 0 0 0 0 0
906.596 0 0 0 0 1 0 0 0 0
908.544 1 0 0 0 0 0 0 0 0
908.647 0 1 0 0 0 0 0 0 0
908.729 1 0 1 0 0 0 0 0 0
908.853 0 1 0 0 0 0 0 0 0
914.933 1 0 0 0 0 0 0 0 0
916.613 0 1 0 0 0 0 0 0 0
916.881 1 0 0 0 0 0 0 0 0
917.798 0 1 0 0 0 0 0 0 0
918.231 1 0 0 0 0 0 0 0 0
918.695 0 1 0 0 0 0 0 0 0
919.035 1 0 0 0 0 0 0 0 0
919.643 0 1 0 0 0 0 0 0 0
919.922 1 0 0 0 0 0 0 0 0
920.446 0 1 0 0 0 0 0 0 0
920.817 1 0 0 0 0 0 0 0 0
921.591 0 1 0 0 0 0 0 0 0
921.91 1 0 0 0 0 0 0 0 0
922.704 0 1 0 0 0 0 0 0 0
923.024 1 0 0 0 0 0 0 0 0
923.569 0 1 0 0 0 0 0 0 0
923.878 1 0 0 0 0 0 0 0 0
924.713 0 1 0 0 0 0 0 0 0
925.002 1 0 0 0 0 0 0 0 0
926.064 0 1 0 0 0 0 0 0 0
926.465 1 0 0 0 0 0 0 0 0
926.969 0 1 0 0 0 0 0 0 0
927.568 1 0 0 0 0 0 0 0 0
927.661 0 1 0 0 0 0 0 0 0
927.733 1 0 1 0 0 0 0 0 0
927.856 0 1 0 0 0 0 0 0 0
929.196 1 0 0 0 0 0 0 0 0
930.556 0 1 0 0 0 0 0 0 0
930.876 1 0 0 0 0 0 0 0 0
932.299 0 1 0 0 0 0 0 0 0
932.503 1 0 0 0 0 0 0 0 0
933.813 0 1 0 0 0 0 0 0 0
934.101 1 0 0 0 0 0 0 0 0
935.904 0 1 0 0 0 0 0 0 0
936.214 1 0 0 0 0 0 0 0 0
937.317 0 1 0 0 0 0 0 0 0
937.677 1 0 0 0 0 0 0 0 0
938.666 0 1 0 0 0 0 0 0 0
938.903 1 0 0 0 0 0 0 0 0
940.315 0 1 0 0 0 0 0 0 0
940.49 1 0 0 0 0 0 0 0 0
941.604 0 1 0 0 0 0 0 0 0
941.819 0 0 0 1 0 0 0 0 0
942.778 0 0 0 0 1 0 0 0 0
943.314 1 0 0 0 0 0 0 0 0
943.644 0 1 0 0 0 0 0 0 0
944.17 1 0 0 0 0 0 0 0 0
944.232 0 1 0 0 0 0 0 0 0
944.509 1 0 1 0 0 0 0 0 0
944.602 0 1 0 0 0 0 0 0 0
944.694 1 0 0 0 0 0 0 0 0
944.808 0 1 0 0 0 0 0 0 0
946.344 1 0 0 0 0 0 0 0 0
946.787 0 1 0 0 0 0 0 0 0
946.911 1 0 0 0 0 0 0 0 0
947.004 0 1 0 0 0 0 0 0 0
947.045 1 0 1 0 0 0 0 0 0
947.189 0 1 0 0 0 0 0 0 0
949.064 1 0 0 0 0 0 0 0 0
950.353 0 1 0 0 0 0 0 0 0
950.63 1 0 0 0 0 0 0 0 0
951.568 0 1 0 0 0 0 0 0 0
951.857 1 0 0 0 0 0 0 0 0
953.372 0 1 0 0 0 0 0 0 0
953.568 0 0 0 1 0 0 0 0 0
955.32 0 0 0 0 1 0 0 0 0
955.526 1 0 0 0 0 0 0 0 0
957.071 0 1 0 0 0 0 0 0 0
957.401 0 0 0 1 0 0 0 0 0
958.793 0 0 0 0 1 0 0 0 0
959.246 1 0 0 0 0 0 0 0 0
960.586 0 1 0 0 0 0 0 0 0
960.782 1 0 0 0 0 0 0 0 0
961.101 0 1 0 0 0 0 0 0 0
961.462 1 0 0 0 0 0 0 0 0
963.286 0 1 0 0 0 0 0 0 0
963.502 0 0 0 1 0 0 0 0 0
967.646 0 0 0 0 1 0 0 0 0
967.913 1 0 0 0 0 0 0 0 0
968.491 0 1 0 0 0 0 0 0 0
968.799 1 0 0 0 0 0 0 0 0
970.108 0 1 0 0 0 0 0 0 0
970.283 0 0 0 1 0 0 0 0 0
972.313 0 0 0 0 1 0 0 0 0
972.53 1 0 0 0 0 0 0 0 0
974.354 0 1 0 0 0 0 0 0 0
975.097 1 0 0 0 0 0 0 0 0
976.241 0 1 0 0 0 0 0 0 0
976.673 1 0 0 0 0 0 0 0 0
978.589 0 1 0 0 0 0 0 0 0
978.888 1 0 0 0 0 0 0 0 0
979.878 0 1 0 0 0 0 0 0 0
980.29 1 0 0 0 0 0 0 0 0
980.866 0 1 0 0 0 0 0 0 0
981.32 0 0 0 1 0 0 0 0 0
982.412 0 0 0 0 1 0 0 0 0
983.197 1 0 0 0 0 0 0 0 0
983.268 0 1 0 0 0 0 0 0 0
983.371 1 0 1 0 0 0 0 0 0
983.474 0 1 0 0 0 0 0 0 0
986.277 1 0 0 0 0 0 0 0 0
986.987 0 1 0 0 0 0 0 0 0
997.696 1 0 0 0 0 0 0 0 0
998.685 0 1 0 0 0 0 0 0 0
998.996 1 0 0 0 0 0 0 0 0
999.798 0 1 0 0 0 0 0 0 0
1000.17 1 0 0 0 0 0 0 0 0
1001.35 0 1 0 0 0 0 0 0 0
1001.81 1 0 0 0 0 0 0 0 0
1002.48 0 1 0 0 0 0 0 0 0
1002.7 1 0 0 0 0 0 0 0 0
1003.33 0 1 0 0 0 0 0 0 0
1003.83 1 0 0 0 0 0 0 0 0
1004.47 0 1 0 0 0 0 0 0 0
1005.16 1 0 0 0 0 0 0 0 0
1006.37 0 1 0 0 0 0 0 0 0
1006.56 1 0 0 0 0 0 0 0 0
1007 0 1 0 0 0 0 0 0 0
1007.68 1 0 0 0 0 0 0 0 0
1008.59 0 1 0 0 0 0 0 0 0
1008.9 1 0 0 0 0 0 0 0 0
1009.5 0 1 0 0 0 0 0 0 0
1009.79 1 0 0 0 0 0 0 0 0
1010.52 0 1 0 0 0 0 0 0 0
1011.07 1 0 0 0 0 0 0 0 0
1012 0 1 0 0 0 0 0 0 0
1013.13 1 0 0 0 0 0 0 0 0
1013.26 0 1 0 0 0 0 0 0 0
1013.33 1 0 1 0 0 0 0 0 0
1013.43 0 1 0 0 0 0 0 0 0
1197.72 0 0 0 0 0 1 0 0 0
1198.77 0 0 0 0 0 0 1 0 0
1199.31 0 0 0 0 0 1 0 0 0
1200.53 0 0 0 0 0 0 1 0 0
1217.28 1 0 0 0 0 0 0 0 0
1218.22 0 1 0 0 0 0 0 0 0
1218.6 1 0 0 0 0 0 0 0 0
1219.17 0 1 0 0 0 0 0 0 0
1219.39 1 0 0 0 0 0 0 0 0
1220.44 0 1 0 0 0 0 0 0 0
1220.99 1 0 0 0 0 0 0 0 0
1221.54 0 1 0 0 0 0 0 0 0
1221.86 1 0 0 0 0 0 0 0 0
1222.85 0 1 0 0 0 0 0 0 0
1223.27 1 0 0 0 0 0 0 0 0
1223.82 0 1 0 0 0 0 0 0 0
1224.3 0 0 0 1 0 0 0 0 0
1226.86 0 0 0 0 1 0 0 0 0
1227.25 1 0 0 0 0 0 0 0 0
1227.72 0 1 0 0 0 0 0 0 0
1228.67 1 0 0 0 0 0 0 0 0
1229.81 0 1 0 0 0 0 0 0 0
1230.42 1 0 0 0 0 0 0 0 0
1230.88 0 1 0 0 0 0 0 0 0
1230.96 1 0 0 0 0 0 0 0 0
1231.08 0 1 0 0 0 0 0 0 0
1232.02 1 0 0 0 0 0 0 0 0
1232.59 0 1 0 0 0 0 0 0 0
1233.1 1 0 0 0 0 0 0 0 0
1233.59 0 1 0 0 0 0 0 0 0
1234.19 1 0 0 0 0 0 0 0 0
1234.61 0 1 0 0 0 0 0 0 0
1237.02 1 0 0 0 0 0 0 0 0
1237.52 0 1 0 0 0 0 0 0 0
1237.85 1 0 0 0 0 0 0 0 0
1238.29 0 1 0 0 0 0 0 0 0
1239.14 1 0 0 0 0 0 0 0 0
1240.01 0 1 0 0 0 0 0 0 0
1241.42 0 0 0 1 0 0 0 0 0
1242.04 0 0 0 0 1 0 0 0 0
1242.31 0 0 0 1 0 0 0 0 0
1243.31 0 0 0 0 1 0 0 0 0
1245.25 1 0 0 0 0 0 0 0 0
1245.77 0 1 0 0 0 0 0 0 0
1247.75 1 0 0 0 0 0 0 0 0
1248.09 0 1 0 0 0 0 0 0 0
1248.51 1 0 0 0 0 0 0 0 0
1248.95 0 1 0 0 0 0 0 0 0
1252.73 0 0 0 1 0 0 0 0 0
1254.03 0 0 0 0 1 0 0 0 0
1256.11 1 0 0 0 0 0 0 0 0
1256.84 0 1 0 0 0 0 0 0 0
1257.32 1 0 0 0 0 0 0 0 0
1258.04 0 1 0 0 0 0 0 0 0
1258.36 1 0 0 0 0 0 0 0 0
1259.16 0 1 0 0 0 0 0 0 0
1259.64 1 0 0 0 0 0 0 0 0
1260.23 0 1 0 0 0 0 0 0 0
1261.87 1 0 0 0 0 0 0 0 0
1262.66 0 1 0 0 0 0 0 0 0
1262.91 1 0 0 0 0 0 0 0 0
1263.94 0 1 0 0 0 0 0 0 0
1264.62 0 0 0 1 0 0 0 0 0
1265.8 0 0 0 0 1 0 0 0 0
1266.68 1 0 0 0 0 0 0 0 0
1267.86 0 1 0 0 0 0 0 0 0
1268.56 1 0 0 0 0 0 0 0 0
1268.9 0 1 0 0 0 0 0 0 0
1269.85 1 0 0 0 0 0 0 0 0
1270.56 0 1 0 0 0 0 0 0 0
1271.05 1 0 0 0 0 0 0 0 0
1271.66 0 1 0 0 0 0 0 0 0
1272.18 1 0 0 0 0 0 0 0 0
1273.22 0 1 0 0 0 0 0 0 0
1273.73 1 0 0 0 0 0 0 0 0
1275 0 1 0 0 0 0 0 0 0
1275.49 1 0 0 0 0 0 0 0 0
1276.1 0 1 0 0 0 0 0 0 0
1276.82 0 0 0 1 0 0 0 0 0
1278.96 0 0 0 0 1 0 0 0 0
1281.35 1 0 0 0 0 0 0 0 0
1281.96 0 1 0 0 0 0 0 0 0
1282.45 1 0 0 0 0 0 0 0 0
1283.79 0 1 0 0 0 0 0 0 0
1284.31 1 0 0 0 0 0 0 0 0
1284.41 0 1 0 0 0 0 0 0 0
1284.49 1 0 1 0 0 0 0 0 0
1284.59 0 1 0 0 0 0 0 0 0
1287.86 0 0 0 1 0 0 0 0 0
1289.82 0 0 0 0 1 0 0 0 0
1290.01 0 0 0 1 0 0 0 0 0
1293.06 0 0 0 0 1 0 0 0 0
1293.83 0 0 0 1 0 0 0 0 0
1295.12 0 0 0 0 1 0 0 0 0
1295.32 0 0 0 1 0 0 0 0 0
1297.83 0 0 0 0 1 0 0 0 0
1298.38 1 0 0 0 0 0 0 0 0
1299.14 0 1 0 0 0 0 0 0 0
1299.38 0 0 0 1 0 0 0 0 0
1308.58 0 0 0 0 1 0 0 0 0
1311.81 1 0 0 0 0 0 0 0 0
1312.35 0 1 0 0 0 0 0 0 0
1312.84 1 0 0 0 0 0 0 0 0
1313.19 0 1 0 0 0 0 0 0 0
1313.96 1 0 0 0 0 0 0 0 0
1314.65 0 1 0 0 0 0 0 0 0
1334.58 1 0 0 0 0 0 0 0 0
1337.89 0 1 0 0 0 0 0 0 0
1339.32 1 0 0 0 0 0 0 0 0
1339.41 0 1 0 0 0 0 0 0 0
1339.85 1 0 0 0 0 0 0 0 0
1339.99 0 1 0 0 0 0 0 0 0
1340.07 1 0 1 0 0 0 0 0 0
1340.17 0 1 0 0 0 0 0 0 0
1358.13 1 0 0 0 0 0 0 0 0
1358.87 0 1 0 0 0 0 0 0 0
1359.29 1 0 0 0 0 0 0 0 0
1359.83 0 1 0 0 0 0 0 0 0
1360.24 1 0 0 0 0 0 0 0 0
1361.05 0 1 0 0 0 0 0 0 0
1361.54 1 0 0 0 0 0 0 0 0
1362.26 0 1 0 0 0 0 0 0 0
1362.67 1 0 0 0 0 0 0 0 0
1363.54 0 1 0 0 0 0 0 0 0
1363.96 1 0 0 0 0 0 0 0 0
1364.52 0 1 0 0 0 0 0 0 0
1367.13 1 0 0 0 0 0 0 0 0
1367.24 0 1 0 0 0 0 0 0 0
1367.3 1 0 1 0 0 0 0 0 0
1367.39 0 1 0 0 0 0 0 0 0
1368.77 1 0 0 0 0 0 0 0 0
1369.5 0 1 0 0 0 0 0 0 0
1369.94 1 0 0 0 0 0 0 0 0
1370.61 0 1 0 0 0 0 0 0 0
1371.05 1 0 0 0 0 0 0 0 0
1371.7 0 1 0 0 0 0 0 0 0
1372.03 1 0 0 0 0 0 0 0 0
1373.17 0 1 0 0 0 0 0 0 0
1373.61 1 0 0 0 0 0 0 0 0
1374.57 0 1 0 0 0 0 0 0 0
1374.96 1 0 0 0 0 0 0 0 0
1376.22 0 1 0 0 0 0 0 0 0
1376.48 1 0 0 0 0 0 0 0 0
1377.53 0 1 0 0 0 0 0 0 0
1377.72 1 0 0 0 0 0 0 0 0
1378.55 0 1 0 0 0 0 0 0 0
1378.74 1 0 0 0 0 0 0 0 0
1379.4 0 1 0 0 0 0 0 0 0
1379.77 1 0 0 0 0 0 0 0 0
1380.52 0 1 0 0 0 0 0 0 0
1380.91 1 0 0 0 0 0 0 0 0
1381.82 0 1 0 0 0 0 0 0 0
1382.44 1 0 0 0 0 0 0 0 0
1382.97 0 1 0 0 0 0 0 0 0
1383.33 1 0 0 0 0 0 0 0 0
1384.26 0 1 0 0 0 0 0 0 0
1384.45 0 0 0 1 0 0 0 0 0
1386.73 0 0 0 0 1 0 0 0 0
1387.01 1 0 0 0 0 0 0 0 0
1387.75 0 1 0 0 0 0 0 0 0
1388.03 1 0 0 0 0 0 0 0 0
1388.65 0 1 0 0 0 0 0 0 0
1388.94 1 0 0 0 0 0 0 0 0
1389.7 0 1 0 0 0 0 0 0 0
1389.88 1 0 0 0 0 0 0 0 0
1390.29 0 1 0 0 0 0 0 0 0
1390.52 1 0 0 0 0 0 0 0 0
1390.89 0 1 0 0 0 0 0 0 0
1391 1 0 1 0 0 0 0 0 0
1392.14 0 1 0 0 0 0 0 0 0
1392.36 1 0 0 0 0 0 0 0 0
1392.78 0 1 0 0 0 0 0 0 0
1393.59 1 0 0 0 0 0 0 0 0
1394.84 0 1 0 0 0 0 0 0 0
1395.17 1 0 0 0 0 0 0 0 0
1396.63 0 1 0 0 0 0 0 0 0
1396.88 1 0 0 0 0 0 0 0 0
1397.87 0 1 0 0 0 0 0 0 0
1398.13 1 0 0 0 0 0 0 0 0
1398.88 0 1 0 0 0 0 0 0 0
1399.17 1 0 0 0 0 0 0 0 0
1400.79 0 1 0 0 0 0 0 0 0
1401.02 1 0 0 0 0 0 0 0 0
1401.99 0 1 0 0 0 0 0 0 0
1402.28 1 0 0 0 0 0 0 0 0
1403.54 0 1 0 0 0 0 0 0 0
1404.11 1 0 0 0 0 0 0 0 0
1404.2 0 1 0 0 0 0 0 0 0
1404.28 1 0 1 0 0 0 0 0 0
1404.36 0 1 0 0 0 0 0 0 0
1405.26 1 0 0 0 0 0 0 0 0
1406.24 0 1 0 0 0 0 0 0 0
1406.66 1 0 0 0 0 0 0 0 0
1407.8 0 1 0 0 0 0 0 0 0
1408.25 1 0 0 0 0 0 0 0 0
1408.72 0 1 0 0 0 0 0 0 0
1409.03 1 0 0 0 0 0 0 0 0
1409.42 0 1 0 0 0 0 0 0 0
1410.61 1 0 0 0 0 0 0 0 0
1411.57 0 1 0 0 0 0 0 0 0
1412.05 1 0 0 0 0 0 0 0 0
1412.42 0 1 0 0 0 0 0 0 0
1412.7 0 0 0 1 0 0 0 0 0
1416.36 0 0 0 0 1 0 0 0 0
1417.26 1 0 0 0 0 0 0 0 0
1417.36 0 1 0 0 0 0 0 0 0
1417.43 1 0 1 0 0 0 0 0 0
1417.55 0 1 0 0 0 0 0 0 0
1420.43 1 0 0 0 0 0 0 0 0
1420.77 0 1 0 0 0 0 0 0 0
1420.9 1 0 1 0 0 0 0 0 0
1420.94 0 1 0 0 0 0 0 0 0
1424.57 1 0 0 0 0 0 0 0 0
1425.21 0 1 0 0 0 0 0 0 0
1425.48 1 0 0 0 0 0 0 0 0
1426.54 0 1 0 0 0 0 0 0 0
1426.92 1 0 0 0 0 0 0 0 0
1427.67 0 1 0 0 0 0 0 0 0
1428.09 1 0 0 0 0 0 0 0 0
1429.09 0 1 0 0 0 0 0 0 0
1429.56 1 0 0 0 0 0 0 0 0
1430.19 0 1 0 0 0 0 0 0 0
1430.57 1 0 0 0 0 0 0 0 0
1431.21 0 1 0 0 0 0 0 0 0
1431.56 1 0 0 0 0 0 0 0 0
1432.31 0 1 0 0 0 0 0 0 0
1432.7 1 0 0 0 0 0 0 0 0
1433.33 0 1 0 0 0 0 0 0 0
1433.8 1 0 0 0 0 0 0 0 0
1434.8 0 1 0 0 0 0 0 0 0
1435.3 1 0 0 0 0 0 0 0 0
1436.31 0 1 0 0 0 0 0 0 0
1436.74 1 0 0 0 0 0 0 0 0
1437.48 0 1 0 0 0 0 0 0 0
1437.81 1 0 0 0 0 0 0 0 0
1438.7 0 1 0 0 0 0 0 0 0
1439.09 1 0 0 0 0 0 0 0 0
1439.8 0 1 0 0 0 0 0 0 0
1440.28 0 0 0 1 0 0 0 0 0
1445.44 0 0 0 0 1 0 0 0 0
1446.96 1 0 0 0 0 0 0 0 0
1447.4 0 1 0 0 0 0 0 0 0
1450.13 1 0 0 0 0 0 0 0 0
1450.69 0 1 0 0 0 0 0 0 0
1451.7 1 0 0 0 0 0 0 0 0
1452.08 0 1 0 0 0 0 0 0 0
1453.36 1 0 0 0 0 0 0 0 0
1453.88 0 1 0 0 0 0 0 0 0
1454.51 0 0 0 1 0 0 0 0 0
1455.39 0 0 0 0 1 0 0 0 0
1455.67 1 0 0 0 0 0 0 0 0
1456.08 0 1 0 0 0 0 0 0 0
1456.35 0 0 0 1 0 0 0 0 0
1458.03 0 0 0 0 1 0 0 0 0
1458.39 0 0 0 1 0 0 0 0 0
1460.35 0 0 0 0 1 0 0 0 0
1462.28 1 0 0 0 0 0 0 0 0
1462.82 0 1 0 0 0 0 0 0 0
1463.12 1 0 0 0 0 0 0 0 0
1463.75 0 1 0 0 0 0 0 0 0
1464.07 1 0 0 0 0 0 0 0 0
1464.54 0 1 0 0 0 0 0 0 0
1465.12 1 0 0 0 0 0 0 0 0
1465.25 0 1 0 0 0 0 0 0 0
1466.46 1 0 0 0 0 0 0 0 0
1466.66 0 1 0 0 0 0 0 0 0
1467.82 1 0 0 0 0 0 0 0 0
1467.94 0 1 0 0 0 0 0 0 0
1468.01 1 0 1 0 0 0 0 0 0
1468.13 0 1 0 0 0 0 0 0 0
1468.79 1 0 0 0 0 0 0 0 0
1470.08 0 1 0 0 0 0 0 0 0
1470.45 1 0 0 0 0 0 0 0 0
1471.85 0 1 0 0 0 0 0 0 0
1472.12 1 0 0 0 0 0 0 0 0
1473.1 0 1 0 0 0 0 0 0 0
1473.45 1 0 0 0 0 0 0 0 0
1474.22 0 1 0 0 0 0 0 0 0
1474.63 1 0 0 0 0 0 0 0 0
1476.2 0 1 0 0 0 0 0 0 0
1476.49 1 0 0 0 0 0 0 0 0
1477.23 0 1 0 0 0 0 0 0 0
1477.48 1 0 0 0 0 0 0 0 0
1478.13 0 1 0 0 0 0 0 0 0
1478.22 1 0 0 0 0 0 0 0 0
1479.47 0 1 0 0 0 0 0 0 0
1479.72 0 0 0 1 0 0 0 0 0
1481.5 0 0 0 0 1 0 0 0 0
1481.58 0 0 0 1 0 0 0 0 0
1481.67 0 0 0 0 1 0 0 0 0
1481.96 1 0 0 0 0 0 0 0 0
1482.86 0 1 0 0 0 0 0 0 0
1483.25 1 0 0 0 0 0 0 0 0
1483.88 0 1 0 0 0 0 0 0 0
1484.52 1 0 0 0 0 0 0 0 0
1484.6 0 1 0 0 0 0 0 0 0
1484.7 1 0 1 0 0 0 0 0 0
1484.81 0 1 0 0 0 0 0 0 0
