2.24499 0 0 0 0 0 1 0 0 0
4.01737 0 0 0 0 0 0 1 0 0
26.8146 1 0 0 0 0 0 0 0 0
27.6393 0 1 0 0 0 0 0 0 0
28.2991 1 0 0 0 0 0 0 0 0
28.9589 0 1 0 0 0 0 0 0 0
29.1958 0 0 0 1 0 0 0 0 0
30.9274 0 0 0 0 1 0 0 0 0
31.566 1 0 0 0 0 0 0 0 0
32.4118 0 1 0 0 0 0 0 0 0
32.8647 1 0 0 0 0 0 0 0 0
33.9572 0 1 0 0 0 0 0 0 0
34.3181 1 0 0 0 0 0 0 0 0
35.5237 0 1 0 0 0 0 0 0 0
35.7196 1 0 0 0 0 0 0 0 0
36.3275 0 1 0 0 0 0 0 0 0
36.8022 1 0 0 0 0 0 0 0 0
37.2351 0 1 0 0 0 0 0 0 0
37.4721 1 0 0 0 0 0 0 0 0
38.0699 0 1 0 0 0 0 0 0 0
38.3887 0 0 0 1 0 0 0 0 0
38.7606 0 0 0 0 1 0 0 0 0
39.0175 0 0 0 1 0 0 0 0 0
40.9349 0 0 0 0 1 0 0 0 0
41.2238 1 0 0 0 0 0 0 0 0
42.1515 0 1 0 0 0 0 0 0 0
42.4704 1 0 0 0 0 0 0 0 0
43.3171 0 1 0 0 0 0 0 0 0
43.534 1 0 0 0 0 0 0 0 0
44.3567 0 1 0 0 0 0 0 0 0
44.6557 1 0 0 0 0 0 0 0 0
45.1295 0 1 0 0 0 0 0 0 0
45.5414 1 0 0 0 0 0 0 0 0
45.7593 0 1 0 0 0 0 0 0 0
46.1701 1 0 0 0 0 0 0 0 0
47.2118 0 1 0 0 0 0 0 0 0
47.5826 0 0 0 1 0 0 0 0 0
48.0465 0 0 0 0 1 0 0 0 0
48.5923 1 0 0 0 0 0 0 0 0
48.8712 0 1 0 0 0 0 0 0 0
49.2421 1 0 0 0 0 0 0 0 0
50.0868 0 1 0 0 0 0 0 0 0
50.4387 1 0 0 0 0 0 0 0 0
51.4274 0 1 0 0 0 0 0 0 0
51.7872 1 0 0 0 0 0 0 0 0
52.7879 0 1 0 0 0 0 0 0 0
53.1069 1 0 0 0 0 0 0 0 0
53.6936 0 1 0 0 0 0 0 0 0
53.8285 1 0 0 0 0 0 0 0 0
53.8895 0 1 0 0 0 0 0 0 0
53.9615 1 0 1 0 0 0 0 0 0
54.0655 0 1 0 0 0 0 0 0 0
56.3527 1 0 0 0 0 0 0 0 0
57.3114 0 1 0 0 0 0 0 0 0
57.4354 1 0 0 0 0 0 0 0 0
58.3221 0 1 0 0 0 0 0 0 0
58.569 1 0 0 0 0 0 0 0 0
58.95 0 1 0 0 0 0 0 0 0
59.1561 0 0 0 1 0 0 0 0 0
60.9492 0 0 0 0 1 0 0 0 0
61.3111 1 0 0 0 0 0 0 0 0
61.589 0 1 0 0 0 0 0 0 0
61.774 1 0 1 0 0 0 0 0 0
62.9595 0 1 0 0 0 0 0 0 0
63.2584 1 0 0 0 0 0 0 0 0
63.9172 0 1 0 0 0 0 0 0 0
64.7939 0 0 0 1 0 0 0 0 0
65.5876 0 0 0 0 1 0 0 0 0
65.8865 1 0 0 0 0 0 0 0 0
66.5153 0 1 0 0 0 0 0 0 0
66.9372 1 0 0 0 0 0 0 0 0
67.7829 0 1 0 0 0 0 0 0 0
67.9579 1 0 0 0 0 0 0 0 0
68.5966 0 1 0 0 0 0 0 0 0
68.9675 1 0 0 0 0 0 0 0 0
70.2761 0 1 0 0 0 0 0 0 0
70.6989 1 0 0 0 0 0 0 0 0
70.9879 0 1 0 0 0 0 0 0 0
72.1125 1 0 0 0 0 0 0 0 0
72.1524 0 1 0 0 0 0 0 0 0
72.2674 1 0 1 0 0 0 0 0 0
72.3894 0 1 0 0 0 0 0 0 0
72.9472 1 0 0 0 0 0 0 0 0
73.513 0 1 0 0 0 0 0 0 0
73.9148 1 0 0 0 0 0 0 0 0
74.7905 0 1 0 0 0 0 0 0 0
75.2644 1 0 0 0 0 0 0 0 0
76.7279 0 1 0 0 0 0 0 0 0
77.0268 1 0 0 0 0 0 0 0 0
78.2644 0 1 0 0 0 0 0 0 0
78.6253 1 0 0 0 0 0 0 0 0
79.233 0 1 0 0 0 0 0 0 0
79.625 1 0 0 0 0 0 0 0 0
79.7279 0 1 0 0 0 0 0 0 0
79.7999 1 0 1 0 0 0 0 0 0
79.9238 0 1 0 0 0 0 0 0 0
80.7376 1 0 0 0 0 0 0 0 0
81.5003 0 1 0 0 0 0 0 0 0
81.8202 1 0 0 0 0 0 0 0 0
82.882 0 1 0 0 0 0 0 0 0
83.0768 1 0 0 0 0 0 0 0 0
83.9125 0 1 0 0 0 0 0 0 0
84.1904 1 0 0 0 0 0 0 0 0
85.313 0 1 0 0 0 0 0 0 0
85.5609 1 0 0 0 0 0 0 0 0
86.5706 0 1 0 0 0 0 0 0 0
86.8185 1 0 0 0 0 0 0 0 0
87.8072 0 1 0 0 0 0 0 0 0
88.0341 1 0 0 0 0 0 0 0 0
88.7249 0 1 0 0 0 0 0 0 0
88.9308 1 0 0 0 0 0 0 0 0
89.9209 0 1 0 0 0 0 0 0 0
90.1364 1 0 0 0 0 0 0 0 0
91.0331 0 1 0 0 0 0 0 0 0
91.332 1 0 0 0 0 0 0 0 0
92.0848 0 1 0 0 0 0 0 0 0
92.4966 1 0 0 0 0 0 0 0 0
93.0844 0 1 0 0 0 0 0 0 0
93.5383 1 0 0 0 0 0 0 0 0
94.321 0 1 0 0 0 0 0 0 0
94.4859 1 0 0 0 0 0 0 0 0
94.6199 0 1 0 0 0 0 0 0 0
94.6709 1 0 1 0 0 0 0 0 0
94.7849 0 1 0 0 0 0 0 0 0
96.2693 1 0 0 0 0 0 0 0 0
96.7642 0 1 0 0 0 0 0 0 0
96.8671 1 0 0 0 0 0 0 0 0
97.5159 0 1 0 0 0 0 0 0 0
98.3927 1 0 0 0 0 0 0 0 0
99.3503 0 1 0 0 0 0 0 0 0
99.9481 1 0 0 0 0 0 0 0 0
100.495 0 1 0 0 0 0 0 0 0
101 1 0 0 0 0 0 0 0 0
101.68 0 1 0 0 0 0 0 0 0
107.431 1 0 0 0 0 0 0 0 0
108.173 0 1 0 0 0 0 0 0 0
108.451 1 0 0 0 0 0 0 0 0
108.822 0 1 0 0 0 0 0 0 0
109.152 1 0 0 0 0 0 0 0 0
109.585 0 1 0 0 0 0 0 0 0
109.864 1 0 0 0 0 0 0 0 0
110.492 0 1 0 0 0 0 0 0 0
111.006 1 0 0 0 0 0 0 0 0
111.78 0 1 0 0 0 0 0 0 0
112.183 1 0 0 0 0 0 0 0 0
112.738 0 1 0 0 0 0 0 0 0
112.986 1 0 0 0 0 0 0 0 0
113.553 0 1 0 0 0 0 0 0 0
113.831 1 0 0 0 0 0 0 0 0
114.397 0 1 0 0 0 0 0 0 0
114.799 1 0 0 0 0 0 0 0 0
115.676 0 1 0 0 0 0 0 0 0
115.964 1 0 0 0 0 0 0 0 0
116.573 0 1 0 0 0 0 0 0 0
117.118 1 0 0 0 0 0 0 0 0
117.85 0 1 0 0 0 0 0 0 0
118.108 1 0 0 0 0 0 0 0 0
118.592 0 1 0 0 0 0 0 0 0
118.86 1 0 0 0 0 0 0 0 0
119.262 0 1 0 0 0 0 0 0 0
119.551 1 0 0 0 0 0 0 0 0
120.014 0 1 0 0 0 0 0 0 0
120.375 1 0 0 0 0 0 0 0 0
120.612 0 1 0 0 0 0 0 0 0
120.921 1 0 0 0 0 0 0 0 0
121.097 0 1 0 0 0 0 0 0 0
122.355 0 0 0 0 0 1 0 0 0
123.354 0 0 0 0 0 0 1 0 0
126.528 0 0 0 0 0 1 0 0 0
127.281 0 0 0 0 0 0 1 0 0
129.3 0 0 0 0 0 1 0 0 0
129.702 0 0 0 0 0 0 1 0 0
135.092 0 0 0 0 0 1 0 0 0
135.958 0 0 0 0 0 0 1 0 0
169.928 1 0 0 0 0 0 0 0 0
170.433 0 1 0 0 0 0 0 0 0
170.794 1 0 0 0 0 0 0 0 0
171.031 0 1 0 0 0 0 0 0 0
171.577 1 0 0 0 0 0 0 0 0
172.103 0 1 0 0 0 0 0 0 0
172.525 1 0 0 0 0 0 0 0 0
172.938 0 1 0 0 0 0 0 0 0
173.308 1 0 0 0 0 0 0 0 0
173.988 0 1 0 0 0 0 0 0 0
174.256 1 0 0 0 0 0 0 0 0
174.896 0 1 0 0 0 0 0 0 0
175.236 1 0 0 0 0 0 0 0 0
175.586 0 1 0 0 0 0 0 0 0
175.854 1 0 0 0 0 0 0 0 0
176.534 0 1 0 0 0 0 0 0 0
176.905 1 0 0 0 0 0 0 0 0
177.565 0 1 0 0 0 0 0 0 0
177.916 1 0 0 0 0 0 0 0 0
178.637 0 1 0 0 0 0 0 0 0
179.029 1 0 0 0 0 0 0 0 0
179.564 0 1 0 0 0 0 0 0 0
180.09 1 0 0 0 0 0 0 0 0
180.595 0 1 0 0 0 0 0 0 0
181.131 1 0 0 0 0 0 0 0 0
181.493 0 1 0 0 0 0 0 0 0
181.615 1 0 1 0 0 0 0 0 0
182.481 0 1 0 0 0 0 0 0 0
182.749 1 0 0 0 0 0 0 0 0
183.347 0 1 0 0 0 0 0 0 0
183.759 1 0 0 0 0 0 0 0 0
184.605 0 1 0 0 0 0 0 0 0
184.883 0 0 0 1 0 0 0 0 0
187.325 0 0 0 0 1 0 0 0 0
187.665 1 0 0 0 0 0 0 0 0
188.376 0 1 0 0 0 0 0 0 0
188.902 1 0 0 0 0 0 0 0 0
189.489 0 1 0 0 0 0 0 0 0
189.819 1 0 0 0 0 0 0 0 0
190.376 0 1 0 0 0 0 0 0 0
190.635 1 0 0 0 0 0 0 0 0
191.005 0 1 0 0 0 0 0 0 0
191.375 1 0 0 0 0 0 0 0 0
191.736 0 1 0 0 0 0 0 0 0
192.189 1 0 0 0 0 0 0 0 0
192.942 0 1 0 0 0 0 0 0 0
193.2 1 0 0 0 0 0 0 0 0
194.261 0 1 0 0 0 0 0 0 0
194.611 1 0 0 0 0 0 0 0 0
195.075 0 1 0 0 0 0 0 0 0
195.25 0 0 0 1 0 0 0 0 0
197.086 0 0 0 0 1 0 0 0 0
197.579 1 0 0 0 0 0 0 0 0
198.054 0 1 0 0 0 0 0 0 0
199.023 1 0 0 0 0 0 0 0 0
199.538 0 1 0 0 0 0 0 0 0
199.806 1 0 0 0 0 0 0 0 0
200.269 0 1 0 0 0 0 0 0 0
200.64 1 0 0 0 0 0 0 0 0
201.115 0 1 0 0 0 0 0 0 0
207.731 1 0 0 0 0 0 0 0 0
208.226 0 1 0 0 0 0 0 0 0
208.464 1 0 0 0 0 0 0 0 0
208.794 0 1 0 0 0 0 0 0 0
208.979 1 0 0 0 0 0 0 0 0
209.072 0 1 0 0 0 0 0 0 0
209.132 1 0 1 0 0 0 0 0 0
209.246 0 1 0 0 0 0 0 0 0
210.782 1 0 0 0 0 0 0 0 0
211.391 0 1 0 0 0 0 0 0 0
211.803 1 0 0 0 0 0 0 0 0
212.452 0 1 0 0 0 0 0 0 0
212.936 1 0 0 0 0 0 0 0 0
213.153 0 1 0 0 0 0 0 0 0
213.37 0 0 0 1 0 0 0 0 0
215.565 0 0 0 0 1 0 0 0 0
215.823 1 0 0 0 0 0 0 0 0
216.605 0 1 0 0 0 0 0 0 0
217.049 1 0 0 0 0 0 0 0 0
217.564 0 1 0 0 0 0 0 0 0
218.038 1 0 0 0 0 0 0 0 0
218.585 0 1 0 0 0 0 0 0 0
219.295 1 0 0 0 0 0 0 0 0
219.739 0 1 0 0 0 0 0 0 0
220.245 1 0 0 0 0 0 0 0 0
221.17 0 1 0 0 0 0 0 0 0
221.449 1 0 0 0 0 0 0 0 0
222.078 0 1 0 0 0 0 0 0 0
223.109 1 0 0 0 0 0 0 0 0
224.252 0 1 0 0 0 0 0 0 0
225.056 1 0 0 0 0 0 0 0 0
225.695 0 1 0 0 0 0 0 0 0
226.149 1 0 0 0 0 0 0 0 0
226.386 0 1 0 0 0 0 0 0 0
227.179 1 0 0 0 0 0 0 0 0
227.911 0 1 0 0 0 0 0 0 0
228.282 1 0 0 0 0 0 0 0 0
228.385 0 1 0 0 0 0 0 0 0
228.447 1 0 1 0 0 0 0 0 0
228.561 0 1 0 0 0 0 0 0 0
230.353 1 0 0 0 0 0 0 0 0
230.828 0 1 0 0 0 0 0 0 0
231.343 1 0 0 0 0 0 0 0 0
231.941 0 1 0 0 0 0 0 0 0
232.302 1 0 0 0 0 0 0 0 0
232.92 0 1 0 0 0 0 0 0 0
233.311 1 0 0 0 0 0 0 0 0
233.816 0 1 0 0 0 0 0 0 0
234.27 1 0 0 0 0 0 0 0 0
234.992 0 1 0 0 0 0 0 0 0
235.404 1 0 0 0 0 0 0 0 0
235.796 0 1 0 0 0 0 0 0 0
236.054 1 0 0 0 0 0 0 0 0
236.785 0 1 0 0 0 0 0 0 0
237.435 1 0 0 0 0 0 0 0 0
238.156 0 1 0 0 0 0 0 0 0
238.476 1 0 0 0 0 0 0 0 0
239.134 0 1 0 0 0 0 0 0 0
239.372 1 0 0 0 0 0 0 0 0
239.774 0 1 0 0 0 0 0 0 0
239.99 1 0 0 0 0 0 0 0 0
240.176 0 1 0 0 0 0 0 0 0
240.279 1 0 1 0 0 0 0 0 0
240.835 0 1 0 0 0 0 0 0 0
241.073 1 0 0 0 0 0 0 0 0
241.413 0 1 0 0 0 0 0 0 0
241.928 0 0 0 0 0 1 0 0 0
243.422 0 0 0 0 0 0 1 0 0
247.997 0 0 0 0 0 1 0 0 0
248.616 0 0 0 0 0 0 1 0 0
250.42 0 0 0 0 0 1 0 0 0
251.131 0 0 0 0 0 0 1 0 0
272.238 1 0 0 0 0 0 0 0 0
272.609 0 1 0 0 0 0 0 0 0
273.361 1 0 0 0 0 0 0 0 0
274.166 0 1 0 0 0 0 0 0 0
274.546 0 0 0 1 0 0 0 0 0
277.536 0 0 0 0 1 0 0 0 0
277.896 1 0 0 0 0 0 0 0 0
278.545 0 1 0 0 0 0 0 0 0
278.916 1 0 0 0 0 0 0 0 0
279.617 0 1 0 0 0 0 0 0 0
279.999 1 0 0 0 0 0 0 0 0
280.257 0 1 0 0 0 0 0 0 0
281.431 1 0 0 0 0 0 0 0 0
281.886 0 1 0 0 0 0 0 0 0
282.338 1 0 0 0 0 0 0 0 0
282.648 0 1 0 0 0 0 0 0 0
282.895 0 0 0 1 0 0 0 0 0
284.028 0 0 0 0 1 0 0 0 0
284.42 1 0 0 0 0 0 0 0 0
285.08 0 1 0 0 0 0 0 0 0
286.018 1 0 0 0 0 0 0 0 0
286.482 0 1 0 0 0 0 0 0 0
286.656 1 0 0 0 0 0 0 0 0
287.11 0 1 0 0 0 0 0 0 0
287.233 1 0 0 0 0 0 0 0 0
287.326 0 1 0 0 0 0 0 0 0
287.367 1 0 1 0 0 0 0 0 0
287.47 0 1 0 0 0 0 0 0 0
288.924 1 0 0 0 0 0 0 0 0
289.552 0 1 0 0 0 0 0 0 0
290.006 1 0 0 0 0 0 0 0 0
290.501 0 1 0 0 0 0 0 0 0
290.872 1 0 0 0 0 0 0 0 0
291.284 0 1 0 0 0 0 0 0 0
292.038 1 0 0 0 0 0 0 0 0
292.428 0 1 0 0 0 0 0 0 0
292.655 1 0 0 0 0 0 0 0 0
293.252 0 1 0 0 0 0 0 0 0
293.479 1 0 0 0 0 0 0 0 0
294.397 0 1 0 0 0 0 0 0 0
294.686 1 0 0 0 0 0 0 0 0
295.365 0 1 0 0 0 0 0 0 0
295.582 1 0 0 0 0 0 0 0 0
296.056 0 1 0 0 0 0 0 0 0
296.808 1 0 0 0 0 0 0 0 0
297.54 0 1 0 0 0 0 0 0 0
298.839 1 0 0 0 0 0 0 0 0
299.622 0 1 0 0 0 0 0 0 0
299.952 0 0 0 1 0 0 0 0 0
300.045 0 0 0 0 1 0 0 0 0
300.127 0 0 0 1 0 0 0 0 0
300.22 0 0 0 0 1 0 0 0 0
300.921 1 0 0 0 0 0 0 0 0
303.343 0 1 0 0 0 0 0 0 0
303.58 1 0 0 0 0 0 0 0 0
304.25 0 1 0 0 0 0 0 0 0
304.529 1 0 0 0 0 0 0 0 0
305.26 0 1 0 0 0 0 0 0 0
305.601 1 0 0 0 0 0 0 0 0
306.147 0 1 0 0 0 0 0 0 0
306.342 1 0 0 0 0 0 0 0 0
307.353 0 1 0 0 0 0 0 0 0
307.558 1 0 0 0 0 0 0 0 0
308.249 0 1 0 0 0 0 0 0 0
308.496 1 0 0 0 0 0 0 0 0
309.403 0 1 0 0 0 0 0 0 0
309.712 1 0 0 0 0 0 0 0 0
310.835 0 1 0 0 0 0 0 0 0
311.413 1 0 0 0 0 0 0 0 0
311.99 0 1 0 0 0 0 0 0 0
322.4 1 0 0 0 0 0 0 0 0
323.121 0 1 0 0 0 0 0 0 0
323.275 1 0 0 0 0 0 0 0 0
324.172 0 1 0 0 0 0 0 0 0
324.339 1 0 0 0 0 0 0 0 0
324.966 0 1 0 0 0 0 0 0 0
325.09 1 0 0 0 0 0 0 0 0
325.604 0 1 0 0 0 0 0 0 0
325.894 1 0 0 0 0 0 0 0 0
327.058 0 1 0 0 0 0 0 0 0
327.429 1 0 0 0 0 0 0 0 0
328.027 0 1 0 0 0 0 0 0 0
328.192 1 0 0 0 0 0 0 0 0
329.026 0 1 0 0 0 0 0 0 0
329.531 1 0 0 0 0 0 0 0 0
330.696 0 1 0 0 0 0 0 0 0
331.067 1 0 0 0 0 0 0 0 0
331.171 0 1 0 0 0 0 0 0 0
331.244 1 0 1 0 0 0 0 0 0
331.335 0 1 0 0 0 0 0 0 0
332.84 1 0 0 0 0 0 0 0 0
333.675 0 1 0 0 0 0 0 0 0
334.129 1 0 0 0 0 0 0 0 0
335.014 0 1 0 0 0 0 0 0 0
335.447 1 0 0 0 0 0 0 0 0
336.334 0 1 0 0 0 0 0 0 0
336.705 1 0 0 0 0 0 0 0 0
337.261 0 1 0 0 0 0 0 0 0
337.848 1 0 0 0 0 0 0 0 0
338.467 0 1 0 0 0 0 0 0 0
338.838 1 0 0 0 0 0 0 0 0
339.53 0 1 0 0 0 0 0 0 0
339.931 1 0 0 0 0 0 0 0 0
341.105 0 1 0 0 0 0 0 0 0
341.569 1 0 0 0 0 0 0 0 0
342.312 0 1 0 0 0 0 0 0 0
342.6 1 0 0 0 0 0 0 0 0
343.135 0 1 0 0 0 0 0 0 0
343.393 1 0 0 0 0 0 0 0 0
343.836 0 1 0 0 0 0 0 0 0
344.187 1 0 0 0 0 0 0 0 0
344.301 0 1 0 0 0 0 0 0 0
344.352 1 0 1 0 0 0 0 0 0
344.465 0 1 0 0 0 0 0 0 0
345.352 1 0 0 0 0 0 0 0 0
346.465 0 1 0 0 0 0 0 0 0
346.918 1 0 0 0 0 0 0 0 0
347.774 0 1 0 0 0 0 0 0 0
348.001 1 0 0 0 0 0 0 0 0
348.877 0 1 0 0 0 0 0 0 0
349.114 1 0 0 0 0 0 0 0 0
349.824 0 1 0 0 0 0 0 0 0
350.247 1 0 0 0 0 0 0 0 0
351.185 0 1 0 0 0 0 0 0 0
351.629 1 0 0 0 0 0 0 0 0
352.432 0 1 0 0 0 0 0 0 0
352.803 1 0 0 0 0 0 0 0 0
353.237 0 1 0 0 0 0 0 0 0
353.504 1 0 0 0 0 0 0 0 0
354.288 0 1 0 0 0 0 0 0 0
355.658 1 0 0 0 0 0 0 0 0
356.369 0 1 0 0 0 0 0 0 0
356.73 1 0 0 0 0 0 0 0 0
358.214 0 1 0 0 0 0 0 0 0
358.575 1 0 0 0 0 0 0 0 0
359.1 0 1 0 0 0 0 0 0 0
359.502 1 0 0 0 0 0 0 0 0
359.925 0 1 0 0 0 0 0 0 0
360.162 1 0 0 0 0 0 0 0 0
360.915 0 1 0 0 0 0 0 0 0
361.554 1 0 0 0 0 0 0 0 0
362.089 0 1 0 0 0 0 0 0 0
