3.65441 0 0 0 0 0 1 0 0 0
4.33534 0 0 0 0 0 0 1 0 0
5.29289 0 0 0 0 0 1 0 0 0
6.19958 0 0 0 0 0 0 1 0 0
33.6243 0 0 0 1 0 0 0 0 0
35.8295 0 0 0 0 1 0 0 0 0
36.1285 1 0 0 0 0 0 0 0 0
36.7782 0 1 0 0 0 0 0 0 0
37.0151 1 0 0 0 0 0 0 0 0
37.8399 0 1 0 0 0 0 0 0 0
38.0049 0 0 0 1 0 0 0 0 0
39.7562 0 0 0 0 1 0 0 0 0
40.2411 1 0 0 0 0 0 0 0 0
40.7149 0 1 0 0 0 0 0 0 0
41.0658 1 0 0 0 0 0 0 0 0
41.9105 0 1 0 0 0 0 0 0 0
42.5293 1 0 0 0 0 0 0 0 0
42.9942 0 1 0 0 0 0 0 0 0
44.2397 1 0 0 0 0 0 0 0 0
44.8065 0 1 0 0 0 0 0 0 0
45.3534 1 0 0 0 0 0 0 0 0
46.0951 0 1 0 0 0 0 0 0 0
47.1258 1 0 0 0 0 0 0 0 0
48.0325 0 1 0 0 0 0 0 0 0
49.372 1 0 0 0 0 0 0 0 0
49.8358 0 1 0 0 0 0 0 0 0
50.3717 1 0 0 0 0 0 0 0 0
50.9905 0 1 0 0 0 0 0 0 0
51.3824 1 0 0 0 0 0 0 0 0
52.2061 0 1 0 0 0 0 0 0 0
52.6909 1 0 0 0 0 0 0 0 0
53.2578 0 1 0 0 0 0 0 0 0
54.1134 0 0 0 1 0 0 0 0 0
54.4843 0 0 0 0 1 0 0 0 0
54.8552 1 0 0 0 0 0 0 0 0
55.6489 0 1 0 0 0 0 0 0 0
56.0398 1 0 0 0 0 0 0 0 0
56.1128 0 1 0 0 0 0 0 0 0
56.1948 1 0 1 0 0 0 0 0 0
56.2877 0 1 0 0 0 0 0 0 0
57.0504 1 0 0 0 0 0 0 0 0
57.6682 0 1 0 0 0 0 0 0 0
58.0191 1 0 0 0 0 0 0 0 0
58.441 0 1 0 0 0 0 0 0 0
58.9778 1 0 0 0 0 0 0 0 0
59.4206 0 1 0 0 0 0 0 0 0
59.7605 1 0 0 0 0 0 0 0 0
60.4723 0 1 0 0 0 0 0 0 0
60.9351 1 0 0 0 0 0 0 0 0
62.3167 0 1 0 0 0 0 0 0 0
62.5436 1 0 0 0 0 0 0 0 0
63.6253 0 1 0 0 0 0 0 0 0
63.9141 1 0 0 0 0 0 0 0 0
65.0478 0 1 0 0 0 0 0 0 0
65.3257 1 0 0 0 0 0 0 0 0
66.1294 0 1 0 0 0 0 0 0 0
66.3255 1 0 0 0 0 0 0 0 0
66.6552 0 1 0 0 0 0 0 0 0
66.8302 0 0 0 1 0 0 0 0 0
68.7065 0 0 0 0 1 0 0 0 0
69.0044 1 0 0 0 0 0 0 0 0
70.324 0 1 0 0 0 0 0 0 0
70.6439 1 0 0 0 0 0 0 0 0
71.6225 0 1 0 0 0 0 0 0 0
72.3133 1 0 0 0 0 0 0 0 0
72.8182 0 1 0 0 0 0 0 0 0
73.137 1 0 0 0 0 0 0 0 0
73.8588 0 1 0 0 0 0 0 0 0
74.4466 1 0 0 0 0 0 0 0 0
75.1474 0 1 0 0 0 0 0 0 0
75.5282 0 0 0 1 0 0 0 0 0
77.1157 0 0 0 0 1 0 0 0 0
77.2397 0 0 0 1 0 0 0 0 0
79.5679 0 0 0 0 1 0 0 0 0
80.2077 1 0 0 0 0 0 0 0 0
81.1764 0 1 0 0 0 0 0 0 0
81.4133 1 0 0 0 0 0 0 0 0
82.3819 0 1 0 0 0 0 0 0 0
82.7318 1 0 0 0 0 0 0 0 0
83.6075 0 1 0 0 0 0 0 0 0
84.2993 1 0 0 0 0 0 0 0 0
84.8141 0 1 0 0 0 0 0 0 0
85.8558 1 0 0 0 0 0 0 0 0
86.1327 0 1 0 0 0 0 0 0 0
86.4317 1 0 0 0 0 0 0 0 0
87.2775 0 1 0 0 0 0 0 0 0
87.9071 1 0 0 0 0 0 0 0 0
88.112 0 1 0 0 0 0 0 0 0
91.162 1 0 0 0 0 0 0 0 0
91.6058 0 1 0 0 0 0 0 0 0
91.9768 1 0 0 0 0 0 0 0 0
92.5946 0 1 0 0 0 0 0 0 0
92.9044 1 0 0 0 0 0 0 0 0
93.3373 0 1 0 0 0 0 0 0 0
93.6662 0 0 0 1 0 0 0 0 0
96.5422 0 0 0 0 1 0 0 0 0
96.9031 1 0 0 0 0 0 0 0 0
97.8198 0 1 0 0 0 0 0 0 0
98.2436 1 0 0 0 0 0 0 0 0
98.4386 0 1 0 0 0 0 0 0 0
98.7065 1 0 1 0 0 0 0 0 0
99.1185 0 1 0 0 0 0 0 0 0
99.2524 0 0 0 1 0 0 0 0 0
100.016 0 0 0 0 1 0 0 0 0
100.314 1 0 0 0 0 0 0 0 0
101.149 0 1 0 0 0 0 0 0 0
101.839 1 0 0 0 0 0 0 0 0
102.623 0 1 0 0 0 0 0 0 0
102.932 1 0 0 0 0 0 0 0 0
103.685 0 1 0 0 0 0 0 0 0
104.117 1 0 0 0 0 0 0 0 0
104.643 0 1 0 0 0 0 0 0 0
105.178 1 0 0 0 0 0 0 0 0
105.756 0 1 0 0 0 0 0 0 0
106.467 1 0 0 0 0 0 0 0 0
107.384 0 1 0 0 0 0 0 0 0
107.591 1 0 0 0 0 0 0 0 0
108.136 0 1 0 0 0 0 0 0 0
108.507 1 0 0 0 0 0 0 0 0
110.219 0 1 0 0 0 0 0 0 0
110.352 0 0 0 1 0 0 0 0 0
111.104 0 0 0 0 1 0 0 0 0
111.506 1 0 0 0 0 0 0 0 0
112.393 0 1 0 0 0 0 0 0 0
112.722 1 0 0 0 0 0 0 0 0
113.31 0 1 0 0 0 0 0 0 0
113.649 1 0 0 0 0 0 0 0 0
114.361 0 1 0 0 0 0 0 0 0
114.587 1 0 0 0 0 0 0 0 0
115.288 0 1 0 0 0 0 0 0 0
116.02 1 0 0 0 0 0 0 0 0
116.989 0 1 0 0 0 0 0 0 0
117.411 1 0 0 0 0 0 0 0 0
118.256 0 1 0 0 0 0 0 0 0
118.421 1 0 0 0 0 0 0 0 0
119.009 0 1 0 0 0 0 0 0 0
119.585 1 0 0 0 0 0 0 0 0
120.039 0 1 0 0 0 0 0 0 0
120.451 1 0 0 0 0 0 0 0 0
120.802 0 1 0 0 0 0 0 0 0
121.194 1 0 0 0 0 0 0 0 0
121.647 0 1 0 0 0 0 0 0 0
122.173 1 0 0 0 0 0 0 0 0
122.626 0 1 0 0 0 0 0 0 0
124.73 0 0 0 0 0 1 0 0 0
125.028 0 0 0 0 0 0 1 0 0
125.307 0 0 0 0 0 1 0 0 0
126.079 0 0 0 0 0 0 1 0 0
127.305 0 0 0 0 0 1 0 0 0
127.873 0 0 0 0 0 0 1 0 0
132.066 0 0 0 0 0 1 0 0 0
132.819 0 0 0 0 0 0 1 0 0
139.126 0 0 0 0 0 1 0 0 0
139.725 0 0 0 0 0 0 1 0 0
165.264 0 0 0 1 0 0 0 0 0
169.139 0 0 0 0 1 0 0 0 0
169.304 0 0 0 1 0 0 0 0 0
169.376 0 0 0 0 1 0 0 0 0
169.809 1 0 0 0 0 0 0 0 0
170.252 0 1 0 0 0 0 0 0 0
170.519 1 0 0 0 0 0 0 0 0
171.035 0 1 0 0 0 0 0 0 0
171.385 1 0 0 0 0 0 0 0 0
171.994 0 1 0 0 0 0 0 0 0
172.798 1 0 0 0 0 0 0 0 0
173.21 0 1 0 0 0 0 0 0 0
173.993 0 0 0 1 0 0 0 0 0
174.168 0 0 0 0 1 0 0 0 0
174.911 1 0 0 0 0 0 0 0 0
175.972 0 1 0 0 0 0 0 0 0
177.301 1 0 0 0 0 0 0 0 0
177.384 0 1 0 0 0 0 0 0 0
177.456 1 0 1 0 0 0 0 0 0
177.56 0 1 0 0 0 0 0 0 0
178.981 1 0 0 0 0 0 0 0 0
179.888 0 1 0 0 0 0 0 0 0
180.239 1 0 0 0 0 0 0 0 0
180.704 0 1 0 0 0 0 0 0 0
181.301 1 0 0 0 0 0 0 0 0
181.434 0 1 0 0 0 0 0 0 0
181.775 1 0 1 0 0 0 0 0 0
182.455 0 1 0 0 0 0 0 0 0
182.918 1 0 0 0 0 0 0 0 0
183.702 0 1 0 0 0 0 0 0 0
183.919 0 0 0 1 0 0 0 0 0
187.083 0 0 0 0 1 0 0 0 0
187.423 1 0 0 0 0 0 0 0 0
188.525 0 1 0 0 0 0 0 0 0
188.886 1 0 0 0 0 0 0 0 0
191.102 0 1 0 0 0 0 0 0 0
191.689 1 0 0 0 0 0 0 0 0
192.328 0 1 0 0 0 0 0 0 0
193.163 1 0 0 0 0 0 0 0 0
193.926 0 1 0 0 0 0 0 0 0
194.41 1 0 0 0 0 0 0 0 0
196.73 0 1 0 0 0 0 0 0 0
197.142 1 0 0 0 0 0 0 0 0
197.811 0 1 0 0 0 0 0 0 0
198.079 1 0 0 0 0 0 0 0 0
198.823 0 1 0 0 0 0 0 0 0
199.038 0 0 0 1 0 0 0 0 0
201.192 0 0 0 0 1 0 0 0 0
201.666 1 0 0 0 0 0 0 0 0
202.759 0 1 0 0 0 0 0 0 0
203.304 1 0 0 0 0 0 0 0 0
203.469 0 1 0 0 0 0 0 0 0
206.191 1 0 0 0 0 0 0 0 0
206.922 0 1 0 0 0 0 0 0 0
207.417 0 0 0 1 0 0 0 0 0
208.293 0 0 0 0 1 0 0 0 0
208.541 0 0 0 1 0 0 0 0 0
209.149 0 0 0 0 1 0 0 0 0
209.602 1 0 0 0 0 0 0 0 0
210.417 0 1 0 0 0 0 0 0 0
210.839 1 0 0 0 0 0 0 0 0
211.808 0 1 0 0 0 0 0 0 0
211.952 1 0 0 0 0 0 0 0 0
212.776 0 1 0 0 0 0 0 0 0
213.024 0 0 0 1 0 0 0 0 0
213.488 0 0 0 0 1 0 0 0 0
213.653 1 0 0 0 0 0 0 0 0
213.756 0 1 0 0 0 0 0 0 0
213.818 1 0 1 0 0 0 0 0 0
213.931 0 1 0 0 0 0 0 0 0
215.55 1 0 0 0 0 0 0 0 0
216.332 0 1 0 0 0 0 0 0 0
216.714 1 0 0 0 0 0 0 0 0
217.27 0 1 0 0 0 0 0 0 0
217.693 1 0 0 0 0 0 0 0 0
218.899 0 1 0 0 0 0 0 0 0
219.094 0 0 0 1 0 0 0 0 0
221.733 0 0 0 0 1 0 0 0 0
222.011 1 0 0 0 0 0 0 0 0
222.815 0 1 0 0 0 0 0 0 0
223.176 1 0 0 0 0 0 0 0 0
223.805 0 1 0 0 0 0 0 0 0
224.166 1 0 0 0 0 0 0 0 0
225.134 0 1 0 0 0 0 0 0 0
225.629 1 0 0 0 0 0 0 0 0
226.237 0 1 0 0 0 0 0 0 0
226.619 1 0 0 0 0 0 0 0 0
227.484 0 1 0 0 0 0 0 0 0
228.175 1 0 0 0 0 0 0 0 0
229.257 0 1 0 0 0 0 0 0 0
229.557 0 0 0 1 0 0 0 0 0
232.432 0 0 0 0 1 0 0 0 0
232.844 1 0 0 0 0 0 0 0 0
233.092 0 1 0 0 0 0 0 0 0
233.781 1 0 0 0 0 0 0 0 0
234.668 0 1 0 0 0 0 0 0 0
234.957 1 0 0 0 0 0 0 0 0
235.791 0 1 0 0 0 0 0 0 0
236.121 0 0 0 1 0 0 0 0 0
239.913 0 0 0 0 1 0 0 0 0
240.254 1 0 0 0 0 0 0 0 0
241.109 0 1 0 0 0 0 0 0 0
241.531 1 0 0 0 0 0 0 0 0
241.862 0 1 0 0 0 0 0 0 0
242.335 1 0 0 0 0 0 0 0 0
243.459 0 1 0 0 0 0 0 0 0
243.871 1 0 0 0 0 0 0 0 0
244.778 0 1 0 0 0 0 0 0 0
245.036 1 0 0 0 0 0 0 0 0
246.097 0 1 0 0 0 0 0 0 0
246.561 1 0 0 0 0 0 0 0 0
247.252 0 1 0 0 0 0 0 0 0
247.623 1 0 0 0 0 0 0 0 0
248.436 0 1 0 0 0 0 0 0 0
248.684 1 0 0 0 0 0 0 0 0
249.509 0 1 0 0 0 0 0 0 0
250.375 0 0 0 0 0 1 0 0 0
251.992 0 0 0 0 0 0 1 0 0
276.687 1 0 0 0 0 0 0 0 0
277.203 0 1 0 0 0 0 0 0 0
277.708 1 0 0 0 0 0 0 0 0
278.667 0 1 0 0 0 0 0 0 0
278.954 1 0 0 0 0 0 0 0 0
279.614 0 1 0 0 0 0 0 0 0
279.903 1 0 0 0 0 0 0 0 0
280.676 0 1 0 0 0 0 0 0 0
280.984 1 0 0 0 0 0 0 0 0
281.974 0 1 0 0 0 0 0 0 0
282.294 1 0 0 0 0 0 0 0 0
282.881 0 1 0 0 0 0 0 0 0
283.159 1 0 0 0 0 0 0 0 0
283.973 0 1 0 0 0 0 0 0 0
284.323 1 0 0 0 0 0 0 0 0
285.148 0 1 0 0 0 0 0 0 0
285.643 1 0 0 0 0 0 0 0 0
286.55 0 1 0 0 0 0 0 0 0
286.91 1 0 0 0 0 0 0 0 0
287.013 0 1 0 0 0 0 0 0 0
287.075 1 0 1 0 0 0 0 0 0
287.199 0 1 0 0 0 0 0 0 0
287.86 1 0 0 0 0 0 0 0 0
288.694 0 1 0 0 0 0 0 0 0
289.075 1 0 0 0 0 0 0 0 0
289.302 0 1 0 0 0 0 0 0 0
289.899 1 0 0 0 0 0 0 0 0
290.023 0 1 0 0 0 0 0 0 0
290.116 1 0 1 0 0 0 0 0 0
290.219 0 1 0 0 0 0 0 0 0
290.281 1 0 1 0 0 0 0 0 0
290.384 0 1 0 0 0 0 0 0 0
291.312 1 0 0 0 0 0 0 0 0
291.436 0 1 0 0 0 0 0 0 0
291.519 1 0 1 0 0 0 0 0 0
291.621 0 1 0 0 0 0 0 0 0
291.869 1 0 0 0 0 0 0 0 0
292.002 0 1 0 0 0 0 0 0 0
292.642 1 0 0 0 0 0 0 0 0
293.331 0 1 0 0 0 0 0 0 0
293.898 1 0 0 0 0 0 0 0 0
294.589 0 1 0 0 0 0 0 0 0
294.888 1 0 0 0 0 0 0 0 0
295.517 0 1 0 0 0 0 0 0 0
295.784 1 0 0 0 0 0 0 0 0
296.506 0 1 0 0 0 0 0 0 0
296.898 1 0 0 0 0 0 0 0 0
297.64 0 1 0 0 0 0 0 0 0
298.083 1 0 0 0 0 0 0 0 0
298.959 0 1 0 0 0 0 0 0 0
299.371 1 0 0 0 0 0 0 0 0
300.619 0 1 0 0 0 0 0 0 0
300.742 1 0 0 0 0 0 0 0 0
301.515 0 1 0 0 0 0 0 0 0
301.67 1 0 0 0 0 0 0 0 0
309.255 0 1 0 0 0 0 0 0 0
309.616 1 0 0 0 0 0 0 0 0
309.729 0 1 0 0 0 0 0 0 0
309.812 1 0 1 0 0 0 0 0 0
309.925 0 1 0 0 0 0 0 0 0
310.585 1 0 0 0 0 0 0 0 0
311.409 0 1 0 0 0 0 0 0 0
311.708 1 0 0 0 0 0 0 0 0
312.182 0 1 0 0 0 0 0 0 0
312.492 1 0 0 0 0 0 0 0 0
312.945 0 1 0 0 0 0 0 0 0
313.234 1 0 0 0 0 0 0 0 0
313.738 0 1 0 0 0 0 0 0 0
314.016 1 0 0 0 0 0 0 0 0
314.584 0 1 0 0 0 0 0 0 0
315.377 1 0 0 0 0 0 0 0 0
315.862 0 1 0 0 0 0 0 0 0
316.398 0 0 0 1 0 0 0 0 0
317.717 0 0 0 0 1 0 0 0 0
318.315 1 0 0 0 0 0 0 0 0
319.428 0 1 0 0 0 0 0 0 0
319.706 1 0 0 0 0 0 0 0 0
320.417 0 1 0 0 0 0 0 0 0
320.809 1 0 0 0 0 0 0 0 0
321.314 0 1 0 0 0 0 0 0 0
322.035 1 0 0 0 0 0 0 0 0
322.931 0 1 0 0 0 0 0 0 0
323.138 0 0 0 1 0 0 0 0 0
325.787 0 0 0 0 1 0 0 0 0
326.106 1 0 0 0 0 0 0 0 0
327.096 0 1 0 0 0 0 0 0 0
327.436 1 0 0 0 0 0 0 0 0
328.178 0 1 0 0 0 0 0 0 0
328.57 1 0 0 0 0 0 0 0 0
329.919 0 1 0 0 0 0 0 0 0
330.218 1 0 0 0 0 0 0 0 0
330.95 0 1 0 0 0 0 0 0 0
332.362 1 0 0 0 0 0 0 0 0
332.506 0 1 0 0 0 0 0 0 0
332.62 1 0 1 0 0 0 0 0 0
332.723 0 1 0 0 0 0 0 0 0
332.805 1 0 1 0 0 0 0 0 0
332.939 0 1 0 0 0 0 0 0 0
338.061 1 0 0 0 0 0 0 0 0
339.185 0 1 0 0 0 0 0 0 0
339.516 1 0 0 0 0 0 0 0 0
340.216 0 1 0 0 0 0 0 0 0
340.494 1 0 0 0 0 0 0 0 0
340.958 0 1 0 0 0 0 0 0 0
341.132 1 0 0 0 0 0 0 0 0
342.009 0 1 0 0 0 0 0 0 0
342.277 1 0 0 0 0 0 0 0 0
342.947 0 1 0 0 0 0 0 0 0
343.369 1 0 0 0 0 0 0 0 0
344.162 0 1 0 0 0 0 0 0 0
344.461 1 0 0 0 0 0 0 0 0
345.081 0 1 0 0 0 0 0 0 0
345.441 1 0 0 0 0 0 0 0 0
346.852 0 1 0 0 0 0 0 0 0
347.512 1 0 0 0 0 0 0 0 0
347.615 0 1 0 0 0 0 0 0 0
347.677 1 0 1 0 0 0 0 0 0
347.801 0 1 0 0 0 0 0 0 0
349.048 1 0 0 0 0 0 0 0 0
349.707 0 1 0 0 0 0 0 0 0
350.026 1 0 0 0 0 0 0 0 0
350.583 0 1 0 0 0 0 0 0 0
350.965 1 0 0 0 0 0 0 0 0
351.913 0 1 0 0 0 0 0 0 0
352.294 1 0 0 0 0 0 0 0 0
352.737 0 1 0 0 0 0 0 0 0
353.129 1 0 0 0 0 0 0 0 0
353.469 0 1 0 0 0 0 0 0 0
353.83 1 0 0 0 0 0 0 0 0
354.49 0 1 0 0 0 0 0 0 0
354.903 1 0 0 0 0 0 0 0 0
355.356 0 1 0 0 0 0 0 0 0
355.829 1 0 0 0 0 0 0 0 0
356.324 0 1 0 0 0 0 0 0 0
356.695 1 0 0 0 0 0 0 0 0
356.798 0 1 0 0 0 0 0 0 0
356.86 1 0 1 0 0 0 0 0 0
356.994 0 1 0 0 0 0 0 0 0
363.962 1 0 0 0 0 0 0 0 0
364.528 0 1 0 0 0 0 0 0 0
