5.86273 0 0 0 0 0 1 0 0 0
7.16129 0 0 0 0 0 0 1 0 0
8.96469 0 0 0 0 0 1 0 0 0
10.4182 0 0 0 0 0 0 1 0 0
32.9675 0 0 0 0 0 1 0 0 0
33.5762 0 0 0 0 0 0 1 0 0
36.4423 0 0 0 0 0 1 0 0 0
36.5442 0 0 0 0 0 0 1 0 0
42.4912 0 0 0 0 0 1 0 0 0
43.4599 0 0 0 0 0 0 1 0 0
63.9279 0 0 0 0 0 1 0 0 0
64.5057 0 0 0 0 0 0 1 0 0
80.1404 1 0 0 0 0 0 0 0 0
80.6143 0 1 0 0 0 0 0 0 0
81.0161 1 0 0 0 0 0 0 0 0
81.326 0 1 0 0 0 0 0 0 0
81.6969 1 0 0 0 0 0 0 0 0
81.9338 0 1 0 0 0 0 0 0 0
83.4073 0 0 0 0 0 1 0 0 0
84.7059 0 0 0 0 0 0 1 0 0
86.0256 0 0 0 0 0 1 0 0 0
86.7912 0 0 0 0 0 0 1 0 0
102.176 1 0 0 0 0 0 0 0 0
102.476 0 1 0 0 0 0 0 0 0
103.022 1 0 0 0 0 0 0 0 0
103.331 0 1 0 0 0 0 0 0 0
103.763 0 0 0 1 0 0 0 0 0
106.7 0 0 0 0 1 0 0 0 0
107.349 0 0 0 1 0 0 0 0 0
107.854 0 0 0 0 1 0 0 0 0
108.916 1 0 0 0 0 0 0 0 0
109.205 0 1 0 0 0 0 0 0 0
114.337 1 0 0 0 0 0 0 0 0
114.409 0 1 0 0 0 0 0 0 0
114.976 1 0 0 0 0 0 0 0 0
115.213 0 1 0 0 0 0 0 0 0
115.924 0 0 0 1 0 0 0 0 0
116.676 0 0 0 0 1 0 0 0 0
117.46 1 0 0 0 0 0 0 0 0
117.595 0 1 0 0 0 0 0 0 0
118.644 1 0 0 0 0 0 0 0 0
119.263 0 1 0 0 0 0 0 0 0
119.521 1 0 0 0 0 0 0 0 0
120.634 0 1 0 0 0 0 0 0 0
120.871 0 0 0 1 0 0 0 0 0
124.447 0 0 0 0 1 0 0 0 0
125.117 1 0 0 0 0 0 0 0 0
125.994 0 1 0 0 0 0 0 0 0
126.344 1 0 0 0 0 0 0 0 0
126.663 0 1 0 0 0 0 0 0 0
127.24 1 0 0 0 0 0 0 0 0
127.478 0 1 0 0 0 0 0 0 0
128.023 1 0 0 0 0 0 0 0 0
128.291 0 1 0 0 0 0 0 0 0
128.734 1 0 0 0 0 0 0 0 0
129.25 0 1 0 0 0 0 0 0 0
130.426 1 0 0 0 0 0 0 0 0
130.538 0 1 0 0 0 0 0 0 0
130.61 1 0 1 0 0 0 0 0 0
130.734 0 1 0 0 0 0 0 0 0
146.163 1 0 0 0 0 0 0 0 0
146.74 0 1 0 0 0 0 0 0 0
147.07 1 0 0 0 0 0 0 0 0
147.688 0 1 0 0 0 0 0 0 0
148.378 1 0 0 0 0 0 0 0 0
148.781 0 1 0 0 0 0 0 0 0
148.976 1 0 0 0 0 0 0 0 0
149.564 0 1 0 0 0 0 0 0 0
149.997 1 0 0 0 0 0 0 0 0
150.348 0 1 0 0 0 0 0 0 0
150.842 1 0 0 0 0 0 0 0 0
151.203 0 1 0 0 0 0 0 0 0
151.512 1 0 0 0 0 0 0 0 0
152.109 0 1 0 0 0 0 0 0 0
152.295 1 0 0 0 0 0 0 0 0
152.708 0 1 0 0 0 0 0 0 0
152.954 1 0 0 0 0 0 0 0 0
153.604 0 1 0 0 0 0 0 0 0
153.975 1 0 0 0 0 0 0 0 0
154.48 0 1 0 0 0 0 0 0 0
154.871 1 0 0 0 0 0 0 0 0
155.408 0 1 0 0 0 0 0 0 0
155.83 1 0 0 0 0 0 0 0 0
156.16 0 1 0 0 0 0 0 0 0
156.49 1 0 0 0 0 0 0 0 0
156.604 0 1 0 0 0 0 0 0 0
156.83 0 0 0 1 0 0 0 0 0
158.552 0 0 0 0 1 0 0 0 0
158.912 0 0 0 1 0 0 0 0 0
159.603 0 0 0 0 1 0 0 0 0
160.364 1 0 0 0 0 0 0 0 0
160.736 0 1 0 0 0 0 0 0 0
160.983 1 0 0 0 0 0 0 0 0
161.354 0 1 0 0 0 0 0 0 0
161.633 1 0 0 0 0 0 0 0 0
161.849 0 1 0 0 0 0 0 0 0
162.045 0 0 0 1 0 0 0 0 0
164.24 0 0 0 0 1 0 0 0 0
164.621 0 0 0 1 0 0 0 0 0
165.509 0 0 0 0 1 0 0 0 0
165.766 0 0 0 1 0 0 0 0 0
166.662 0 0 0 0 1 0 0 0 0
166.92 0 0 0 1 0 0 0 0 0
167.806 0 0 0 0 1 0 0 0 0
168.177 0 0 0 1 0 0 0 0 0
170.011 0 0 0 0 1 0 0 0 0
170.898 0 0 0 1 0 0 0 0 0
172.701 0 0 0 0 1 0 0 0 0
172.743 0 0 0 1 0 0 0 0 0
173.072 0 0 0 0 1 0 0 0 0
173.413 0 0 0 1 0 0 0 0 0
173.928 0 0 0 0 1 0 0 0 0
174.299 1 0 0 0 0 0 0 0 0
175.711 0 1 0 0 0 0 0 0 0
175.999 1 0 0 0 0 0 0 0 0
176.577 0 1 0 0 0 0 0 0 0
176.886 1 0 0 0 0 0 0 0 0
177.546 0 1 0 0 0 0 0 0 0
178.082 0 0 0 1 0 0 0 0 0
180.102 0 0 0 0 1 0 0 0 0
180.586 1 0 0 0 0 0 0 0 0
181.379 0 1 0 0 0 0 0 0 0
182.204 0 0 0 0 0 1 0 0 0
183.101 0 0 0 0 0 0 1 0 0
190.737 0 0 0 0 0 1 0 0 0
191.16 0 0 0 0 0 0 1 0 0
192.149 0 0 0 0 0 1 0 0 0
192.719 0 0 0 0 0 0 1 0 0
208.66 1 0 0 0 0 0 0 0 0
208.928 0 1 0 0 0 0 0 0 0
209.753 0 0 0 1 0 0 0 0 0
211.577 0 0 0 0 1 0 0 0 0
212.298 1 0 0 0 0 0 0 0 0
212.741 0 1 0 0 0 0 0 0 0
213.484 1 0 0 0 0 0 0 0 0
213.833 0 1 0 0 0 0 0 0 0
214.164 1 0 0 0 0 0 0 0 0
214.411 0 1 0 0 0 0 0 0 0
215.112 1 0 0 0 0 0 0 0 0
215.4 0 1 0 0 0 0 0 0 0
216.307 0 0 0 1 0 0 0 0 0
216.647 0 0 0 0 1 0 0 0 0
216.997 1 0 0 0 0 0 0 0 0
217.523 0 1 0 0 0 0 0 0 0
218.204 1 0 0 0 0 0 0 0 0
218.473 0 1 0 0 0 0 0 0 0
218.781 1 0 0 0 0 0 0 0 0
218.853 0 1 0 0 0 0 0 0 0
218.925 1 0 1 0 0 0 0 0 0
219.039 0 1 0 0 0 0 0 0 0
219.759 1 0 0 0 0 0 0 0 0
220.357 0 1 0 0 0 0 0 0 0
220.687 1 0 0 0 0 0 0 0 0
221.491 0 1 0 0 0 0 0 0 0
221.904 1 0 0 0 0 0 0 0 0
222.223 0 1 0 0 0 0 0 0 0
222.44 0 0 0 1 0 0 0 0 0
224.006 0 0 0 0 1 0 0 0 0
224.222 1 0 0 0 0 0 0 0 0
224.934 0 1 0 0 0 0 0 0 0
225.202 0 0 0 1 0 0 0 0 0
225.933 0 0 0 0 1 0 0 0 0
226.263 1 0 0 0 0 0 0 0 0
227.304 0 1 0 0 0 0 0 0 0
227.552 1 0 0 0 0 0 0 0 0
228.335 0 1 0 0 0 0 0 0 0
228.612 1 0 0 0 0 0 0 0 0
229.541 0 1 0 0 0 0 0 0 0
229.757 1 0 0 0 0 0 0 0 0
230.48 0 1 0 0 0 0 0 0 0
230.695 0 0 0 1 0 0 0 0 0
232.694 0 0 0 0 1 0 0 0 0
232.993 1 0 0 0 0 0 0 0 0
233.983 0 1 0 0 0 0 0 0 0
234.303 1 0 0 0 0 0 0 0 0
235.065 0 1 0 0 0 0 0 0 0
235.23 0 0 0 1 0 0 0 0 0
236.157 0 0 0 0 1 0 0 0 0
236.209 0 0 0 1 0 0 0 0 0
237.199 0 0 0 0 1 0 0 0 0
237.446 1 0 0 0 0 0 0 0 0
238.167 0 1 0 0 0 0 0 0 0
239.435 0 0 0 1 0 0 0 0 0
240.28 0 0 0 0 1 0 0 0 0
240.363 0 0 0 1 0 0 0 0 0
241.352 0 0 0 0 1 0 0 0 0
242.105 1 0 0 0 0 0 0 0 0
242.559 0 1 0 0 0 0 0 0 0
243.063 1 0 0 0 0 0 0 0 0
243.435 0 1 0 0 0 0 0 0 0
243.65 1 0 0 0 0 0 0 0 0
244.104 0 1 0 0 0 0 0 0 0
244.578 1 0 0 0 0 0 0 0 0
245.022 0 1 0 0 0 0 0 0 0
246.413 1 0 0 0 0 0 0 0 0
247.309 0 1 0 0 0 0 0 0 0
247.629 1 0 0 0 0 0 0 0 0
248.196 0 1 0 0 0 0 0 0 0
248.309 1 0 0 0 0 0 0 0 0
248.567 0 1 0 0 0 0 0 0 0
248.639 1 0 1 0 0 0 0 0 0
248.742 0 1 0 0 0 0 0 0 0
250.257 1 0 0 0 0 0 0 0 0
250.37 0 1 0 0 0 0 0 0 0
250.443 1 0 1 0 0 0 0 0 0
250.556 0 1 0 0 0 0 0 0 0
250.968 1 0 0 0 0 0 0 0 0
251.051 0 1 0 0 0 0 0 0 0
251.123 1 0 1 0 0 0 0 0 0
251.236 0 1 0 0 0 0 0 0 0
251.38 1 0 1 0 0 0 0 0 0
251.875 0 1 0 0 0 0 0 0 0
252.308 1 0 0 0 0 0 0 0 0
252.823 0 1 0 0 0 0 0 0 0
253.297 1 0 0 0 0 0 0 0 0
253.792 0 1 0 0 0 0 0 0 0
254.246 1 0 0 0 0 0 0 0 0
255.05 0 1 0 0 0 0 0 0 0
255.257 1 0 0 0 0 0 0 0 0
255.905 0 1 0 0 0 0 0 0 0
256.42 0 0 0 1 0 0 0 0 0
257.142 0 0 0 0 1 0 0 0 0
257.585 1 0 0 0 0 0 0 0 0
258.636 0 1 0 0 0 0 0 0 0
259.079 1 0 0 0 0 0 0 0 0
260.441 0 1 0 0 0 0 0 0 0
260.905 1 0 0 0 0 0 0 0 0
261.81 0 1 0 0 0 0 0 0 0
262.162 1 0 0 0 0 0 0 0 0
263.058 0 1 0 0 0 0 0 0 0
265.14 1 0 0 0 0 0 0 0 0
265.439 0 1 0 0 0 0 0 0 0
265.768 1 0 0 0 0 0 0 0 0
266.552 0 1 0 0 0 0 0 0 0
266.841 1 0 0 0 0 0 0 0 0
267.305 0 1 0 0 0 0 0 0 0
267.593 1 0 0 0 0 0 0 0 0
268.149 0 1 0 0 0 0 0 0 0
268.345 1 0 0 0 0 0 0 0 0
268.417 0 1 0 0 0 0 0 0 0
268.479 1 0 1 0 0 0 0 0 0
268.572 0 1 0 0 0 0 0 0 0
268.994 1 0 0 0 0 0 0 0 0
269.531 0 1 0 0 0 0 0 0 0
269.572 1 0 0 0 0 0 0 0 0
269.737 0 1 0 0 0 0 0 0 0
269.995 1 0 1 0 0 0 0 0 0
270.417 0 1 0 0 0 0 0 0 0
270.829 1 0 0 0 0 0 0 0 0
271.128 0 1 0 0 0 0 0 0 0
271.427 1 0 0 0 0 0 0 0 0
272.21 0 1 0 0 0 0 0 0 0
272.396 1 0 0 0 0 0 0 0 0
273.489 0 1 0 0 0 0 0 0 0
273.869 0 0 0 1 0 0 0 0 0
275.271 0 0 0 0 1 0 0 0 0
275.539 1 0 0 0 0 0 0 0 0
276.23 0 1 0 0 0 0 0 0 0
276.559 1 0 0 0 0 0 0 0 0
277.58 0 1 0 0 0 0 0 0 0
277.869 0 0 0 1 0 0 0 0 0
278.549 0 0 0 0 1 0 0 0 0
278.848 1 0 0 0 0 0 0 0 0
279.93 0 1 0 0 0 0 0 0 0
280.332 1 0 0 0 0 0 0 0 0
280.661 0 1 0 0 0 0 0 0 0
280.765 1 0 1 0 0 0 0 0 0
281.26 0 1 0 0 0 0 0 0 0
282.157 0 0 0 0 0 1 0 0 0
283.764 0 0 0 0 0 0 1 0 0
303.604 1 0 0 0 0 0 0 0 0
303.903 0 1 0 0 0 0 0 0 0
304.604 0 0 0 1 0 0 0 0 0
306.273 0 0 0 0 1 0 0 0 0
306.737 1 0 0 0 0 0 0 0 0
307.541 0 1 0 0 0 0 0 0 0
307.944 1 0 0 0 0 0 0 0 0
308.634 0 1 0 0 0 0 0 0 0
308.964 1 0 0 0 0 0 0 0 0
309.706 0 1 0 0 0 0 0 0 0
310.139 1 0 0 0 0 0 0 0 0
310.705 0 1 0 0 0 0 0 0 0
311.119 1 0 0 0 0 0 0 0 0
311.623 0 1 0 0 0 0 0 0 0
313.787 0 0 0 1 0 0 0 0 0
314.705 0 0 0 0 1 0 0 0 0
315.683 1 0 0 0 0 0 0 0 0
317.066 0 1 0 0 0 0 0 0 0
317.405 1 0 0 0 0 0 0 0 0
317.622 0 1 0 0 0 0 0 0 0
317.756 0 0 0 1 0 0 0 0 0
319.837 0 0 0 0 1 0 0 0 0
320.219 1 0 0 0 0 0 0 0 0
320.652 0 1 0 0 0 0 0 0 0
320.982 1 0 0 0 0 0 0 0 0
321.455 0 1 0 0 0 0 0 0 0
321.888 0 0 0 1 0 0 0 0 0
324.137 0 0 0 0 1 0 0 0 0
324.475 1 0 0 0 0 0 0 0 0
325.434 0 1 0 0 0 0 0 0 0
325.64 1 0 0 0 0 0 0 0 0
326.464 0 1 0 0 0 0 0 0 0
326.918 1 0 0 0 0 0 0 0 0
327.505 0 1 0 0 0 0 0 0 0
328.092 1 0 0 0 0 0 0 0 0
328.464 0 1 0 0 0 0 0 0 0
332.493 1 0 0 0 0 0 0 0 0
333.019 0 1 0 0 0 0 0 0 0
333.328 1 0 0 0 0 0 0 0 0
334.028 0 1 0 0 0 0 0 0 0
334.43 1 0 0 0 0 0 0 0 0
335.214 0 1 0 0 0 0 0 0 0
335.451 1 0 0 0 0 0 0 0 0
335.74 0 1 0 0 0 0 0 0 0
335.998 1 0 0 0 0 0 0 0 0
336.327 0 1 0 0 0 0 0 0 0
336.45 1 0 1 0 0 0 0 0 0
337.646 0 1 0 0 0 0 0 0 0
337.925 1 0 0 0 0 0 0 0 0
339.449 0 1 0 0 0 0 0 0 0
339.728 1 0 0 0 0 0 0 0 0
340.563 0 1 0 0 0 0 0 0 0
340.862 1 0 0 0 0 0 0 0 0
341.573 0 1 0 0 0 0 0 0 0
341.955 1 0 0 0 0 0 0 0 0
343.211 0 1 0 0 0 0 0 0 0
343.387 1 0 0 0 0 0 0 0 0
344.562 0 1 0 0 0 0 0 0 0
344.954 1 0 0 0 0 0 0 0 0
345.571 0 1 0 0 0 0 0 0 0
345.757 1 0 0 0 0 0 0 0 0
346.582 0 1 0 0 0 0 0 0 0
346.798 1 0 0 0 0 0 0 0 0
347.582 0 1 0 0 0 0 0 0 0
347.798 0 0 0 1 0 0 0 0 0
348.838 0 0 0 0 1 0 0 0 0
349.364 1 0 0 0 0 0 0 0 0
350.23 0 1 0 0 0 0 0 0 0
350.447 1 0 0 0 0 0 0 0 0
351.065 0 1 0 0 0 0 0 0 0
351.291 1 0 0 0 0 0 0 0 0
352.054 0 1 0 0 0 0 0 0 0
352.343 1 0 0 0 0 0 0 0 0
352.456 0 1 0 0 0 0 0 0 0
352.518 1 0 1 0 0 0 0 0 0
352.652 0 1 0 0 0 0 0 0 0
354.888 1 0 0 0 0 0 0 0 0
355.177 0 1 0 0 0 0 0 0 0
355.558 1 0 0 0 0 0 0 0 0
356.28 0 1 0 0 0 0 0 0 0
356.671 1 0 0 0 0 0 0 0 0
357.177 0 1 0 0 0 0 0 0 0
357.495 1 0 0 0 0 0 0 0 0
358.196 0 1 0 0 0 0 0 0 0
358.856 1 0 0 0 0 0 0 0 0
359.392 0 1 0 0 0 0 0 0 0
359.906 1 0 0 0 0 0 0 0 0
360.432 0 1 0 0 0 0 0 0 0
360.876 1 0 0 0 0 0 0 0 0
361.082 0 1 0 0 0 0 0 0 0
