11.5678 1 0 0 0 0 0 0 0 0
12.1556 0 1 0 0 0 0 0 0 0
12.4745 1 0 0 0 0 0 0 0 0
13.1962 0 1 0 0 0 0 0 0 0
13.3922 1 0 0 0 0 0 0 0 0
13.907 0 1 0 0 0 0 0 0 0
14.5358 1 0 0 0 0 0 0 0 0
14.6807 0 1 0 0 0 0 0 0 0
15.0826 0 0 0 1 0 0 0 0 0
17.165 0 0 0 0 1 0 0 0 0
17.4318 1 0 0 0 0 0 0 0 0
17.7937 0 1 0 0 0 0 0 0 0
18.1436 1 0 0 0 0 0 0 0 0
18.6994 0 1 0 0 0 0 0 0 0
19.4932 1 0 0 0 0 0 0 0 0
19.7302 0 1 0 0 0 0 0 0 0
19.947 1 0 1 0 0 0 0 0 0
20.7307 0 1 0 0 0 0 0 0 0
21.0296 1 0 0 0 0 0 0 0 0
21.8644 0 1 0 0 0 0 0 0 0
22.1213 1 0 0 0 0 0 0 0 0
22.7401 0 1 0 0 0 0 0 0 0
22.998 1 0 0 0 0 0 0 0 0
23.5848 0 1 0 0 0 0 0 0 0
23.8637 1 0 0 0 0 0 0 0 0
24.8733 0 1 0 0 0 0 0 0 0
25.1212 1 0 0 0 0 0 0 0 0
25.7501 0 1 0 0 0 0 0 0 0
25.966 1 0 0 0 0 0 0 0 0
26.5737 0 1 0 0 0 0 0 0 0
26.9037 1 0 0 0 0 0 0 0 0
27.4915 0 1 0 0 0 0 0 0 0
27.8634 1 0 0 0 0 0 0 0 0
28.1094 0 1 0 0 0 0 0 0 0
28.2753 0 0 0 1 0 0 0 0 0
30.2645 0 0 0 0 1 0 0 0 0
30.6044 1 0 0 0 0 0 0 0 0
31.2122 0 1 0 0 0 0 0 0 0
31.5111 1 0 0 0 0 0 0 0 0
32.0879 0 1 0 0 0 0 0 0 0
32.4188 1 0 0 0 0 0 0 0 0
33.2525 0 1 0 0 0 0 0 0 0
33.6964 1 0 0 0 0 0 0 0 0
34.2214 0 1 0 0 0 0 0 0 0
34.6131 1 0 0 0 0 0 0 0 0
35.9526 0 1 0 0 0 0 0 0 0
36.1605 1 0 0 0 0 0 0 0 0
37.0772 0 1 0 0 0 0 0 0 0
37.2512 1 0 0 0 0 0 0 0 0
37.3442 0 1 0 0 0 0 0 0 0
37.4061 1 0 1 0 0 0 0 0 0
37.5191 0 1 0 0 0 0 0 0 0
40.0443 1 0 0 0 0 0 0 0 0
40.694 0 1 0 0 0 0 0 0 0
41.0339 1 0 0 0 0 0 0 0 0
41.9406 0 1 0 0 0 0 0 0 0
42.3744 1 0 0 0 0 0 0 0 0
43.1462 0 1 0 0 0 0 0 0 0
43.5481 1 0 0 0 0 0 0 0 0
44.5277 0 1 0 0 0 0 0 0 0
44.8466 1 0 0 0 0 0 0 0 0
45.3625 0 1 0 0 0 0 0 0 0
45.5274 0 0 0 1 0 0 0 0 0
48.9183 0 0 0 0 1 0 0 0 0
49.2282 1 0 0 0 0 0 0 0 0
50.2068 0 1 0 0 0 0 0 0 0
50.5158 1 0 0 0 0 0 0 0 0
51.6294 0 1 0 0 0 0 0 0 0
52.2162 1 0 0 0 0 0 0 0 0
52.783 0 1 0 0 0 0 0 0 0
53.5148 0 0 0 1 0 0 0 0 0
55.3912 0 0 0 0 1 0 0 0 0
55.792 1 0 0 0 0 0 0 0 0
56.3288 0 1 0 0 0 0 0 0 0
57.2355 0 0 0 1 0 0 0 0 0
58.4931 0 0 0 0 1 0 0 0 0
59.0079 1 0 0 0 0 0 0 0 0
60.6773 0 1 0 0 0 0 0 0 0
60.9253 1 0 0 0 0 0 0 0 0
64.4491 0 1 0 0 0 0 0 0 0
64.635 0 0 0 1 0 0 0 0 0
66.3874 0 0 0 0 1 0 0 0 0
66.6343 1 0 0 0 0 0 0 0 0
66.9334 0 1 0 0 0 0 0 0 0
67.1502 1 0 0 0 0 0 0 0 0
68.2529 0 1 0 0 0 0 0 0 0
68.9226 1 0 0 0 0 0 0 0 0
70.4171 0 1 0 0 0 0 0 0 0
70.778 1 0 0 0 0 0 0 0 0
71.7776 0 1 0 0 0 0 0 0 0
72.0555 1 0 0 0 0 0 0 0 0
72.7774 0 1 0 0 0 0 0 0 0
73.1282 1 0 0 0 0 0 0 0 0
74.4367 0 1 0 0 0 0 0 0 0
74.7666 1 0 0 0 0 0 0 0 0
75.6223 0 1 0 0 0 0 0 0 0
76.1892 1 0 0 0 0 0 0 0 0
77.1058 0 1 0 0 0 0 0 0 0
77.4458 1 0 0 0 0 0 0 0 0
78.0025 0 1 0 0 0 0 0 0 0
78.7454 1 0 0 0 0 0 0 0 0
79.446 0 1 0 0 0 0 0 0 0
79.8679 1 0 0 0 0 0 0 0 0
80.4037 0 1 0 0 0 0 0 0 0
80.9915 1 0 0 0 0 0 0 0 0
81.5173 0 1 0 0 0 0 0 0 0
82.0432 0 0 0 1 0 0 0 0 0
84.1355 0 0 0 0 1 0 0 0 0
84.5583 1 0 0 0 0 0 0 0 0
85.2791 0 1 0 0 0 0 0 0 0
85.619 1 0 0 0 0 0 0 0 0
86.4647 0 1 0 0 0 0 0 0 0
86.7326 1 0 0 0 0 0 0 0 0
87.2784 0 1 0 0 0 0 0 0 0
87.5983 1 0 0 0 0 0 0 0 0
88.2471 0 1 0 0 0 0 0 0 0
88.485 1 0 0 0 0 0 0 0 0
89.0618 0 1 0 0 0 0 0 0 0
89.5357 1 0 0 0 0 0 0 0 0
90.9802 0 1 0 0 0 0 0 0 0
92.2158 0 0 0 0 0 1 0 0 0
93.8233 0 0 0 0 0 0 1 0 0
117.816 1 0 0 0 0 0 0 0 0
118.3 0 1 0 0 0 0 0 0 0
118.609 1 0 0 0 0 0 0 0 0
119.063 0 1 0 0 0 0 0 0 0
119.506 1 0 0 0 0 0 0 0 0
119.98 0 1 0 0 0 0 0 0 0
120.433 1 0 0 0 0 0 0 0 0
120.804 0 1 0 0 0 0 0 0 0
121.836 0 0 0 1 0 0 0 0 0
123.34 0 0 0 0 1 0 0 0 0
123.69 1 0 0 0 0 0 0 0 0
124.835 0 1 0 0 0 0 0 0 0
125.175 1 0 0 0 0 0 0 0 0
125.607 0 1 0 0 0 0 0 0 0
125.802 1 0 0 0 0 0 0 0 0
126.658 0 1 0 0 0 0 0 0 0
127.164 1 0 0 0 0 0 0 0 0
127.906 0 1 0 0 0 0 0 0 0
128.256 1 0 0 0 0 0 0 0 0
128.915 0 1 0 0 0 0 0 0 0
129.41 1 0 0 0 0 0 0 0 0
130.193 0 1 0 0 0 0 0 0 0
130.771 1 0 0 0 0 0 0 0 0
131.893 0 1 0 0 0 0 0 0 0
132.832 1 0 0 0 0 0 0 0 0
133.832 0 1 0 0 0 0 0 0 0
133.976 1 0 0 0 0 0 0 0 0
134.635 0 1 0 0 0 0 0 0 0
134.862 1 0 0 0 0 0 0 0 0
135.696 0 1 0 0 0 0 0 0 0
136.016 0 0 0 1 0 0 0 0 0
139.325 0 0 0 0 1 0 0 0 0
139.707 1 0 0 0 0 0 0 0 0
140.489 0 1 0 0 0 0 0 0 0
140.716 1 0 0 0 0 0 0 0 0
141.283 0 1 0 0 0 0 0 0 0
142.077 1 0 0 0 0 0 0 0 0
142.943 0 1 0 0 0 0 0 0 0
143.334 1 0 0 0 0 0 0 0 0
144.242 0 1 0 0 0 0 0 0 0
144.56 1 0 0 0 0 0 0 0 0
145.437 0 1 0 0 0 0 0 0 0
145.756 1 0 0 0 0 0 0 0 0
146.406 0 1 0 0 0 0 0 0 0
146.632 0 0 0 1 0 0 0 0 0
148.137 0 0 0 0 1 0 0 0 0
148.693 1 0 0 0 0 0 0 0 0
150.528 0 1 0 0 0 0 0 0 0
150.857 1 0 0 0 0 0 0 0 0
151.538 0 1 0 0 0 0 0 0 0
151.94 1 0 0 0 0 0 0 0 0
152.414 0 1 0 0 0 0 0 0 0
152.785 1 0 0 0 0 0 0 0 0
153.939 0 1 0 0 0 0 0 0 0
154.229 1 0 0 0 0 0 0 0 0
154.99 0 1 0 0 0 0 0 0 0
155.238 1 0 0 0 0 0 0 0 0
155.969 0 1 0 0 0 0 0 0 0
156.31 1 0 0 0 0 0 0 0 0
157.114 0 1 0 0 0 0 0 0 0
157.454 1 0 0 0 0 0 0 0 0
158.372 0 1 0 0 0 0 0 0 0
158.784 1 0 0 0 0 0 0 0 0
159.845 0 1 0 0 0 0 0 0 0
160.206 1 0 0 0 0 0 0 0 0
161.309 0 1 0 0 0 0 0 0 0
161.617 1 0 0 0 0 0 0 0 0
162.854 0 1 0 0 0 0 0 0 0
163.164 1 0 0 0 0 0 0 0 0
163.689 0 1 0 0 0 0 0 0 0
164.04 0 0 0 1 0 0 0 0 0
166.214 0 0 0 0 1 0 0 0 0
166.843 1 0 0 0 0 0 0 0 0
167.246 0 1 0 0 0 0 0 0 0
168.533 1 0 0 0 0 0 0 0 0
168.946 0 1 0 0 0 0 0 0 0
172.306 1 0 0 0 0 0 0 0 0
172.811 0 1 0 0 0 0 0 0 0
173.995 0 0 0 0 0 1 0 0 0
176.727 0 0 0 0 0 0 1 0 0
179.757 0 0 0 0 0 1 0 0 0
180.386 0 0 0 0 0 0 1 0 0
181.427 0 0 0 0 0 1 0 0 0
181.963 0 0 0 0 0 0 1 0 0
199.68 1 0 0 0 0 0 0 0 0
200.72 0 1 0 0 0 0 0 0 0
201.267 1 0 0 0 0 0 0 0 0
201.885 0 1 0 0 0 0 0 0 0
202.225 1 0 0 0 0 0 0 0 0
202.484 0 1 0 0 0 0 0 0 0
202.721 0 0 0 1 0 0 0 0 0
203.926 0 0 0 0 1 0 0 0 0
204.173 1 0 0 0 0 0 0 0 0
204.864 0 1 0 0 0 0 0 0 0
205.215 1 0 0 0 0 0 0 0 0
205.679 0 1 0 0 0 0 0 0 0
206.152 1 0 0 0 0 0 0 0 0
206.379 0 1 0 0 0 0 0 0 0
206.832 1 0 0 0 0 0 0 0 0
207.389 0 1 0 0 0 0 0 0 0
207.946 1 0 0 0 0 0 0 0 0
208.028 0 1 0 0 0 0 0 0 0
208.1 1 0 1 0 0 0 0 0 0
208.224 0 1 0 0 0 0 0 0 0
209.594 1 0 0 0 0 0 0 0 0
210.347 0 1 0 0 0 0 0 0 0
210.595 1 0 0 0 0 0 0 0 0
211.45 0 1 0 0 0 0 0 0 0
211.823 1 0 0 0 0 0 0 0 0
212.274 0 1 0 0 0 0 0 0 0
212.428 0 0 0 1 0 0 0 0 0
215.242 0 0 0 0 1 0 0 0 0
215.562 0 0 0 1 0 0 0 0 0
215.83 0 0 0 0 1 0 0 0 0
216.088 1 0 0 0 0 0 0 0 0
216.552 0 1 0 0 0 0 0 0 0
216.964 1 0 0 0 0 0 0 0 0
217.335 0 1 0 0 0 0 0 0 0
217.552 1 0 0 0 0 0 0 0 0
218.004 0 1 0 0 0 0 0 0 0
218.314 1 0 0 0 0 0 0 0 0
218.809 0 1 0 0 0 0 0 0 0
219.097 1 0 0 0 0 0 0 0 0
219.644 0 1 0 0 0 0 0 0 0
220.035 1 0 0 0 0 0 0 0 0
220.85 0 1 0 0 0 0 0 0 0
221.108 1 0 0 0 0 0 0 0 0
221.519 0 1 0 0 0 0 0 0 0
221.942 1 0 0 0 0 0 0 0 0
223.035 0 1 0 0 0 0 0 0 0
223.374 1 0 0 0 0 0 0 0 0
224.817 0 1 0 0 0 0 0 0 0
225.261 0 0 0 1 0 0 0 0 0
226.065 0 0 0 0 1 0 0 0 0
226.384 1 0 0 0 0 0 0 0 0
226.941 0 1 0 0 0 0 0 0 0
227.311 1 0 0 0 0 0 0 0 0
228.25 0 1 0 0 0 0 0 0 0
228.703 1 0 0 0 0 0 0 0 0
229.239 0 1 0 0 0 0 0 0 0
229.837 1 0 0 0 0 0 0 0 0
230.228 0 1 0 0 0 0 0 0 0
230.846 1 0 0 0 0 0 0 0 0
231.269 0 1 0 0 0 0 0 0 0
231.795 1 0 0 0 0 0 0 0 0
232.31 0 1 0 0 0 0 0 0 0
232.826 1 0 0 0 0 0 0 0 0
232.969 0 1 0 0 0 0 0 0 0
233.042 1 0 1 0 0 0 0 0 0
233.165 0 1 0 0 0 0 0 0 0
234.629 1 0 0 0 0 0 0 0 0
235.34 0 1 0 0 0 0 0 0 0
236.051 1 0 0 0 0 0 0 0 0
236.917 0 1 0 0 0 0 0 0 0
237.422 1 0 0 0 0 0 0 0 0
238.432 0 1 0 0 0 0 0 0 0
238.659 1 0 0 0 0 0 0 0 0
238.784 0 1 0 0 0 0 0 0 0
238.835 1 0 1 0 0 0 0 0 0
238.958 0 1 0 0 0 0 0 0 0
240.102 1 0 0 0 0 0 0 0 0
240.865 0 1 0 0 0 0 0 0 0
241.133 1 0 0 0 0 0 0 0 0
243.884 0 1 0 0 0 0 0 0 0
244.143 1 0 0 0 0 0 0 0 0
245.306 0 1 0 0 0 0 0 0 0
245.688 1 0 0 0 0 0 0 0 0
248.192 0 1 0 0 0 0 0 0 0
248.759 1 0 0 0 0 0 0 0 0
250.181 0 1 0 0 0 0 0 0 0
250.511 1 0 0 0 0 0 0 0 0
251.634 0 1 0 0 0 0 0 0 0
251.985 1 0 0 0 0 0 0 0 0
253.057 0 1 0 0 0 0 0 0 0
255.303 1 0 0 0 0 0 0 0 0
256.83 0 1 0 0 0 0 0 0 0
257.148 1 0 0 0 0 0 0 0 0
258.086 0 1 0 0 0 0 0 0 0
258.333 0 0 0 1 0 0 0 0 0
260.724 0 0 0 0 1 0 0 0 0
261.054 1 0 0 0 0 0 0 0 0
262.074 0 1 0 0 0 0 0 0 0
263.733 0 0 0 0 0 1 0 0 0
264.94 0 0 0 0 0 0 1 0 0
285.541 1 0 0 0 0 0 0 0 0
286.407 0 1 0 0 0 0 0 0 0
286.747 1 0 0 0 0 0 0 0 0
287.2 0 1 0 0 0 0 0 0 0
287.406 1 0 0 0 0 0 0 0 0
288.025 0 1 0 0 0 0 0 0 0
288.282 1 0 0 0 0 0 0 0 0
288.798 0 1 0 0 0 0 0 0 0
289.035 1 0 0 0 0 0 0 0 0
289.529 0 1 0 0 0 0 0 0 0
289.807 1 0 0 0 0 0 0 0 0
290.704 0 1 0 0 0 0 0 0 0
290.993 1 0 0 0 0 0 0 0 0
291.561 0 1 0 0 0 0 0 0 0
291.88 1 0 0 0 0 0 0 0 0
292.447 0 1 0 0 0 0 0 0 0
292.652 1 0 0 0 0 0 0 0 0
293.569 0 1 0 0 0 0 0 0 0
293.837 1 0 0 0 0 0 0 0 0
295.322 0 1 0 0 0 0 0 0 0
295.57 1 0 0 0 0 0 0 0 0
296.115 0 1 0 0 0 0 0 0 0
296.558 1 0 0 0 0 0 0 0 0
297.383 0 1 0 0 0 0 0 0 0
297.62 1 0 0 0 0 0 0 0 0
298.27 0 1 0 0 0 0 0 0 0
298.764 1 0 0 0 0 0 0 0 0
299.609 0 1 0 0 0 0 0 0 0
299.918 1 0 0 0 0 0 0 0 0
300.331 0 1 0 0 0 0 0 0 0
300.506 1 0 0 0 0 0 0 0 0
300.599 0 1 0 0 0 0 0 0 0
300.671 1 0 1 0 0 0 0 0 0
300.784 0 1 0 0 0 0 0 0 0
301.628 1 0 0 0 0 0 0 0 0
302.289 0 1 0 0 0 0 0 0 0
302.763 0 0 0 1 0 0 0 0 0
304.412 0 0 0 0 1 0 0 0 0
304.958 1 0 0 0 0 0 0 0 0
305.969 0 1 0 0 0 0 0 0 0
306.236 1 0 0 0 0 0 0 0 0
306.906 0 1 0 0 0 0 0 0 0
307.154 1 0 0 0 0 0 0 0 0
307.555 0 1 0 0 0 0 0 0 0
307.73 1 0 0 0 0 0 0 0 0
308.101 0 1 0 0 0 0 0 0 0
308.421 1 0 0 0 0 0 0 0 0
309.256 0 1 0 0 0 0 0 0 0
309.73 1 0 0 0 0 0 0 0 0
310.339 0 1 0 0 0 0 0 0 0
311.328 1 0 0 0 0 0 0 0 0
311.575 0 1 0 0 0 0 0 0 0
312.08 0 0 0 1 0 0 0 0 0
314.554 0 0 0 0 1 0 0 0 0
315.028 1 0 0 0 0 0 0 0 0
315.688 0 1 0 0 0 0 0 0 0
316.244 1 0 0 0 0 0 0 0 0
316.862 0 1 0 0 0 0 0 0 0
317.327 1 0 0 0 0 0 0 0 0
317.821 0 1 0 0 0 0 0 0 0
318.491 1 0 0 0 0 0 0 0 0
319.448 0 1 0 0 0 0 0 0 0
319.717 1 0 0 0 0 0 0 0 0
321.109 0 1 0 0 0 0 0 0 0
326.581 1 0 0 0 0 0 0 0 0
326.891 0 1 0 0 0 0 0 0 0
327.055 1 0 1 0 0 0 0 0 0
328.035 0 1 0 0 0 0 0 0 0
328.158 1 0 0 0 0 0 0 0 0
329.117 0 1 0 0 0 0 0 0 0
329.272 1 0 0 0 0 0 0 0 0
329.756 0 1 0 0 0 0 0 0 0
329.951 1 0 0 0 0 0 0 0 0
330.581 0 1 0 0 0 0 0 0 0
330.828 1 0 0 0 0 0 0 0 0
331.384 0 1 0 0 0 0 0 0 0
331.703 0 0 0 1 0 0 0 0 0
334.919 0 0 0 0 1 0 0 0 0
335.167 1 0 0 0 0 0 0 0 0
335.919 0 1 0 0 0 0 0 0 0
336.702 1 0 0 0 0 0 0 0 0
337.156 0 1 0 0 0 0 0 0 0
337.464 1 0 0 0 0 0 0 0 0
338 0 1 0 0 0 0 0 0 0
338.279 1 0 0 0 0 0 0 0 0
342.824 0 1 0 0 0 0 0 0 0
343.02 0 0 0 1 0 0 0 0 0
345.607 0 0 0 0 1 0 0 0 0
345.988 0 0 0 1 0 0 0 0 0
346.534 0 0 0 0 1 0 0 0 0
346.905 1 0 0 0 0 0 0 0 0
348.276 0 1 0 0 0 0 0 0 0
348.555 1 0 0 0 0 0 0 0 0
348.668 0 1 0 0 0 0 0 0 0
348.74 1 0 1 0 0 0 0 0 0
348.833 0 1 0 0 0 0 0 0 0
349.657 1 0 0 0 0 0 0 0 0
350.677 0 1 0 0 0 0 0 0 0
350.904 1 0 0 0 0 0 0 0 0
351.667 0 1 0 0 0 0 0 0 0
352.018 1 0 0 0 0 0 0 0 0
353.171 0 1 0 0 0 0 0 0 0
353.656 1 0 0 0 0 0 0 0 0
354.223 0 1 0 0 0 0 0 0 0
354.501 1 0 0 0 0 0 0 0 0
355.027 0 1 0 0 0 0 0 0 0
355.285 1 0 0 0 0 0 0 0 0
356.532 0 1 0 0 0 0 0 0 0
356.696 1 0 0 0 0 0 0 0 0
357.377 0 1 0 0 0 0 0 0 0
357.748 1 0 0 0 0 0 0 0 0
358.583 0 1 0 0 0 0 0 0 0
359.149 1 0 0 0 0 0 0 0 0
359.211 0 1 0 0 0 0 0 0 0
359.304 1 0 1 0 0 0 0 0 0
359.407 0 1 0 0 0 0 0 0 0
361.283 1 0 0 0 0 0 0 0 0
361.633 0 1 0 0 0 0 0 0 0
