3.83348 0 0 0 0 0 1 0 0 0
4.54517 0 0 0 0 0 0 1 0 0
32.0528 1 0 0 0 0 0 0 0 0
32.4857 0 1 0 0 0 0 0 0 0
33.1665 1 0 0 0 0 0 0 0 0
33.9702 0 1 0 0 0 0 0 0 0
34.3511 1 0 0 0 0 0 0 0 0
34.949 0 1 0 0 0 0 0 0 0
35.1758 1 0 0 0 0 0 0 0 0
44.6996 0 1 0 0 0 0 0 0 0
45.3074 1 0 0 0 0 0 0 0 0
47.0698 0 1 0 0 0 0 0 0 0
47.1629 1 0 0 0 0 0 0 0 0
49.2851 0 1 0 0 0 0 0 0 0
49.9968 1 0 0 0 0 0 0 0 0
51.3463 0 1 0 0 0 0 0 0 0
51.6973 1 0 0 0 0 0 0 0 0
52.9448 0 1 0 0 0 0 0 0 0
53.1908 1 0 0 0 0 0 0 0 0
53.6036 0 1 0 0 0 0 0 0 0
53.8605 1 0 0 0 0 0 0 0 0
54.5932 0 1 0 0 0 0 0 0 0
54.8302 1 0 0 0 0 0 0 0 0
55.8298 0 1 0 0 0 0 0 0 0
56.5216 1 0 0 0 0 0 0 0 0
57.8392 0 1 0 0 0 0 0 0 0
58.396 1 0 0 0 0 0 0 0 0
59.3957 0 1 0 0 0 0 0 0 0
59.8505 1 0 0 0 0 0 0 0 0
60.5503 0 1 0 0 0 0 0 0 0
60.9212 1 0 0 0 0 0 0 0 0
61.9519 0 1 0 0 0 0 0 0 0
62.5076 1 0 0 0 0 0 0 0 0
63.4773 0 1 0 0 0 0 0 0 0
63.8272 1 0 0 0 0 0 0 0 0
64.9198 0 1 0 0 0 0 0 0 0
65.2808 1 0 0 0 0 0 0 0 0
66.4343 0 1 0 0 0 0 0 0 0
66.8162 1 0 0 0 0 0 0 0 0
67.3 0 1 0 0 0 0 0 0 0
67.6099 1 0 0 0 0 0 0 0 0
68.5476 0 1 0 0 0 0 0 0 0
68.8155 1 0 0 0 0 0 0 0 0
70.2991 0 1 0 0 0 0 0 0 0
70.65 1 0 0 0 0 0 0 0 0
71.8455 0 1 0 0 0 0 0 0 0
72.1754 1 0 0 0 0 0 0 0 0
72.9892 0 1 0 0 0 0 0 0 0
73.422 0 0 0 1 0 0 0 0 0
74.3916 0 0 0 0 1 0 0 0 0
74.7725 0 0 0 1 0 0 0 0 0
76.8129 0 0 0 0 1 0 0 0 0
77.0498 1 0 0 0 0 0 0 0 0
77.9775 0 1 0 0 0 0 0 0 0
78.2144 0 0 0 1 0 0 0 0 0
81.6982 0 0 0 0 1 0 0 0 0
82.481 1 0 0 0 0 0 0 0 0
83.5116 0 1 0 0 0 0 0 0 0
83.9655 1 0 0 0 0 0 0 0 0
84.4193 0 1 0 0 0 0 0 0 0
84.9961 1 0 0 0 0 0 0 0 0
85.46 0 1 0 0 0 0 0 0 0
85.9139 1 0 0 0 0 0 0 0 0
86.4386 0 1 0 0 0 0 0 0 0
86.8616 1 0 0 0 0 0 0 0 0
87.7482 0 1 0 0 0 0 0 0 0
89.4896 1 0 0 0 0 0 0 0 0
89.9635 0 1 0 0 0 0 0 0 0
90.8292 1 0 0 0 0 0 0 0 0
91.448 0 1 0 0 0 0 0 0 0
92.0148 1 0 0 0 0 0 0 0 0
92.7056 0 1 0 0 0 0 0 0 0
93.6742 1 0 0 0 0 0 0 0 0
95.1378 0 1 0 0 0 0 0 0 0
96.0555 1 0 0 0 0 0 0 0 0
96.6013 0 1 0 0 0 0 0 0 0
96.8792 1 0 0 0 0 0 0 0 0
97.5809 0 1 0 0 0 0 0 0 0
98.1058 0 0 0 1 0 0 0 0 0
100.332 0 0 0 0 1 0 0 0 0
100.89 1 0 0 0 0 0 0 0 0
101.672 0 1 0 0 0 0 0 0 0
101.97 1 0 0 0 0 0 0 0 0
102.362 0 1 0 0 0 0 0 0 0
103.63 1 0 0 0 0 0 0 0 0
103.971 0 1 0 0 0 0 0 0 0
106.145 1 0 0 0 0 0 0 0 0
106.227 0 1 0 0 0 0 0 0 0
106.32 1 0 1 0 0 0 0 0 0
106.423 0 1 0 0 0 0 0 0 0
107.824 1 0 0 0 0 0 0 0 0
108.711 0 1 0 0 0 0 0 0 0
109.113 1 0 0 0 0 0 0 0 0
110.525 0 1 0 0 0 0 0 0 0
111.029 1 0 0 0 0 0 0 0 0
111.741 0 1 0 0 0 0 0 0 0
111.998 1 0 0 0 0 0 0 0 0
112.493 0 1 0 0 0 0 0 0 0
112.761 1 0 0 0 0 0 0 0 0
113.318 0 1 0 0 0 0 0 0 0
113.688 1 0 0 0 0 0 0 0 0
114.204 0 1 0 0 0 0 0 0 0
114.596 1 0 0 0 0 0 0 0 0
115.131 0 1 0 0 0 0 0 0 0
116.07 1 0 0 0 0 0 0 0 0
116.142 0 1 0 0 0 0 0 0 0
116.224 1 0 1 0 0 0 0 0 0
116.327 0 1 0 0 0 0 0 0 0
117.924 1 0 0 0 0 0 0 0 0
118.605 0 1 0 0 0 0 0 0 0
118.79 1 0 0 0 0 0 0 0 0
119.687 0 1 0 0 0 0 0 0 0
120.057 1 0 0 0 0 0 0 0 0
120.748 0 1 0 0 0 0 0 0 0
122.027 1 0 0 0 0 0 0 0 0
122.563 0 1 0 0 0 0 0 0 0
128.592 1 0 0 0 0 0 0 0 0
129.148 0 1 0 0 0 0 0 0 0
129.364 1 0 0 0 0 0 0 0 0
130.127 0 1 0 0 0 0 0 0 0
130.416 1 0 0 0 0 0 0 0 0
130.869 0 1 0 0 0 0 0 0 0
131.179 1 0 0 0 0 0 0 0 0
131.405 0 1 0 0 0 0 0 0 0
132.086 1 0 0 0 0 0 0 0 0
132.591 0 1 0 0 0 0 0 0 0
133.55 0 0 0 1 0 0 0 0 0
134.26 0 0 0 0 1 0 0 0 0
134.538 0 0 0 1 0 0 0 0 0
135.228 0 0 0 0 1 0 0 0 0
136.208 1 0 0 0 0 0 0 0 0
136.507 0 1 0 0 0 0 0 0 0
136.888 1 0 0 0 0 0 0 0 0
137.692 0 1 0 0 0 0 0 0 0
137.94 1 0 0 0 0 0 0 0 0
138.455 0 1 0 0 0 0 0 0 0
138.63 1 0 0 0 0 0 0 0 0
139.475 0 1 0 0 0 0 0 0 0
139.702 1 0 0 0 0 0 0 0 0
140.413 0 1 0 0 0 0 0 0 0
141.073 1 0 0 0 0 0 0 0 0
141.588 0 1 0 0 0 0 0 0 0
141.804 0 0 0 1 0 0 0 0 0
142.908 0 0 0 0 1 0 0 0 0
143.268 1 0 0 0 0 0 0 0 0
143.351 0 1 0 0 0 0 0 0 0
143.423 1 0 1 0 0 0 0 0 0
143.526 0 1 0 0 0 0 0 0 0
144.752 1 0 0 0 0 0 0 0 0
145.267 0 1 0 0 0 0 0 0 0
145.7 1 0 0 0 0 0 0 0 0
146.515 0 1 0 0 0 0 0 0 0
147.72 1 0 0 0 0 0 0 0 0
148.143 0 1 0 0 0 0 0 0 0
148.762 1 0 0 0 0 0 0 0 0
149.112 0 1 0 0 0 0 0 0 0
150.761 1 0 0 0 0 0 0 0 0
151.205 0 1 0 0 0 0 0 0 0
152.565 1 0 0 0 0 0 0 0 0
152.966 0 1 0 0 0 0 0 0 0
153.616 1 0 0 0 0 0 0 0 0
153.956 0 1 0 0 0 0 0 0 0
154.471 1 0 0 0 0 0 0 0 0
154.915 0 1 0 0 0 0 0 0 0
156.687 1 0 0 0 0 0 0 0 0
157.161 0 1 0 0 0 0 0 0 0
157.512 1 0 0 0 0 0 0 0 0
158.12 0 1 0 0 0 0 0 0 0
158.388 1 0 0 0 0 0 0 0 0
159.036 0 1 0 0 0 0 0 0 0
159.314 1 0 0 0 0 0 0 0 0
160.201 0 1 0 0 0 0 0 0 0
160.398 1 0 0 0 0 0 0 0 0
160.871 0 1 0 0 0 0 0 0 0
161.129 1 0 0 0 0 0 0 0 0
161.665 0 1 0 0 0 0 0 0 0
162.437 1 0 0 0 0 0 0 0 0
163.149 0 1 0 0 0 0 0 0 0
163.511 1 0 0 0 0 0 0 0 0
164.551 0 1 0 0 0 0 0 0 0
165.065 1 0 0 0 0 0 0 0 0
165.859 0 1 0 0 0 0 0 0 0
166.23 1 0 0 0 0 0 0 0 0
167.22 0 1 0 0 0 0 0 0 0
167.529 1 0 0 0 0 0 0 0 0
168.9 0 1 0 0 0 0 0 0 0
169.848 1 0 0 0 0 0 0 0 0
170.673 0 1 0 0 0 0 0 0 0
171.208 1 0 0 0 0 0 0 0 0
172.311 0 1 0 0 0 0 0 0 0
173.373 1 0 0 0 0 0 0 0 0
174.207 0 1 0 0 0 0 0 0 0
174.702 0 0 0 1 0 0 0 0 0
176.764 0 0 0 0 1 0 0 0 0
177.248 1 0 0 0 0 0 0 0 0
177.722 0 1 0 0 0 0 0 0 0
178.124 1 0 0 0 0 0 0 0 0
178.517 0 1 0 0 0 0 0 0 0
178.609 1 0 1 0 0 0 0 0 0
179.351 0 1 0 0 0 0 0 0 0
179.886 1 0 0 0 0 0 0 0 0
180.732 0 1 0 0 0 0 0 0 0
181.413 1 0 0 0 0 0 0 0 0
181.907 0 1 0 0 0 0 0 0 0
182.691 0 0 0 0 0 1 0 0 0
183.391 0 0 0 0 0 0 1 0 0
183.659 0 0 0 0 0 1 0 0 0
184.979 0 0 0 0 0 0 1 0 0
186.555 0 0 0 0 0 1 0 0 0
187.276 0 0 0 0 0 0 1 0 0
189.028 0 0 0 0 0 1 0 0 0
189.492 0 0 0 0 0 0 1 0 0
190.379 0 0 0 0 0 1 0 0 0
190.781 0 0 0 0 0 0 1 0 0
191.204 0 0 0 0 0 1 0 0 0
191.648 0 0 0 0 0 0 1 0 0
194.955 0 0 0 0 0 1 0 0 0
195.408 0 0 0 0 0 0 1 0 0
214.888 1 0 0 0 0 0 0 0 0
215.424 0 1 0 0 0 0 0 0 0
215.866 1 0 0 0 0 0 0 0 0
216.578 0 1 0 0 0 0 0 0 0
217.011 1 0 0 0 0 0 0 0 0
217.567 0 1 0 0 0 0 0 0 0
218.166 1 0 0 0 0 0 0 0 0
218.752 0 1 0 0 0 0 0 0 0
219.319 1 0 0 0 0 0 0 0 0
219.959 0 1 0 0 0 0 0 0 0
220.433 1 0 0 0 0 0 0 0 0
220.927 0 1 0 0 0 0 0 0 0
221.37 1 0 0 0 0 0 0 0 0
221.947 0 1 0 0 0 0 0 0 0
222.483 1 0 0 0 0 0 0 0 0
223.37 0 1 0 0 0 0 0 0 0
223.906 1 0 0 0 0 0 0 0 0
224.441 0 1 0 0 0 0 0 0 0
224.709 1 0 0 0 0 0 0 0 0
225.317 0 1 0 0 0 0 0 0 0
225.741 1 0 0 0 0 0 0 0 0
226.4 0 1 0 0 0 0 0 0 0
226.781 1 0 0 0 0 0 0 0 0
227.306 0 1 0 0 0 0 0 0 0
227.492 1 0 0 0 0 0 0 0 0
228.152 0 1 0 0 0 0 0 0 0
228.523 1 0 0 0 0 0 0 0 0
229.214 0 1 0 0 0 0 0 0 0
229.677 0 0 0 1 0 0 0 0 0
232.45 0 0 0 0 1 0 0 0 0
232.697 1 0 0 0 0 0 0 0 0
233.151 0 1 0 0 0 0 0 0 0
234.099 1 0 0 0 0 0 0 0 0
234.697 0 1 0 0 0 0 0 0 0
235.016 1 0 0 0 0 0 0 0 0
235.139 0 1 0 0 0 0 0 0 0
235.717 0 0 0 1 0 0 0 0 0
236.984 0 0 0 0 1 0 0 0 0
237.582 1 0 0 0 0 0 0 0 0
238.263 0 1 0 0 0 0 0 0 0
238.675 1 0 0 0 0 0 0 0 0
239.489 0 1 0 0 0 0 0 0 0
239.953 1 0 0 0 0 0 0 0 0
240.633 0 1 0 0 0 0 0 0 0
241.117 1 0 0 0 0 0 0 0 0
241.901 0 1 0 0 0 0 0 0 0
242.281 1 0 0 0 0 0 0 0 0
242.941 0 1 0 0 0 0 0 0 0
243.416 1 0 0 0 0 0 0 0 0
244.065 0 1 0 0 0 0 0 0 0
244.457 1 0 0 0 0 0 0 0 0
244.983 0 1 0 0 0 0 0 0 0
245.199 1 0 0 0 0 0 0 0 0
245.601 0 1 0 0 0 0 0 0 0
245.94 1 0 0 0 0 0 0 0 0
246.632 0 1 0 0 0 0 0 0 0
247.167 1 0 0 0 0 0 0 0 0
247.507 0 1 0 0 0 0 0 0 0
247.61 1 0 1 0 0 0 0 0 0
247.961 0 1 0 0 0 0 0 0 0
248.198 1 0 0 0 0 0 0 0 0
248.929 0 1 0 0 0 0 0 0 0
249.187 1 0 0 0 0 0 0 0 0
249.785 0 1 0 0 0 0 0 0 0
250.043 1 0 0 0 0 0 0 0 0
250.929 0 1 0 0 0 0 0 0 0
251.187 1 0 0 0 0 0 0 0 0
252.042 0 1 0 0 0 0 0 0 0
252.433 1 0 0 0 0 0 0 0 0
253.104 0 1 0 0 0 0 0 0 0
253.609 1 0 0 0 0 0 0 0 0
254.155 0 1 0 0 0 0 0 0 0
254.587 1 0 0 0 0 0 0 0 0
255.34 0 1 0 0 0 0 0 0 0
255.834 1 0 0 0 0 0 0 0 0
256.391 0 1 0 0 0 0 0 0 0
260.194 1 0 0 0 0 0 0 0 0
260.956 0 1 0 0 0 0 0 0 0
261.214 0 0 0 1 0 0 0 0 0
264.605 0 0 0 0 1 0 0 0 0
265.058 0 0 0 1 0 0 0 0 0
265.687 0 0 0 0 1 0 0 0 0
267.254 0 0 0 1 0 0 0 0 0
268.14 0 0 0 0 1 0 0 0 0
268.769 1 0 0 0 0 0 0 0 0
269.171 0 1 0 0 0 0 0 0 0
269.593 1 0 0 0 0 0 0 0 0
270.221 0 1 0 0 0 0 0 0 0
270.583 1 0 0 0 0 0 0 0 0
271.356 0 1 0 0 0 0 0 0 0
272.2 1 0 0 0 0 0 0 0 0
273.169 0 1 0 0 0 0 0 0 0
273.705 1 0 0 0 0 0 0 0 0
274.572 0 1 0 0 0 0 0 0 0
275.159 1 0 0 0 0 0 0 0 0
276.138 0 1 0 0 0 0 0 0 0
276.581 1 0 0 0 0 0 0 0 0
277.137 0 1 0 0 0 0 0 0 0
277.797 1 0 0 0 0 0 0 0 0
278.487 0 1 0 0 0 0 0 0 0
278.796 0 0 0 1 0 0 0 0 0
281.044 0 0 0 0 1 0 0 0 0
281.342 0 0 0 1 0 0 0 0 0
281.785 0 0 0 0 1 0 0 0 0
282.166 1 0 0 0 0 0 0 0 0
282.929 0 1 0 0 0 0 0 0 0
283.228 1 0 0 0 0 0 0 0 0
284.372 0 1 0 0 0 0 0 0 0
285.072 1 0 0 0 0 0 0 0 0
285.671 0 1 0 0 0 0 0 0 0
285.949 1 0 0 0 0 0 0 0 0
286.351 0 1 0 0 0 0 0 0 0
286.805 1 0 0 0 0 0 0 0 0
288.072 0 1 0 0 0 0 0 0 0
289.062 1 0 0 0 0 0 0 0 0
289.783 0 1 0 0 0 0 0 0 0
290.164 1 0 0 0 0 0 0 0 0
290.514 0 1 0 0 0 0 0 0 0
291.071 1 0 0 0 0 0 0 0 0
292.05 0 1 0 0 0 0 0 0 0
292.648 1 0 0 0 0 0 0 0 0
293.267 0 1 0 0 0 0 0 0 0
293.967 1 0 0 0 0 0 0 0 0
294.719 0 1 0 0 0 0 0 0 0
295.39 1 0 0 0 0 0 0 0 0
296.306 0 1 0 0 0 0 0 0 0
296.894 1 0 0 0 0 0 0 0 0
297.481 0 1 0 0 0 0 0 0 0
297.935 1 0 0 0 0 0 0 0 0
298.667 0 1 0 0 0 0 0 0 0
299.522 1 0 0 0 0 0 0 0 0
300.46 0 1 0 0 0 0 0 0 0
302.583 1 0 0 0 0 0 0 0 0
302.665 0 1 0 0 0 0 0 0 0
302.738 1 0 1 0 0 0 0 0 0
302.851 0 1 0 0 0 0 0 0 0
306.675 1 0 0 0 0 0 0 0 0
307.025 0 1 0 0 0 0 0 0 0
317.033 1 0 0 0 0 0 0 0 0
317.929 0 1 0 0 0 0 0 0 0
318.136 1 0 0 0 0 0 0 0 0
318.754 0 1 0 0 0 0 0 0 0
319.177 1 0 0 0 0 0 0 0 0
319.579 0 1 0 0 0 0 0 0 0
320.145 1 0 0 0 0 0 0 0 0
321.207 0 1 0 0 0 0 0 0 0
321.723 1 0 0 0 0 0 0 0 0
322.753 0 1 0 0 0 0 0 0 0
323.001 1 0 0 0 0 0 0 0 0
324.011 0 1 0 0 0 0 0 0 0
326.112 1 0 0 0 0 0 0 0 0
326.35 0 1 0 0 0 0 0 0 0
326.597 1 0 1 0 0 0 0 0 0
326.7 0 1 0 0 0 0 0 0 0
326.762 1 0 0 0 0 0 0 0 0
326.875 0 1 0 0 0 0 0 0 0
327.618 1 0 0 0 0 0 0 0 0
328.339 0 1 0 0 0 0 0 0 0
328.793 1 0 0 0 0 0 0 0 0
329.72 0 1 0 0 0 0 0 0 0
329.988 1 0 0 0 0 0 0 0 0
330.709 0 1 0 0 0 0 0 0 0
331.009 1 0 0 0 0 0 0 0 0
331.524 0 1 0 0 0 0 0 0 0
331.905 1 0 0 0 0 0 0 0 0
332.607 0 1 0 0 0 0 0 0 0
333.049 1 0 0 0 0 0 0 0 0
333.338 0 1 0 0 0 0 0 0 0
333.678 0 0 0 1 0 0 0 0 0
335.616 0 0 0 0 1 0 0 0 0
336.203 0 0 0 1 0 0 0 0 0
338.831 0 0 0 0 1 0 0 0 0
339.48 1 0 0 0 0 0 0 0 0
339.935 0 1 0 0 0 0 0 0 0
340.192 1 0 0 0 0 0 0 0 0
340.738 0 1 0 0 0 0 0 0 0
341.211 1 0 0 0 0 0 0 0 0
342.737 0 1 0 0 0 0 0 0 0
343.397 1 0 0 0 0 0 0 0 0
343.49 0 1 0 0 0 0 0 0 0
343.553 1 0 1 0 0 0 0 0 0
343.675 0 1 0 0 0 0 0 0 0
345.468 1 0 0 0 0 0 0 0 0
346.334 0 1 0 0 0 0 0 0 0
346.705 1 0 0 0 0 0 0 0 0
347.179 0 1 0 0 0 0 0 0 0
347.467 1 0 0 0 0 0 0 0 0
348.106 0 1 0 0 0 0 0 0 0
348.385 1 0 0 0 0 0 0 0 0
348.921 0 1 0 0 0 0 0 0 0
349.354 1 0 0 0 0 0 0 0 0
350.291 0 1 0 0 0 0 0 0 0
350.539 1 0 0 0 0 0 0 0 0
352.353 0 1 0 0 0 0 0 0 0
352.785 1 0 0 0 0 0 0 0 0
353.383 0 1 0 0 0 0 0 0 0
353.683 1 0 0 0 0 0 0 0 0
355.074 0 1 0 0 0 0 0 0 0
355.434 1 0 0 0 0 0 0 0 0
356.382 0 1 0 0 0 0 0 0 0
356.722 1 0 0 0 0 0 0 0 0
357.784 0 1 0 0 0 0 0 0 0
358.083 1 0 0 0 0 0 0 0 0
358.702 0 1 0 0 0 0 0 0 0
358.969 1 0 0 0 0 0 0 0 0
359.103 0 1 0 0 0 0 0 0 0
359.155 1 0 1 0 0 0 0 0 0
359.278 0 1 0 0 0 0 0 0 0
