3.54945 0 0 0 0 0 1 0 0 0
5.21886 0 0 0 0 0 0 1 0 0
7.57907 0 0 0 0 0 1 0 0 0
9.34144 0 0 0 0 0 0 1 0 0
10.434 0 0 0 0 0 1 0 0 0
11.1338 0 0 0 0 0 0 1 0 0
12.4534 0 0 0 0 0 1 0 0 0
13.1541 0 0 0 0 0 0 1 0 0
15.7203 0 0 0 0 0 1 0 0 0
16.7509 0 0 0 0 0 0 1 0 0
39.2382 1 0 0 0 0 0 0 0 0
39.94 0 1 0 0 0 0 0 0 0
40.3928 1 0 0 0 0 0 0 0 0
40.9696 0 1 0 0 0 0 0 0 0
41.2796 1 0 0 0 0 0 0 0 0
41.6814 0 1 0 0 0 0 0 0 0
42.0414 1 0 0 0 0 0 0 0 0
42.7431 0 1 0 0 0 0 0 0 0
43.031 1 0 0 0 0 0 0 0 0
44.0206 0 1 0 0 0 0 0 0 0
44.3406 1 0 0 0 0 0 0 0 0
45.1853 0 1 0 0 0 0 0 0 0
45.4332 1 0 0 0 0 0 0 0 0
45.9271 0 1 0 0 0 0 0 0 0
46.2779 1 0 0 0 0 0 0 0 0
46.6798 0 1 0 0 0 0 0 0 0
47.3185 1 0 0 0 0 0 0 0 0
47.8444 0 1 0 0 0 0 0 0 0
48.0614 0 0 0 1 0 0 0 0 0
49.6688 0 0 0 0 1 0 0 0 0
50.6264 1 0 0 0 0 0 0 0 0
51.4922 0 1 0 0 0 0 0 0 0
51.7911 1 0 0 0 0 0 0 0 0
52.3269 0 1 0 0 0 0 0 0 0
52.7807 1 0 0 0 0 0 0 0 0
53.4616 0 1 0 0 0 0 0 0 0
53.9454 1 0 0 0 0 0 0 0 0
54.8831 0 1 0 0 0 0 0 0 0
55.223 0 0 0 1 0 0 0 0 0
57.0373 0 0 0 0 1 0 0 0 0
58.5318 1 0 0 0 0 0 0 0 0
59.4075 0 1 0 0 0 0 0 0 0
60.2013 1 0 0 0 0 0 0 0 0
61.036 0 1 0 0 0 0 0 0 0
61.6747 1 0 0 0 0 0 0 0 0
62.1076 0 1 0 0 0 0 0 0 0
62.5619 1 0 0 0 0 0 0 0 0
63.4681 0 1 0 0 0 0 0 0 0
63.8601 0 0 0 1 0 0 0 0 0
64.056 0 0 0 0 1 0 0 0 0
64.2519 1 0 0 0 0 0 0 0 0
64.3139 0 1 0 0 0 0 0 0 0
64.4058 1 0 1 0 0 0 0 0 0
64.5198 0 1 0 0 0 0 0 0 0
65.9724 1 0 0 0 0 0 0 0 0
66.8181 0 1 0 0 0 0 0 0 0
67.014 1 0 0 0 0 0 0 0 0
67.9716 0 1 0 0 0 0 0 0 0
68.3226 1 0 0 0 0 0 0 0 0
68.8684 0 1 0 0 0 0 0 0 0
69.2292 1 0 0 0 0 0 0 0 0
70.312 0 1 0 0 0 0 0 0 0
70.5378 0 0 0 1 0 0 0 0 0
71.9603 0 0 0 0 1 0 0 0 0
72.3422 1 0 0 0 0 0 0 0 0
73.1559 0 1 0 0 0 0 0 0 0
73.5788 1 0 0 0 0 0 0 0 0
74.2895 0 1 0 0 0 0 0 0 0
74.5575 1 0 0 0 0 0 0 0 0
75.5671 0 1 0 0 0 0 0 0 0
76.041 0 0 0 1 0 0 0 0 0
77.7724 0 0 0 0 1 0 0 0 0
78.2792 1 0 0 0 0 0 0 0 0
78.6181 0 1 0 0 0 0 0 0 0
78.979 0 0 0 1 0 0 0 0 0
79.8337 0 0 0 0 1 0 0 0 0
80.1226 1 0 0 0 0 0 0 0 0
80.9983 0 1 0 0 0 0 0 0 0
82.2659 1 0 0 0 0 0 0 0 0
82.3589 0 1 0 0 0 0 0 0 0
82.4409 1 0 1 0 0 0 0 0 0
82.5339 0 1 0 0 0 0 0 0 0
84.5541 1 0 0 0 0 0 0 0 0
85.3479 0 1 0 0 0 0 0 0 0
85.6468 1 0 0 0 0 0 0 0 0
86.4086 0 1 0 0 0 0 0 0 0
86.8004 1 0 0 0 0 0 0 0 0
87.2642 0 1 0 0 0 0 0 0 0
87.9041 1 0 0 0 0 0 0 0 0
88.9137 0 1 0 0 0 0 0 0 0
89.3265 1 0 0 0 0 0 0 0 0
89.7174 0 1 0 0 0 0 0 0 0
89.8304 1 0 0 0 0 0 0 0 0
90.8201 0 1 0 0 0 0 0 0 0
91.6957 1 0 0 0 0 0 0 0 0
92.0666 0 1 0 0 0 0 0 0 0
92.4377 1 0 0 0 0 0 0 0 0
92.7474 0 1 0 0 0 0 0 0 0
93.1803 1 0 0 0 0 0 0 0 0
93.2622 0 1 0 0 0 0 0 0 0
93.3352 1 0 1 0 0 0 0 0 0
93.4483 0 1 0 0 0 0 0 0 0
94.4168 1 0 0 0 0 0 0 0 0
95.2615 0 1 0 0 0 0 0 0 0
95.6125 1 0 0 0 0 0 0 0 0
96.1792 0 1 0 0 0 0 0 0 0
96.6531 1 0 0 0 0 0 0 0 0
97.035 0 1 0 0 0 0 0 0 0
97.323 0 0 0 1 0 0 0 0 0
99.2402 0 0 0 0 1 0 0 0 0
99.5491 1 0 0 0 0 0 0 0 0
100.456 0 1 0 0 0 0 0 0 0
100.662 1 0 0 0 0 0 0 0 0
101.332 0 1 0 0 0 0 0 0 0
101.558 1 0 0 0 0 0 0 0 0
102.094 0 1 0 0 0 0 0 0 0
102.269 1 0 0 0 0 0 0 0 0
102.96 0 1 0 0 0 0 0 0 0
103.218 1 0 0 0 0 0 0 0 0
103.878 0 1 0 0 0 0 0 0 0
104.094 1 0 0 0 0 0 0 0 0
104.712 0 1 0 0 0 0 0 0 0
105 1 0 0 0 0 0 0 0 0
105.547 0 1 0 0 0 0 0 0 0
105.742 1 0 0 0 0 0 0 0 0
106.32 0 1 0 0 0 0 0 0 0
106.588 1 0 0 0 0 0 0 0 0
107.33 0 1 0 0 0 0 0 0 0
107.638 1 0 0 0 0 0 0 0 0
108.484 0 1 0 0 0 0 0 0 0
108.752 1 0 0 0 0 0 0 0 0
109.442 0 1 0 0 0 0 0 0 0
110.195 0 0 0 1 0 0 0 0 0
113.873 0 0 0 0 1 0 0 0 0
114.287 1 0 0 0 0 0 0 0 0
115.224 0 1 0 0 0 0 0 0 0
115.513 1 0 0 0 0 0 0 0 0
116.327 0 1 0 0 0 0 0 0 0
116.583 1 0 0 0 0 0 0 0 0
117.315 0 1 0 0 0 0 0 0 0
117.625 1 0 0 0 0 0 0 0 0
118.099 0 1 0 0 0 0 0 0 0
118.357 0 0 0 1 0 0 0 0 0
120.417 0 0 0 0 1 0 0 0 0
120.747 1 0 0 0 0 0 0 0 0
121.036 0 1 0 0 0 0 0 0 0
121.417 1 0 0 0 0 0 0 0 0
121.953 0 1 0 0 0 0 0 0 0
127.436 1 0 0 0 0 0 0 0 0
127.89 0 1 0 0 0 0 0 0 0
128.024 1 0 0 0 0 0 0 0 0
128.086 0 1 0 0 0 0 0 0 0
128.137 1 0 1 0 0 0 0 0 0
128.251 0 1 0 0 0 0 0 0 0
129.323 1 0 0 0 0 0 0 0 0
130.249 0 1 0 0 0 0 0 0 0
130.796 1 0 0 0 0 0 0 0 0
131.702 0 1 0 0 0 0 0 0 0
132.105 1 0 0 0 0 0 0 0 0
132.681 0 1 0 0 0 0 0 0 0
132.991 1 0 0 0 0 0 0 0 0
133.485 0 1 0 0 0 0 0 0 0
133.939 1 0 0 0 0 0 0 0 0
134.598 0 1 0 0 0 0 0 0 0
134.948 1 0 0 0 0 0 0 0 0
135.536 0 1 0 0 0 0 0 0 0
136.01 1 0 0 0 0 0 0 0 0
136.659 0 1 0 0 0 0 0 0 0
137 1 0 0 0 0 0 0 0 0
137.669 0 1 0 0 0 0 0 0 0
138.019 1 0 0 0 0 0 0 0 0
138.484 0 1 0 0 0 0 0 0 0
138.803 1 0 0 0 0 0 0 0 0
139.205 0 1 0 0 0 0 0 0 0
140.123 0 0 0 1 0 0 0 0 0
141.75 0 0 0 0 1 0 0 0 0
142.327 1 0 0 0 0 0 0 0 0
143.173 0 1 0 0 0 0 0 0 0
143.491 1 0 0 0 0 0 0 0 0
144.028 0 1 0 0 0 0 0 0 0
144.244 1 0 0 0 0 0 0 0 0
145.11 0 1 0 0 0 0 0 0 0
145.316 1 0 0 0 0 0 0 0 0
147.428 0 1 0 0 0 0 0 0 0
147.552 1 0 0 0 0 0 0 0 0
148.49 0 1 0 0 0 0 0 0 0
148.696 1 0 0 0 0 0 0 0 0
149.685 0 1 0 0 0 0 0 0 0
149.891 1 0 0 0 0 0 0 0 0
150.891 0 1 0 0 0 0 0 0 0
151.149 1 0 0 0 0 0 0 0 0
152.056 0 1 0 0 0 0 0 0 0
152.252 1 0 0 0 0 0 0 0 0
152.901 0 1 0 0 0 0 0 0 0
153.148 0 0 0 1 0 0 0 0 0
155.518 0 0 0 0 1 0 0 0 0
155.817 1 0 0 0 0 0 0 0 0
156.993 0 1 0 0 0 0 0 0 0
157.302 1 0 0 0 0 0 0 0 0
157.838 0 1 0 0 0 0 0 0 0
158.045 0 0 0 1 0 0 0 0 0
159.373 0 0 0 0 1 0 0 0 0
159.837 1 0 0 0 0 0 0 0 0
160.682 0 1 0 0 0 0 0 0 0
161.187 1 0 0 0 0 0 0 0 0
161.856 0 1 0 0 0 0 0 0 0
162.198 0 0 0 1 0 0 0 0 0
164.742 0 0 0 0 1 0 0 0 0
165.03 1 0 0 0 0 0 0 0 0
165.701 0 1 0 0 0 0 0 0 0
166.02 1 0 0 0 0 0 0 0 0
166.536 0 1 0 0 0 0 0 0 0
166.917 1 0 0 0 0 0 0 0 0
167.803 0 1 0 0 0 0 0 0 0
168.112 1 0 0 0 0 0 0 0 0
168.824 0 1 0 0 0 0 0 0 0
169.174 1 0 0 0 0 0 0 0 0
169.772 0 1 0 0 0 0 0 0 0
170.513 1 0 0 0 0 0 0 0 0
171.317 0 1 0 0 0 0 0 0 0
171.523 1 0 0 0 0 0 0 0 0
172.317 0 1 0 0 0 0 0 0 0
172.657 1 0 0 0 0 0 0 0 0
173.44 0 1 0 0 0 0 0 0 0
173.698 1 0 0 0 0 0 0 0 0
174.574 0 1 0 0 0 0 0 0 0
174.966 1 0 0 0 0 0 0 0 0
175.832 0 1 0 0 0 0 0 0 0
176.141 1 0 0 0 0 0 0 0 0
177.14 0 1 0 0 0 0 0 0 0
177.408 1 0 0 0 0 0 0 0 0
178.315 0 1 0 0 0 0 0 0 0
178.595 1 0 0 0 0 0 0 0 0
179.356 0 1 0 0 0 0 0 0 0
179.747 1 0 0 0 0 0 0 0 0
180.562 0 1 0 0 0 0 0 0 0
180.964 1 0 0 0 0 0 0 0 0
181.458 0 1 0 0 0 0 0 0 0
182.571 0 0 0 0 0 1 0 0 0
185.312 0 0 0 0 0 0 1 0 0
213.984 1 0 0 0 0 0 0 0 0
214.52 0 1 0 0 0 0 0 0 0
214.912 1 0 0 0 0 0 0 0 0
215.716 0 1 0 0 0 0 0 0 0
215.984 1 0 0 0 0 0 0 0 0
218.519 0 1 0 0 0 0 0 0 0
218.776 1 0 0 0 0 0 0 0 0
219.386 0 1 0 0 0 0 0 0 0
219.931 0 0 0 1 0 0 0 0 0
220.92 0 0 0 0 1 0 0 0 0
221.322 1 0 0 0 0 0 0 0 0
222.105 0 1 0 0 0 0 0 0 0
222.302 1 0 0 0 0 0 0 0 0
222.899 0 1 0 0 0 0 0 0 0
223.147 1 0 0 0 0 0 0 0 0
224.476 0 1 0 0 0 0 0 0 0
224.641 1 0 0 0 0 0 0 0 0
225.445 0 1 0 0 0 0 0 0 0
225.682 0 0 0 1 0 0 0 0 0
227.279 0 0 0 0 1 0 0 0 0
227.815 1 0 0 0 0 0 0 0 0
228.681 0 1 0 0 0 0 0 0 0
228.815 0 0 0 1 0 0 0 0 0
232.34 0 0 0 0 1 0 0 0 0
232.835 1 0 0 0 0 0 0 0 0
233.669 0 1 0 0 0 0 0 0 0
235.102 1 0 0 0 0 0 0 0 0
235.185 0 1 0 0 0 0 0 0 0
235.256 1 0 1 0 0 0 0 0 0
235.38 0 1 0 0 0 0 0 0 0
237.462 1 0 0 0 0 0 0 0 0
238.421 0 1 0 0 0 0 0 0 0
238.76 1 0 0 0 0 0 0 0 0
239.698 0 1 0 0 0 0 0 0 0
239.945 1 0 0 0 0 0 0 0 0
240.616 0 1 0 0 0 0 0 0 0
240.916 1 0 0 0 0 0 0 0 0
241.955 0 1 0 0 0 0 0 0 0
242.099 0 0 0 1 0 0 0 0 0
244.902 0 0 0 0 1 0 0 0 0
245.253 1 0 0 0 0 0 0 0 0
246.335 0 1 0 0 0 0 0 0 0
246.665 1 0 0 0 0 0 0 0 0
247.315 0 1 0 0 0 0 0 0 0
247.562 1 0 0 0 0 0 0 0 0
248.324 0 1 0 0 0 0 0 0 0
249.087 1 0 0 0 0 0 0 0 0
250.242 0 1 0 0 0 0 0 0 0
250.53 1 0 0 0 0 0 0 0 0
251.282 0 1 0 0 0 0 0 0 0
251.479 1 0 0 0 0 0 0 0 0
252.581 0 1 0 0 0 0 0 0 0
252.849 1 0 0 0 0 0 0 0 0
254.22 0 1 0 0 0 0 0 0 0
254.456 1 0 0 0 0 0 0 0 0
255.023 0 1 0 0 0 0 0 0 0
255.157 0 0 0 1 0 0 0 0 0
257.734 0 0 0 0 1 0 0 0 0
258.034 1 0 0 0 0 0 0 0 0
259.043 0 1 0 0 0 0 0 0 0
259.435 1 0 0 0 0 0 0 0 0
260.3 0 1 0 0 0 0 0 0 0
260.588 1 0 0 0 0 0 0 0 0
261.702 0 1 0 0 0 0 0 0 0
262.021 1 0 0 0 0 0 0 0 0
262.752 0 1 0 0 0 0 0 0 0
263.051 1 0 0 0 0 0 0 0 0
263.825 0 1 0 0 0 0 0 0 0
264.216 1 0 0 0 0 0 0 0 0
264.897 0 1 0 0 0 0 0 0 0
265.165 1 0 0 0 0 0 0 0 0
265.464 0 1 0 0 0 0 0 0 0
265.628 0 0 0 1 0 0 0 0 0
267.134 0 0 0 0 1 0 0 0 0
267.339 1 0 0 0 0 0 0 0 0
268.319 0 1 0 0 0 0 0 0 0
268.608 1 0 0 0 0 0 0 0 0
269.318 0 1 0 0 0 0 0 0 0
269.575 0 0 0 1 0 0 0 0 0
270.813 0 0 0 0 1 0 0 0 0
271.111 1 0 0 0 0 0 0 0 0
272.461 0 1 0 0 0 0 0 0 0
272.873 1 0 0 0 0 0 0 0 0
273.729 0 1 0 0 0 0 0 0 0
274.069 1 0 0 0 0 0 0 0 0
275.357 0 1 0 0 0 0 0 0 0
275.677 0 0 0 1 0 0 0 0 0
278.263 0 0 0 0 1 0 0 0 0
278.531 1 0 0 0 0 0 0 0 0
279.624 0 1 0 0 0 0 0 0 0
279.986 1 0 0 0 0 0 0 0 0
280.542 0 1 0 0 0 0 0 0 0
280.994 1 0 0 0 0 0 0 0 0
281.541 0 1 0 0 0 0 0 0 0
282.53 1 0 0 0 0 0 0 0 0
283.087 0 1 0 0 0 0 0 0 0
283.221 1 0 0 0 0 0 0 0 0
284.354 0 1 0 0 0 0 0 0 0
284.653 1 0 0 0 0 0 0 0 0
285.674 0 1 0 0 0 0 0 0 0
285.911 1 0 0 0 0 0 0 0 0
286.755 0 1 0 0 0 0 0 0 0
286.868 1 0 0 0 0 0 0 0 0
287.116 0 1 0 0 0 0 0 0 0
287.374 1 0 0 0 0 0 0 0 0
287.477 0 1 0 0 0 0 0 0 0
287.549 1 0 1 0 0 0 0 0 0
287.632 0 1 0 0 0 0 0 0 0
288.487 1 0 0 0 0 0 0 0 0
289.168 0 1 0 0 0 0 0 0 0
289.558 1 0 0 0 0 0 0 0 0
290.558 0 1 0 0 0 0 0 0 0
291.393 1 0 0 0 0 0 0 0 0
292.816 0 1 0 0 0 0 0 0 0
293.187 1 0 0 0 0 0 0 0 0
294.124 0 1 0 0 0 0 0 0 0
294.496 1 0 0 0 0 0 0 0 0
295.836 0 1 0 0 0 0 0 0 0
296.042 1 0 0 0 0 0 0 0 0
297.103 0 1 0 0 0 0 0 0 0
297.299 1 0 0 0 0 0 0 0 0
298.082 0 1 0 0 0 0 0 0 0
298.402 1 0 0 0 0 0 0 0 0
299.782 0 1 0 0 0 0 0 0 0
300.184 1 0 0 0 0 0 0 0 0
300.906 0 1 0 0 0 0 0 0 0
313.17 1 0 0 0 0 0 0 0 0
313.263 0 1 0 0 0 0 0 0 0
313.335 1 0 1 0 0 0 0 0 0
313.448 0 1 0 0 0 0 0 0 0
315.737 1 0 0 0 0 0 0 0 0
316.304 0 1 0 0 0 0 0 0 0
316.612 1 0 0 0 0 0 0 0 0
317.571 0 1 0 0 0 0 0 0 0
317.859 1 0 0 0 0 0 0 0 0
318.313 0 1 0 0 0 0 0 0 0
321.611 1 0 0 0 0 0 0 0 0
322.106 0 1 0 0 0 0 0 0 0
322.384 1 0 0 0 0 0 0 0 0
322.785 0 1 0 0 0 0 0 0 0
325.702 1 0 0 0 0 0 0 0 0
326.877 0 1 0 0 0 0 0 0 0
327.083 1 0 0 0 0 0 0 0 0
328.011 0 1 0 0 0 0 0 0 0
328.198 1 0 0 0 0 0 0 0 0
328.845 0 1 0 0 0 0 0 0 0
329.103 1 0 0 0 0 0 0 0 0
329.671 0 1 0 0 0 0 0 0 0
330.103 1 0 0 0 0 0 0 0 0
330.155 0 1 0 0 0 0 0 0 0
330.227 1 0 1 0 0 0 0 0 0
330.33 0 1 0 0 0 0 0 0 0
331.659 1 0 0 0 0 0 0 0 0
332.463 0 1 0 0 0 0 0 0 0
332.813 1 0 0 0 0 0 0 0 0
333.855 0 1 0 0 0 0 0 0 0
334.288 1 0 0 0 0 0 0 0 0
335.513 0 1 0 0 0 0 0 0 0
335.781 1 0 0 0 0 0 0 0 0
336.926 0 1 0 0 0 0 0 0 0
337.235 1 0 0 0 0 0 0 0 0
338.399 0 1 0 0 0 0 0 0 0
338.729 1 0 0 0 0 0 0 0 0
339.677 0 1 0 0 0 0 0 0 0
339.945 1 0 0 0 0 0 0 0 0
341.316 0 1 0 0 0 0 0 0 0
341.604 1 0 0 0 0 0 0 0 0
342.285 0 1 0 0 0 0 0 0 0
342.563 0 0 0 1 0 0 0 0 0
344.809 0 0 0 0 1 0 0 0 0
345.253 1 0 0 0 0 0 0 0 0
346.057 0 1 0 0 0 0 0 0 0
346.376 1 0 0 0 0 0 0 0 0
346.87 0 1 0 0 0 0 0 0 0
347.2 1 0 0 0 0 0 0 0 0
347.624 0 1 0 0 0 0 0 0 0
347.849 0 0 0 1 0 0 0 0 0
349.149 0 0 0 0 1 0 0 0 0
349.467 1 0 0 0 0 0 0 0 0
350.508 0 1 0 0 0 0 0 0 0
350.817 1 0 0 0 0 0 0 0 0
351.529 0 1 0 0 0 0 0 0 0
352.199 1 0 0 0 0 0 0 0 0
356.022 0 1 0 0 0 0 0 0 0
356.28 1 0 0 0 0 0 0 0 0
357.331 0 1 0 0 0 0 0 0 0
357.496 1 0 0 0 0 0 0 0 0
359.155 0 1 0 0 0 0 0 0 0
359.526 1 0 0 0 0 0 0 0 0
359.722 0 1 0 0 0 0 0 0 0
359.887 0 0 0 1 0 0 0 0 0
359.98 0 0 0 0 1 0 0 0 0
360.177 1 0 0 0 0 0 0 0 0
360.289 0 1 0 0 0 0 0 0 0
360.351 1 0 1 0 0 0 0 0 0
360.475 0 1 0 0 0 0 0 0 0
