3.69675 0 0 0 0 0 1 0 0 0
5.3653 0 0 0 0 0 0 1 0 0
23.9796 1 0 0 0 0 0 0 0 0
25.4932 0 1 0 0 0 0 0 0 0
26.143 1 0 0 0 0 0 0 0 0
27.1218 0 1 0 0 0 0 0 0 0
28.3685 1 0 0 0 0 0 0 0 0
29.4712 0 1 0 0 0 0 0 0 0
30.317 0 0 0 1 0 0 0 0 0
31.3377 0 0 0 0 1 0 0 0 0
32.9043 0 0 0 1 0 0 0 0 0
35.8925 0 0 0 0 1 0 0 0 0
36.7584 0 0 0 1 0 0 0 0 0
37.2332 0 0 0 0 1 0 0 0 0
38.5319 1 0 0 0 0 0 0 0 0
39.3357 0 1 0 0 0 0 0 0 0
40.1804 1 0 0 0 0 0 0 0 0
40.9123 0 1 0 0 0 0 0 0 0
41.5821 0 0 0 1 0 0 0 0 0
46.241 0 0 0 0 1 0 0 0 0
48.5393 1 0 0 0 0 0 0 0 0
49.519 0 1 0 0 0 0 0 0 0
50.1879 0 0 0 1 0 0 0 0 0
51.2696 0 0 0 0 1 0 0 0 0
52.3313 0 0 0 1 0 0 0 0 0
52.6713 0 0 0 0 1 0 0 0 0
54.9507 1 0 0 0 0 0 0 0 0
55.6505 0 1 0 0 0 0 0 0 0
56.1343 1 0 0 0 0 0 0 0 0
57.1031 0 1 0 0 0 0 0 0 0
57.8349 0 0 0 1 0 0 0 0 0
58.7827 0 0 0 0 1 0 0 0 0
59.7314 1 0 0 0 0 0 0 0 0
60.4533 0 1 0 0 0 0 0 0 0
61.2561 1 0 0 0 0 0 0 0 0
61.422 0 1 0 0 0 0 0 0 0
61.494 1 0 1 0 0 0 0 0 0
61.628 0 1 0 0 0 0 0 0 0
63.8944 1 0 0 0 0 0 0 0 0
65.42 0 1 0 0 0 0 0 0 0
65.8009 1 0 0 0 0 0 0 0 0
66.6159 0 1 0 0 0 0 0 0 0
67.1306 1 0 0 0 0 0 0 0 0
67.9144 0 1 0 0 0 0 0 0 0
69.0681 0 0 0 1 0 0 0 0 0
73.274 0 0 0 0 1 0 0 0 0
82.4657 0 0 0 0 0 1 0 0 0
84.0833 0 0 0 0 0 0 1 0 0
86.8346 0 0 0 0 0 1 0 0 0
88.785 0 0 0 0 0 0 1 0 0
91.4826 0 0 0 0 0 1 0 0 0
92.822 0 0 0 0 0 0 1 0 0
98.2016 0 0 0 0 0 1 0 0 0
99.7173 0 0 0 0 0 0 1 0 0
123.615 1 0 0 0 0 0 0 0 0
124.78 0 1 0 0 0 0 0 0 0
126.088 1 0 0 0 0 0 0 0 0
126.975 0 1 0 0 0 0 0 0 0
127.407 1 0 0 0 0 0 0 0 0
128.407 0 1 0 0 0 0 0 0 0
128.706 1 0 0 0 0 0 0 0 0
132.066 0 1 0 0 0 0 0 0 0
137.651 1 0 0 0 0 0 0 0 0
138.878 0 1 0 0 0 0 0 0 0
139.455 1 0 0 0 0 0 0 0 0
140.589 0 1 0 0 0 0 0 0 0
140.671 1 0 0 0 0 0 0 0 0
140.857 0 1 0 0 0 0 0 0 0
141.568 1 0 0 0 0 0 0 0 0
142.309 0 1 0 0 0 0 0 0 0
142.814 1 0 0 0 0 0 0 0 0
144.288 0 1 0 0 0 0 0 0 0
145.279 1 0 0 0 0 0 0 0 0
146.122 0 1 0 0 0 0 0 0 0
146.741 1 0 0 0 0 0 0 0 0
148.309 0 1 0 0 0 0 0 0 0
148.906 1 0 0 0 0 0 0 0 0
149.513 0 1 0 0 0 0 0 0 0
150.503 1 0 0 0 0 0 0 0 0
151.358 0 1 0 0 0 0 0 0 0
151.997 1 0 0 0 0 0 0 0 0
153.183 0 1 0 0 0 0 0 0 0
153.8 1 0 0 0 0 0 0 0 0
154.852 0 1 0 0 0 0 0 0 0
155.285 1 0 0 0 0 0 0 0 0
157.047 0 1 0 0 0 0 0 0 0
157.407 0 0 0 1 0 0 0 0 0
159.335 0 0 0 0 1 0 0 0 0
160.108 1 0 0 0 0 0 0 0 0
160.83 0 1 0 0 0 0 0 0 0
161.261 1 0 0 0 0 0 0 0 0
162.426 0 1 0 0 0 0 0 0 0
162.787 0 0 0 1 0 0 0 0 0
164.344 0 0 0 0 1 0 0 0 0
167.105 1 0 0 0 0 0 0 0 0
168.043 0 1 0 0 0 0 0 0 0
168.415 1 0 0 0 0 0 0 0 0
169.609 0 1 0 0 0 0 0 0 0
170.176 1 0 0 0 0 0 0 0 0
170.289 0 1 0 0 0 0 0 0 0
170.372 1 0 1 0 0 0 0 0 0
170.486 0 1 0 0 0 0 0 0 0
172.475 1 0 0 0 0 0 0 0 0
173.906 0 1 0 0 0 0 0 0 0
174.432 1 0 0 0 0 0 0 0 0
181.132 0 1 0 0 0 0 0 0 0
182.481 0 0 0 0 0 1 0 0 0
183.945 0 0 0 0 0 0 1 0 0
208.874 1 0 0 0 0 0 0 0 0
213.233 0 1 0 0 0 0 0 0 0
213.883 1 0 0 0 0 0 0 0 0
218.531 0 1 0 0 0 0 0 0 0
219.448 1 0 0 0 0 0 0 0 0
220.808 0 1 0 0 0 0 0 0 0
222.19 1 0 0 0 0 0 0 0 0
223.365 0 1 0 0 0 0 0 0 0
223.9 1 0 0 0 0 0 0 0 0
225.602 0 1 0 0 0 0 0 0 0
226.199 1 0 0 0 0 0 0 0 0
227.302 0 1 0 0 0 0 0 0 0
227.704 1 0 0 0 0 0 0 0 0
228.837 0 1 0 0 0 0 0 0 0
229.465 1 0 0 0 0 0 0 0 0
230.445 0 1 0 0 0 0 0 0 0
230.919 1 0 0 0 0 0 0 0 0
236.803 0 1 0 0 0 0 0 0 0
237.113 1 0 0 0 0 0 0 0 0
238.741 0 1 0 0 0 0 0 0 0
239.987 0 0 0 1 0 0 0 0 0
242.358 0 0 0 0 1 0 0 0 0
242.926 1 0 0 0 0 0 0 0 0
243.677 0 1 0 0 0 0 0 0 0
244.203 0 0 0 1 0 0 0 0 0
245.47 0 0 0 0 1 0 0 0 0
246.439 0 0 0 1 0 0 0 0 0
246.975 0 0 0 0 1 0 0 0 0
247.799 1 0 0 0 0 0 0 0 0
248.788 0 1 0 0 0 0 0 0 0
249.469 1 0 0 0 0 0 0 0 0
252.447 0 1 0 0 0 0 0 0 0
252.963 1 0 0 0 0 0 0 0 0
253.87 0 1 0 0 0 0 0 0 0
254.819 1 0 0 0 0 0 0 0 0
254.889 0 1 0 0 0 0 0 0 0
255.044 1 0 1 0 0 0 0 0 0
255.065 0 1 0 0 0 0 0 0 0
264.66 1 0 0 0 0 0 0 0 0
265.721 0 1 0 0 0 0 0 0 0
266.144 1 0 0 0 0 0 0 0 0
267.133 0 1 0 0 0 0 0 0 0
267.555 1 0 0 0 0 0 0 0 0
269.328 0 1 0 0 0 0 0 0 0
270.389 1 0 0 0 0 0 0 0 0
270.987 0 1 0 0 0 0 0 0 0
271.234 0 0 0 1 0 0 0 0 0
277.212 0 0 0 0 1 0 0 0 0
277.738 1 0 0 0 0 0 0 0 0
279.407 0 1 0 0 0 0 0 0 0
279.994 1 0 0 0 0 0 0 0 0
280.716 0 1 0 0 0 0 0 0 0
282.755 0 0 0 0 0 1 0 0 0
284.694 0 0 0 0 0 0 1 0 0
304.171 0 0 0 1 0 0 0 0 0
307.583 0 0 0 0 1 0 0 0 0
308.572 1 0 0 0 0 0 0 0 0
311.055 0 1 0 0 0 0 0 0 0
311.447 1 0 0 0 0 0 0 0 0
312.674 0 1 0 0 0 0 0 0 0
312.931 0 0 0 1 0 0 0 0 0
313.714 0 0 0 0 1 0 0 0 0
315.59 1 0 0 0 0 0 0 0 0
320.063 0 1 0 0 0 0 0 0 0
320.568 1 0 0 0 0 0 0 0 0
320.712 0 1 0 0 0 0 0 0 0
320.785 1 0 1 0 0 0 0 0 0
320.918 0 1 0 0 0 0 0 0 0
323.34 1 0 0 0 0 0 0 0 0
325.576 0 1 0 0 0 0 0 0 0
334.842 1 0 0 0 0 0 0 0 0
336.985 0 1 0 0 0 0 0 0 0
337.603 1 0 0 0 0 0 0 0 0
338.5 0 1 0 0 0 0 0 0 0
339.376 1 0 0 0 0 0 0 0 0
340.706 0 1 0 0 0 0 0 0 0
341.385 1 0 0 0 0 0 0 0 0
342.262 0 1 0 0 0 0 0 0 0
343.282 1 0 0 0 0 0 0 0 0
344.302 0 1 0 0 0 0 0 0 0
345.631 1 0 0 0 0 0 0 0 0
347.085 0 1 0 0 0 0 0 0 0
347.271 0 0 0 1 0 0 0 0 0
349.362 0 0 0 0 1 0 0 0 0
350.094 1 0 0 0 0 0 0 0 0
351.166 0 1 0 0 0 0 0 0 0
351.723 0 0 0 1 0 0 0 0 0
353.845 0 0 0 0 1 0 0 0 0
355.031 1 0 0 0 0 0 0 0 0
357.721 0 1 0 0 0 0 0 0 0
359.801 1 0 0 0 0 0 0 0 0
360.42 0 1 0 0 0 0 0 0 0
360.801 0 0 0 1 0 0 0 0 0
361.709 0 0 0 0 1 0 0 0 0
