21.7773 1 0 0 0 0 0 0 0 0
24.4056 0 1 0 0 0 0 0 0 0
24.6635 1 0 0 0 0 0 0 0 0
26.653 0 1 0 0 0 0 0 0 0
27.3429 1 0 0 0 0 0 0 0 0
28.5486 0 1 0 0 0 0 0 0 0
29.2605 1 0 0 0 0 0 0 0 0
31.9187 0 1 0 0 0 0 0 0 0
32.8465 1 0 0 0 0 0 0 0 0
37.4123 0 1 0 0 0 0 0 0 0
38.474 1 0 0 0 0 0 0 0 0
39.9267 0 1 0 0 0 0 0 0 0
40.5345 1 0 0 0 0 0 0 0 0
42.442 0 1 0 0 0 0 0 0 0
43.8437 1 0 0 0 0 0 0 0 0
48.8314 0 1 0 0 0 0 0 0 0
49.6462 1 0 0 0 0 0 0 0 0
50.9959 0 1 0 0 0 0 0 0 0
54.284 1 0 0 0 0 0 0 0 0
55.3457 0 1 0 0 0 0 0 0 0
55.6956 0 0 0 1 0 0 0 0 0
58.282 0 0 0 0 1 0 0 0 0
59.3538 1 0 0 0 0 0 0 0 0
60.2306 0 1 0 0 0 0 0 0 0
60.8803 0 0 0 1 0 0 0 0 0
63.2297 0 0 0 0 1 0 0 0 0
64.1265 1 0 0 0 0 0 0 0 0
64.9093 0 1 0 0 0 0 0 0 0
66.5989 0 0 0 1 0 0 0 0 0
68.0625 0 0 0 0 1 0 0 0 0
68.9603 1 0 0 0 0 0 0 0 0
70.9697 0 1 0 0 0 0 0 0 0
71.8145 1 0 0 0 0 0 0 0 0
74.3609 0 1 0 0 0 0 0 0 0
74.5768 0 0 0 1 0 0 0 0 0
76.0295 0 0 0 0 1 0 0 0 0
78.6678 0 0 0 1 0 0 0 0 0
81.2241 0 0 0 0 1 0 0 0 0
83.6156 1 0 0 0 0 0 0 0 0
84.4913 0 1 0 0 0 0 0 0 0
84.9552 0 0 0 1 0 0 0 0 0
86.2839 0 0 0 0 1 0 0 0 0
87.0787 0 0 0 1 0 0 0 0 0
89.9639 0 0 0 0 1 0 0 0 0
93.499 1 0 0 0 0 0 0 0 0
94.1178 0 1 0 0 0 0 0 0 0
94.4159 0 0 0 1 0 0 0 0 0
95.3545 0 0 0 0 1 0 0 0 0
95.4266 0 0 0 1 0 0 0 0 0
96.2723 0 0 0 0 1 0 0 0 0
97.168 1 0 0 0 0 0 0 0 0
97.9409 0 1 0 0 0 0 0 0 0
98.8067 1 0 0 0 0 0 0 0 0
99.6324 0 1 0 0 0 0 0 0 0
99.8374 0 0 0 1 0 0 0 0 0
101.476 0 0 0 0 1 0 0 0 0
104.763 1 0 0 0 0 0 0 0 0
106.217 0 1 0 0 0 0 0 0 0
107.175 1 0 0 0 0 0 0 0 0
110.082 0 1 0 0 0 0 0 0 0
111.021 1 0 0 0 0 0 0 0 0
112.678 0 1 0 0 0 0 0 0 0
113.524 1 0 0 0 0 0 0 0 0
115.44 0 1 0 0 0 0 0 0 0
116.368 1 0 0 0 0 0 0 0 0
117.553 0 1 0 0 0 0 0 0 0
125.335 1 0 0 0 0 0 0 0 0
131.023 0 1 0 0 0 0 0 0 0
131.971 1 0 0 0 0 0 0 0 0
132.095 0 1 0 0 0 0 0 0 0
132.188 1 0 1 0 0 0 0 0 0
132.301 0 1 0 0 0 0 0 0 0
135.259 1 0 0 0 0 0 0 0 0
136.496 0 1 0 0 0 0 0 0 0
136.919 1 0 0 0 0 0 0 0 0
137.712 0 1 0 0 0 0 0 0 0
138.794 1 0 0 0 0 0 0 0 0
140.577 0 1 0 0 0 0 0 0 0
141.155 1 0 0 0 0 0 0 0 0
142.133 0 1 0 0 0 0 0 0 0
142.474 0 0 0 1 0 0 0 0 0
144.504 0 0 0 0 1 0 0 0 0
147.121 1 0 0 0 0 0 0 0 0
155.068 0 1 0 0 0 0 0 0 0
155.356 1 0 0 0 0 0 0 0 0
155.49 0 1 0 0 0 0 0 0 0
155.563 1 0 1 0 0 0 0 0 0
155.686 0 1 0 0 0 0 0 0 0
158.295 1 0 0 0 0 0 0 0 0
169.58 0 1 0 0 0 0 0 0 0
170.919 1 0 0 0 0 0 0 0 0
173.537 0 1 0 0 0 0 0 0 0
174.084 0 0 0 1 0 0 0 0 0
178.772 0 0 0 0 1 0 0 0 0
183.307 1 0 0 0 0 0 0 0 0
184.524 0 1 0 0 0 0 0 0 0
185.822 0 0 0 0 0 1 0 0 0
187.832 0 0 0 0 0 0 1 0 0
194.376 0 0 0 0 0 1 0 0 0
195.933 0 0 0 0 0 0 1 0 0
232.757 1 0 0 0 0 0 0 0 0
240.879 0 1 0 0 0 0 0 0 0
241.764 1 0 0 0 0 0 0 0 0
241.816 0 1 0 0 0 0 0 0 0
241.94 1 0 1 0 0 0 0 0 0
242.063 0 1 0 0 0 0 0 0 0
244.743 1 0 0 0 0 0 0 0 0
245.815 0 1 0 0 0 0 0 0 0
246.145 0 0 0 1 0 0 0 0 0
249.174 0 0 0 0 1 0 0 0 0
250.02 1 0 0 0 0 0 0 0 0
251.37 0 1 0 0 0 0 0 0 0
251.741 0 0 0 1 0 0 0 0 0
254.451 0 0 0 0 1 0 0 0 0
258.709 1 0 0 0 0 0 0 0 0
262.387 0 1 0 0 0 0 0 0 0
262.727 0 0 0 1 0 0 0 0 0
266.53 0 0 0 0 1 0 0 0 0
268.159 0 0 0 1 0 0 0 0 0
268.343 0 0 0 0 1 0 0 0 0
269.652 1 0 0 0 0 0 0 0 0
270.353 0 1 0 0 0 0 0 0 0
271.662 1 0 0 0 0 0 0 0 0
271.766 0 1 0 0 0 0 0 0 0
271.858 1 0 1 0 0 0 0 0 0
271.982 0 1 0 0 0 0 0 0 0
275.146 1 0 0 0 0 0 0 0 0
276.938 0 1 0 0 0 0 0 0 0
277.567 1 0 0 0 0 0 0 0 0
278.289 0 1 0 0 0 0 0 0 0
280.524 1 0 0 0 0 0 0 0 0
281.834 0 1 0 0 0 0 0 0 0
282.494 1 0 0 0 0 0 0 0 0
282.555 0 1 0 0 0 0 0 0 0
282.669 1 0 1 0 0 0 0 0 0
282.793 0 1 0 0 0 0 0 0 0
285.235 1 0 0 0 0 0 0 0 0
286.265 0 1 0 0 0 0 0 0 0
286.627 1 0 0 0 0 0 0 0 0
290.058 0 1 0 0 0 0 0 0 0
290.718 1 0 0 0 0 0 0 0 0
292.315 0 1 0 0 0 0 0 0 0
293.027 1 0 0 0 0 0 0 0 0
294.263 0 1 0 0 0 0 0 0 0
294.48 0 0 0 1 0 0 0 0 0
295.953 0 0 0 0 1 0 0 0 0
296.902 1 0 0 0 0 0 0 0 0
296.994 0 1 0 0 0 0 0 0 0
297.077 1 0 1 0 0 0 0 0 0
297.19 0 1 0 0 0 0 0 0 0
308.95 1 0 0 0 0 0 0 0 0
310.702 0 1 0 0 0 0 0 0 0
311.177 1 0 0 0 0 0 0 0 0
312.268 0 1 0 0 0 0 0 0 0
313.392 1 0 0 0 0 0 0 0 0
315.587 0 1 0 0 0 0 0 0 0
319.864 0 0 0 0 0 1 0 0 0
320.328 0 0 0 0 0 0 1 0 0
324.595 0 0 0 0 0 1 0 0 0
325.513 0 0 0 0 0 0 1 0 0
346.496 1 0 0 0 0 0 0 0 0
347.135 0 1 0 0 0 0 0 0 0
348.578 1 0 0 0 0 0 0 0 0
349.6 0 1 0 0 0 0 0 0 0
350.217 1 0 0 0 0 0 0 0 0
351.134 0 1 0 0 0 0 0 0 0
351.381 0 0 0 1 0 0 0 0 0
354.122 0 0 0 0 1 0 0 0 0
357.236 1 0 0 0 0 0 0 0 0
358.915 0 1 0 0 0 0 0 0 0
359.348 0 0 0 1 0 0 0 0 0
361.77 0 0 0 0 1 0 0 0 0
