3.39883 0 0 0 0 0 1 0 0 0
5.35636 0 0 0 0 0 0 1 0 0
29.8542 1 0 0 0 0 0 0 0 0
32.8014 0 1 0 0 0 0 0 0 0
33.5033 1 0 0 0 0 0 0 0 0
34.9459 0 1 0 0 0 0 0 0 0
35.6157 1 0 0 0 0 0 0 0 0
36.2645 0 1 0 0 0 0 0 0 0
37.8621 1 0 0 0 0 0 0 0 0
39.2128 0 1 0 0 0 0 0 0 0
40.6045 1 0 0 0 0 0 0 0 0
41.8311 0 1 0 0 0 0 0 0 0
42.16 0 0 0 1 0 0 0 0 0
44.3145 0 0 0 0 1 0 0 0 0
48.3645 1 0 0 0 0 0 0 0 0
50.5399 0 1 0 0 0 0 0 0 0
53.4253 1 0 0 0 0 0 0 0 0
54.7548 0 1 0 0 0 0 0 0 0
55.4766 1 0 0 0 0 0 0 0 0
56.4045 0 1 0 0 0 0 0 0 0
57.6201 1 0 0 0 0 0 0 0 0
58.7957 0 1 0 0 0 0 0 0 0
59.1977 0 0 0 1 0 0 0 0 0
60.7844 0 0 0 0 1 0 0 0 0
61.2892 1 0 0 0 0 0 0 0 0
62.3309 0 1 0 0 0 0 0 0 0
62.6908 0 0 0 1 0 0 0 0 0
65.0722 0 0 0 0 1 0 0 0 0
67.5556 0 0 0 1 0 0 0 0 0
68.7512 0 0 0 0 1 0 0 0 0
72.5342 1 0 0 0 0 0 0 0 0
74.4198 0 1 0 0 0 0 0 0 0
74.8018 1 0 0 0 0 0 0 0 0
76.1823 0 1 0 0 0 0 0 0 0
77.7809 1 0 0 0 0 0 0 0 0
78.7087 0 1 0 0 0 0 0 0 0
79.6355 1 0 0 0 0 0 0 0 0
80.9753 0 1 0 0 0 0 0 0 0
81.6462 1 0 0 0 0 0 0 0 0
82.6347 0 1 0 0 0 0 0 0 0
82.8416 0 0 0 1 0 0 0 0 0
84.9131 0 0 0 0 1 0 0 0 0
87.5714 1 0 0 0 0 0 0 0 0
88.953 0 1 0 0 0 0 0 0 0
91.1375 1 0 0 0 0 0 0 0 0
92.6011 0 1 0 0 0 0 0 0 0
93.4149 0 0 0 1 0 0 0 0 0
95.4564 0 0 0 0 1 0 0 0 0
97.054 1 0 0 0 0 0 0 0 0
99.2284 0 1 0 0 0 0 0 0 0
99.5063 0 0 0 1 0 0 0 0 0
100.425 0 0 0 0 1 0 0 0 0
110.453 1 0 0 0 0 0 0 0 0
111.916 0 1 0 0 0 0 0 0 0
113.019 1 0 0 0 0 0 0 0 0
114.266 0 1 0 0 0 0 0 0 0
114.987 1 0 0 0 0 0 0 0 0
115.915 0 1 0 0 0 0 0 0 0
116.409 0 0 0 1 0 0 0 0 0
118.224 0 0 0 0 1 0 0 0 0
119.295 1 0 0 0 0 0 0 0 0
120.831 0 1 0 0 0 0 0 0 0
122.892 0 0 0 0 0 1 0 0 0
124.934 0 0 0 0 0 0 1 0 0
170.026 1 0 0 0 0 0 0 0 0
171.924 0 1 0 0 0 0 0 0 0
172.789 1 0 0 0 0 0 0 0 0
174.716 0 1 0 0 0 0 0 0 0
176.829 1 0 0 0 0 0 0 0 0
178.447 0 1 0 0 0 0 0 0 0
180.045 1 0 0 0 0 0 0 0 0
180.324 0 1 0 0 0 0 0 0 0
182.137 1 0 0 0 0 0 0 0 0
183.116 0 1 0 0 0 0 0 0 0
183.519 0 0 0 1 0 0 0 0 0
187.002 0 0 0 0 1 0 0 0 0
187.579 1 0 0 0 0 0 0 0 0
188.538 0 1 0 0 0 0 0 0 0
189.98 0 0 0 1 0 0 0 0 0
191.651 0 0 0 0 1 0 0 0 0
193.506 1 0 0 0 0 0 0 0 0
194.443 0 1 0 0 0 0 0 0 0
196.278 1 0 0 0 0 0 0 0 0
197.154 0 1 0 0 0 0 0 0 0
197.648 1 0 0 0 0 0 0 0 0
198.36 0 1 0 0 0 0 0 0 0
198.793 0 0 0 1 0 0 0 0 0
200.802 0 0 0 0 1 0 0 0 0
206.843 1 0 0 0 0 0 0 0 0
208.749 0 1 0 0 0 0 0 0 0
209.553 1 0 0 0 0 0 0 0 0
210.409 0 1 0 0 0 0 0 0 0
215.511 1 0 0 0 0 0 0 0 0
218.046 0 1 0 0 0 0 0 0 0
218.355 0 0 0 1 0 0 0 0 0
221.499 0 0 0 0 1 0 0 0 0
223.097 1 0 0 0 0 0 0 0 0
224.58 0 1 0 0 0 0 0 0 0
226.013 1 0 0 0 0 0 0 0 0
227.014 0 1 0 0 0 0 0 0 0
228.075 1 0 0 0 0 0 0 0 0
228.858 0 1 0 0 0 0 0 0 0
230.806 1 0 0 0 0 0 0 0 0
232.053 0 1 0 0 0 0 0 0 0
232.352 0 0 0 1 0 0 0 0 0
235.723 0 0 0 0 1 0 0 0 0
237.877 1 0 0 0 0 0 0 0 0
237.949 0 1 0 0 0 0 0 0 0
238.062 1 0 1 0 0 0 0 0 0
238.176 0 1 0 0 0 0 0 0 0
241.721 1 0 0 0 0 0 0 0 0
245.184 0 1 0 0 0 0 0 0 0
246.329 0 0 0 0 0 1 0 0 0
248.564 0 0 0 0 0 0 1 0 0
258.716 0 0 0 0 0 1 0 0 0
260.025 0 0 0 0 0 0 1 0 0
282.556 1 0 0 0 0 0 0 0 0
283.772 0 1 0 0 0 0 0 0 0
284.328 1 0 0 0 0 0 0 0 0
285.648 0 1 0 0 0 0 0 0 0
286.741 0 0 0 1 0 0 0 0 0
288.039 0 0 0 0 1 0 0 0 0
291.842 1 0 0 0 0 0 0 0 0
294.605 0 1 0 0 0 0 0 0 0
295.181 1 0 0 0 0 0 0 0 0
296.109 0 1 0 0 0 0 0 0 0
296.315 0 0 0 1 0 0 0 0 0
298.047 0 0 0 0 1 0 0 0 0
299.469 1 0 0 0 0 0 0 0 0
305.716 0 1 0 0 0 0 0 0 0
306.921 0 0 0 1 0 0 0 0 0
309.879 0 0 0 0 1 0 0 0 0
318.062 1 0 0 0 0 0 0 0 0
319.268 0 1 0 0 0 0 0 0 0
319.938 1 0 0 0 0 0 0 0 0
321.474 0 1 0 0 0 0 0 0 0
323.627 1 0 0 0 0 0 0 0 0
325.473 0 1 0 0 0 0 0 0 0
326.843 1 0 0 0 0 0 0 0 0
327.936 0 1 0 0 0 0 0 0 0
328.348 0 0 0 1 0 0 0 0 0
335.077 0 0 0 0 1 0 0 0 0
339.169 1 0 0 0 0 0 0 0 0
340.086 0 1 0 0 0 0 0 0 0
340.448 1 0 0 0 0 0 0 0 0
340.839 0 1 0 0 0 0 0 0 0
341.2 0 0 0 1 0 0 0 0 0
343.982 0 0 0 0 1 0 0 0 0
344.983 0 0 0 1 0 0 0 0 0
345.734 0 0 0 0 1 0 0 0 0
346.909 1 0 0 0 0 0 0 0 0
348.218 0 1 0 0 0 0 0 0 0
348.765 1 0 0 0 0 0 0 0 0
351.392 0 1 0 0 0 0 0 0 0
359.215 1 0 0 0 0 0 0 0 0
360.225 0 1 0 0 0 0 0 0 0
