4.58792 0 0 0 0 0 1 0 0 0
7.70107 0 0 0 0 0 0 1 0 0
12.9358 0 0 0 0 0 1 0 0 0
15.2551 0 0 0 0 0 0 1 0 0
20.1919 0 0 0 0 0 1 0 0 0
22.5003 0 0 0 0 0 0 1 0 0
42.1753 1 0 0 0 0 0 0 0 0
44.3188 0 1 0 0 0 0 0 0 0
45.1226 1 0 0 0 0 0 0 0 0
46.2983 0 1 0 0 0 0 0 0 0
46.9991 1 0 0 0 0 0 0 0 0
48.1218 0 1 0 0 0 0 0 0 0
48.5137 0 0 0 1 0 0 0 0 0
50.6372 0 0 0 0 1 0 0 0 0
51.8118 1 0 0 0 0 0 0 0 0
53.2755 0 1 0 0 0 0 0 0 0
54.7591 0 0 0 1 0 0 0 0 0
57.7993 0 0 0 0 1 0 0 0 0
58.3152 1 0 0 0 0 0 0 0 0
59.2839 0 1 0 0 0 0 0 0 0
60.2627 1 0 0 0 0 0 0 0 0
61.2425 0 1 0 0 0 0 0 0 0
61.6333 0 0 0 1 0 0 0 0 0
62.932 0 0 0 0 1 0 0 0 0
64.5396 0 0 0 1 0 0 0 0 0
64.7355 0 0 0 0 1 0 0 0 0
65.2314 1 0 0 0 0 0 0 0 0
67.4668 0 1 0 0 0 0 0 0 0
67.7977 0 0 0 1 0 0 0 0 0
70.3221 0 0 0 0 1 0 0 0 0
70.869 1 0 0 0 0 0 0 0 0
72.2397 0 1 0 0 0 0 0 0 0
73.0534 1 0 0 0 0 0 0 0 0
74.4461 0 1 0 0 0 0 0 0 0
74.682 0 0 0 1 0 0 0 0 0
78.3411 0 0 0 0 1 0 0 0 0
79.0009 0 0 0 1 0 0 0 0 0
79.7317 0 0 0 0 1 0 0 0 0
83.9886 1 0 0 0 0 0 0 0 0
86.1941 0 1 0 0 0 0 0 0 0
86.8539 1 0 0 0 0 0 0 0 0
88.3485 0 1 0 0 0 0 0 0 0
89.0704 0 0 0 1 0 0 0 0 0
91.3897 0 0 0 0 1 0 0 0 0
96.1505 0 0 0 1 0 0 0 0 0
97.1093 0 0 0 0 1 0 0 0 0
97.5322 0 0 0 1 0 0 0 0 0
99.7986 0 0 0 0 1 0 0 0 0
100.346 0 0 0 1 0 0 0 0 0
100.664 0 0 0 0 1 0 0 0 0
101.252 1 0 0 0 0 0 0 0 0
101.407 0 1 0 0 0 0 0 0 0
101.448 1 0 1 0 0 0 0 0 0
101.592 0 1 0 0 0 0 0 0 0
104.199 1 0 0 0 0 0 0 0 0
105.323 0 1 0 0 0 0 0 0 0
106.354 1 0 0 0 0 0 0 0 0
107.457 0 1 0 0 0 0 0 0 0
109.157 1 0 0 0 0 0 0 0 0
110.065 0 1 0 0 0 0 0 0 0
111.281 1 0 0 0 0 0 0 0 0
112.589 0 1 0 0 0 0 0 0 0
113.002 1 0 0 0 0 0 0 0 0
114.981 0 1 0 0 0 0 0 0 0
115.487 1 0 0 0 0 0 0 0 0
117.733 0 1 0 0 0 0 0 0 0
118.753 1 0 0 0 0 0 0 0 0
120.567 0 1 0 0 0 0 0 0 0
122.206 1 0 0 0 0 0 0 0 0
123.526 0 1 0 0 0 0 0 0 0
131.76 1 0 0 0 0 0 0 0 0
133.543 0 1 0 0 0 0 0 0 0
134.131 1 0 0 0 0 0 0 0 0
135.697 0 1 0 0 0 0 0 0 0
136.284 1 0 0 0 0 0 0 0 0
138.666 0 1 0 0 0 0 0 0 0
139.171 1 0 0 0 0 0 0 0 0
141.098 0 1 0 0 0 0 0 0 0
142.252 1 0 0 0 0 0 0 0 0
143.2 0 1 0 0 0 0 0 0 0
143.86 1 0 0 0 0 0 0 0 0
145.571 0 1 0 0 0 0 0 0 0
146.458 1 0 0 0 0 0 0 0 0
147.509 0 1 0 0 0 0 0 0 0
149.9 1 0 0 0 0 0 0 0 0
152.497 0 1 0 0 0 0 0 0 0
153.208 1 0 0 0 0 0 0 0 0
155.034 0 1 0 0 0 0 0 0 0
155.568 1 0 0 0 0 0 0 0 0
157.012 0 1 0 0 0 0 0 0 0
157.599 1 0 0 0 0 0 0 0 0
159.691 0 1 0 0 0 0 0 0 0
160.341 1 0 0 0 0 0 0 0 0
162.691 0 1 0 0 0 0 0 0 0
163.154 1 0 0 0 0 0 0 0 0
165.784 0 1 0 0 0 0 0 0 0
166.35 1 0 0 0 0 0 0 0 0
168.7 0 1 0 0 0 0 0 0 0
169.4 1 0 0 0 0 0 0 0 0
172.719 0 1 0 0 0 0 0 0 0
173.358 1 0 0 0 0 0 0 0 0
180.696 0 1 0 0 0 0 0 0 0
185.076 0 0 0 0 0 1 0 0 0
187.281 0 0 0 0 0 0 1 0 0
198.339 0 0 0 0 0 1 0 0 0
199.74 0 0 0 0 0 0 1 0 0
222.549 1 0 0 0 0 0 0 0 0
235.711 0 1 0 0 0 0 0 0 0
236.351 1 0 0 0 0 0 0 0 0
241.018 0 1 0 0 0 0 0 0 0
241.544 1 0 0 0 0 0 0 0 0
241.637 0 1 0 0 0 0 0 0 0
241.719 1 0 1 0 0 0 0 0 0
241.834 0 1 0 0 0 0 0 0 0
245.863 1 0 0 0 0 0 0 0 0
249.366 0 1 0 0 0 0 0 0 0
250.088 1 0 0 0 0 0 0 0 0
252.85 0 1 0 0 0 0 0 0 0
253.407 1 0 0 0 0 0 0 0 0
253.521 0 1 0 0 0 0 0 0 0
253.593 1 0 1 0 0 0 0 0 0
253.706 0 1 0 0 0 0 0 0 0
255.149 1 0 0 0 0 0 0 0 0
257.118 0 1 0 0 0 0 0 0 0
257.489 1 0 0 0 0 0 0 0 0
268.569 0 1 0 0 0 0 0 0 0
269.414 1 0 0 0 0 0 0 0 0
271.651 0 1 0 0 0 0 0 0 0
272.539 1 0 0 0 0 0 0 0 0
275.032 0 1 0 0 0 0 0 0 0
276.835 1 0 0 0 0 0 0 0 0
278.33 0 1 0 0 0 0 0 0 0
279.288 1 0 0 0 0 0 0 0 0
281.793 0 1 0 0 0 0 0 0 0
282.927 1 0 0 0 0 0 0 0 0
284.905 0 1 0 0 0 0 0 0 0
285.421 1 0 0 0 0 0 0 0 0
286.153 0 1 0 0 0 0 0 0 0
286.72 1 0 0 0 0 0 0 0 0
289.059 0 1 0 0 0 0 0 0 0
289.585 1 0 0 0 0 0 0 0 0
290.307 0 1 0 0 0 0 0 0 0
290.76 1 0 0 0 0 0 0 0 0
290.863 0 1 0 0 0 0 0 0 0
290.946 1 0 1 0 0 0 0 0 0
291.038 0 1 0 0 0 0 0 0 0
293.326 1 0 0 0 0 0 0 0 0
303.89 0 1 0 0 0 0 0 0 0
311.168 1 0 0 0 0 0 0 0 0
313.012 0 1 0 0 0 0 0 0 0
313.476 1 0 0 0 0 0 0 0 0
315.176 0 1 0 0 0 0 0 0 0
315.641 1 0 0 0 0 0 0 0 0
316.414 0 1 0 0 0 0 0 0 0
317.496 0 0 0 1 0 0 0 0 0
319.505 0 0 0 0 1 0 0 0 0
320.536 1 0 0 0 0 0 0 0 0
321.536 0 1 0 0 0 0 0 0 0
321.763 0 0 0 1 0 0 0 0 0
323.576 0 0 0 0 1 0 0 0 0
324.864 1 0 0 0 0 0 0 0 0
326.277 0 1 0 0 0 0 0 0 0
326.782 0 0 0 1 0 0 0 0 0
328.122 0 0 0 0 1 0 0 0 0
332.347 1 0 0 0 0 0 0 0 0
333.821 0 1 0 0 0 0 0 0 0
334.326 0 0 0 1 0 0 0 0 0
336.82 0 0 0 0 1 0 0 0 0
337.346 1 0 0 0 0 0 0 0 0
337.47 0 1 0 0 0 0 0 0 0
337.532 1 0 1 0 0 0 0 0 0
337.635 0 1 0 0 0 0 0 0 0
338.933 1 0 0 0 0 0 0 0 0
350.219 0 1 0 0 0 0 0 0 0
350.528 1 0 0 0 0 0 0 0 0
351.764 0 1 0 0 0 0 0 0 0
352.394 0 0 0 1 0 0 0 0 0
356.299 0 0 0 0 1 0 0 0 0
358.052 1 0 0 0 0 0 0 0 0
360.092 0 1 0 0 0 0 0 0 0
360.278 0 0 0 1 0 0 0 0 0
362.091 0 0 0 0 1 0 0 0 0
