12.7655 1 0 0 0 0 0 0 0 0
21.7722 0 1 0 0 0 0 0 0 0
22.2771 1 0 0 0 0 0 0 0 0
23.4328 0 1 0 0 0 0 0 0 0
24.7195 1 0 0 0 0 0 0 0 0
26.2241 0 1 0 0 0 0 0 0 0
26.9459 1 0 0 0 0 0 0 0 0
28.0076 0 1 0 0 0 0 0 0 0
28.6055 1 0 0 0 0 0 0 0 0
29.6153 0 1 0 0 0 0 0 0 0
30.42 1 0 0 0 0 0 0 0 0
32.8104 0 1 0 0 0 0 0 0 0
33.4082 1 0 0 0 0 0 0 0 0
35.2218 0 1 0 0 0 0 0 0 0
36.7474 1 0 0 0 0 0 0 0 0
38.293 0 1 0 0 0 0 0 0 0
38.9938 1 0 0 0 0 0 0 0 0
39.6226 0 1 0 0 0 0 0 0 0
40.1166 1 0 0 0 0 0 0 0 0
41.6321 0 1 0 0 0 0 0 0 0
43.0548 1 0 0 0 0 0 0 0 0
44.0326 0 1 0 0 0 0 0 0 0
45.6821 1 0 0 0 0 0 0 0 0
48.2375 0 1 0 0 0 0 0 0 0
50.0632 1 0 0 0 0 0 0 0 0
50.227 0 1 0 0 0 0 0 0 0
50.299 1 0 1 0 0 0 0 0 0
50.4539 0 1 0 0 0 0 0 0 0
52.0515 1 0 0 0 0 0 0 0 0
52.9882 0 1 0 0 0 0 0 0 0
53.2873 0 0 0 1 0 0 0 0 0
55.2557 0 0 0 0 1 0 0 0 0
57.2452 1 0 0 0 0 0 0 0 0
59.3476 0 1 0 0 0 0 0 0 0
59.8835 1 0 0 0 0 0 0 0 0
60.4714 0 1 0 0 0 0 0 0 0
60.8212 0 0 0 1 0 0 0 0 0
62.9547 0 0 0 0 1 0 0 0 0
63.5116 1 0 0 0 0 0 0 0 0
64.3463 0 1 0 0 0 0 0 0 0
64.6035 0 0 0 1 0 0 0 0 0
66.2319 0 0 0 0 1 0 0 0 0
67.1496 1 0 0 0 0 0 0 0 0
68.3133 0 1 0 0 0 0 0 0 0
70.9218 1 0 0 0 0 0 0 0 0
72.4983 0 1 0 0 0 0 0 0 0
73.0652 1 0 0 0 0 0 0 0 0
74.8377 0 1 0 0 0 0 0 0 0
75.2086 0 0 0 1 0 0 0 0 0
76.3113 0 0 0 0 1 0 0 0 0
83.9383 1 0 0 0 0 0 0 0 0
84.0315 0 1 0 0 0 0 0 0 0
84.1243 1 0 1 0 0 0 0 0 0
84.2582 0 1 0 0 0 0 0 0 0
86.5147 1 0 0 0 0 0 0 0 0
91.3275 0 1 0 0 0 0 0 0 0
92.7091 0 0 0 0 0 1 0 0 0
95.2645 0 0 0 0 0 0 1 0 0
119.422 1 0 0 0 0 0 0 0 0
122.164 0 1 0 0 0 0 0 0 0
123.205 1 0 0 0 0 0 0 0 0
124.936 0 1 0 0 0 0 0 0 0
125.606 1 0 0 0 0 0 0 0 0
127.244 0 1 0 0 0 0 0 0 0
128.018 0 0 0 1 0 0 0 0 0
129.564 0 0 0 0 1 0 0 0 0
132.202 1 0 0 0 0 0 0 0 0
132.964 0 1 0 0 0 0 0 0 0
133.233 0 0 0 1 0 0 0 0 0
137.953 0 0 0 0 1 0 0 0 0
139.066 1 0 0 0 0 0 0 0 0
141.725 0 1 0 0 0 0 0 0 0
141.982 0 0 0 1 0 0 0 0 0
143.827 0 0 0 0 1 0 0 0 0
146.331 0 0 0 1 0 0 0 0 0
147.228 0 0 0 0 1 0 0 0 0
148.764 1 0 0 0 0 0 0 0 0
149.681 0 1 0 0 0 0 0 0 0
150.433 1 0 0 0 0 0 0 0 0
151.155 0 1 0 0 0 0 0 0 0
151.701 1 0 0 0 0 0 0 0 0
152.247 0 1 0 0 0 0 0 0 0
152.599 0 0 0 1 0 0 0 0 0
154.783 0 0 0 0 1 0 0 0 0
156.525 0 0 0 1 0 0 0 0 0
157.616 0 0 0 0 1 0 0 0 0
158.06 1 0 0 0 0 0 0 0 0
160.585 0 1 0 0 0 0 0 0 0
160.988 1 0 0 0 0 0 0 0 0
161.441 0 1 0 0 0 0 0 0 0
162.121 0 0 0 1 0 0 0 0 0
165.202 0 0 0 0 1 0 0 0 0
165.933 1 0 0 0 0 0 0 0 0
166.717 0 1 0 0 0 0 0 0 0
167.294 0 0 0 1 0 0 0 0 0
167.913 0 0 0 0 1 0 0 0 0
174.693 1 0 0 0 0 0 0 0 0
176.549 0 1 0 0 0 0 0 0 0
177.013 1 0 0 0 0 0 0 0 0
178.187 0 1 0 0 0 0 0 0 0
180.538 0 0 0 0 0 1 0 0 0
182.536 0 0 0 0 0 0 1 0 0
202.943 1 0 0 0 0 0 0 0 0
212.373 0 1 0 0 0 0 0 0 0
212.919 1 0 0 0 0 0 0 0 0
213.084 0 1 0 0 0 0 0 0 0
213.156 1 0 1 0 0 0 0 0 0
213.28 0 1 0 0 0 0 0 0 0
214.816 1 0 0 0 0 0 0 0 0
215.589 0 1 0 0 0 0 0 0 0
215.878 0 0 0 1 0 0 0 0 0
217.711 0 0 0 0 1 0 0 0 0
218.361 1 0 0 0 0 0 0 0 0
220 0 1 0 0 0 0 0 0 0
221.009 0 0 0 1 0 0 0 0 0
223.514 0 0 0 0 1 0 0 0 0
224.472 1 0 0 0 0 0 0 0 0
225.059 0 1 0 0 0 0 0 0 0
225.771 1 0 0 0 0 0 0 0 0
227.863 0 1 0 0 0 0 0 0 0
228.254 0 0 0 1 0 0 0 0 0
229.45 0 0 0 0 1 0 0 0 0
230.099 1 0 0 0 0 0 0 0 0
232.17 0 1 0 0 0 0 0 0 0
233.644 1 0 0 0 0 0 0 0 0
234.871 0 1 0 0 0 0 0 0 0
235.921 1 0 0 0 0 0 0 0 0
236.035 0 1 0 0 0 0 0 0 0
236.127 1 0 1 0 0 0 0 0 0
236.241 0 1 0 0 0 0 0 0 0
239.643 0 0 0 1 0 0 0 0 0
241.827 0 0 0 0 1 0 0 0 0
242.384 1 0 0 0 0 0 0 0 0
243.147 0 1 0 0 0 0 0 0 0
244.517 0 0 0 1 0 0 0 0 0
246.094 0 0 0 0 1 0 0 0 0
247.917 1 0 0 0 0 0 0 0 0
249.175 0 1 0 0 0 0 0 0 0
249.959 1 0 0 0 0 0 0 0 0
250.062 0 1 0 0 0 0 0 0 0
250.165 1 0 1 0 0 0 0 0 0
250.268 0 1 0 0 0 0 0 0 0
254.72 1 0 0 0 0 0 0 0 0
260.707 0 1 0 0 0 0 0 0 0
261.944 0 0 0 0 0 1 0 0 0
263.85 0 0 0 0 0 0 1 0 0
282.833 1 0 0 0 0 0 0 0 0
290.892 0 1 0 0 0 0 0 0 0
291.716 1 0 0 0 0 0 0 0 0
293.077 0 1 0 0 0 0 0 0 0
294.581 1 0 0 0 0 0 0 0 0
295.798 0 1 0 0 0 0 0 0 0
296.663 1 0 0 0 0 0 0 0 0
298.59 0 1 0 0 0 0 0 0 0
299.352 1 0 0 0 0 0 0 0 0
301.208 0 1 0 0 0 0 0 0 0
301.827 1 0 0 0 0 0 0 0 0
301.961 0 1 0 0 0 0 0 0 0
302.681 0 0 0 1 0 0 0 0 0
306.051 0 0 0 0 1 0 0 0 0
306.659 1 0 0 0 0 0 0 0 0
307.814 0 1 0 0 0 0 0 0 0
308.886 0 0 0 1 0 0 0 0 0
310.616 0 0 0 0 1 0 0 0 0
311.049 1 0 0 0 0 0 0 0 0
313.245 0 1 0 0 0 0 0 0 0
313.554 0 0 0 1 0 0 0 0 0
315.398 0 0 0 0 1 0 0 0 0
316.244 1 0 0 0 0 0 0 0 0
317.027 0 1 0 0 0 0 0 0 0
317.645 0 0 0 1 0 0 0 0 0
320.428 0 0 0 0 1 0 0 0 0
326.301 1 0 0 0 0 0 0 0 0
326.425 0 1 0 0 0 0 0 0 0
326.529 1 0 1 0 0 0 0 0 0
326.621 0 1 0 0 0 0 0 0 0
329.177 1 0 0 0 0 0 0 0 0
336.546 0 1 0 0 0 0 0 0 0
336.824 0 0 0 1 0 0 0 0 0
338.369 0 0 0 0 1 0 0 0 0
341.296 1 0 0 0 0 0 0 0 0
342.255 0 1 0 0 0 0 0 0 0
343.327 1 0 0 0 0 0 0 0 0
344.347 0 1 0 0 0 0 0 0 0
344.821 1 0 0 0 0 0 0 0 0
345.748 0 1 0 0 0 0 0 0 0
346.356 1 0 0 0 0 0 0 0 0
347.016 0 1 0 0 0 0 0 0 0
347.789 1 0 0 0 0 0 0 0 0
348.676 0 1 0 0 0 0 0 0 0
349.427 1 0 0 0 0 0 0 0 0
349.695 0 1 0 0 0 0 0 0 0
350.015 0 0 0 1 0 0 0 0 0
352.067 0 0 0 0 1 0 0 0 0
353.106 0 0 0 1 0 0 0 0 0
355.229 0 0 0 0 1 0 0 0 0
355.622 0 0 0 1 0 0 0 0 0
356.034 0 0 0 0 1 0 0 0 0
357.321 0 0 0 1 0 0 0 0 0
358.301 0 0 0 0 1 0 0 0 0
359.578 1 0 0 0 0 0 0 0 0
360.373 0 1 0 0 0 0 0 0 0
