4.4986 0 0 0 0 0 1 0 0 0
6.3541 0 0 0 0 0 0 1 0 0
33.3053 1 0 0 0 0 0 0 0 0
34.2952 0 1 0 0 0 0 0 0 0
35.0888 1 0 0 0 0 0 0 0 0
36.1706 0 1 0 0 0 0 0 0 0
36.7794 1 0 0 0 0 0 0 0 0
37.3972 0 1 0 0 0 0 0 0 0
37.6453 0 0 0 1 0 0 0 0 0
40.8094 0 0 0 0 1 0 0 0 0
42.0351 1 0 0 0 0 0 0 0 0
42.8089 0 1 0 0 0 0 0 0 0
43.0148 0 0 0 1 0 0 0 0 0
44.7774 0 0 0 0 1 0 0 0 0
47.6836 1 0 0 0 0 0 0 0 0
50.4349 0 1 0 0 0 0 0 0 0
50.6929 0 0 0 1 0 0 0 0 0
60.5353 0 0 0 0 1 0 0 0 0
60.5873 0 0 0 1 0 0 0 0 0
60.7723 0 0 0 0 1 0 0 0 0
62.3599 1 0 0 0 0 0 0 0 0
63.9475 0 1 0 0 0 0 0 0 0
65.792 1 0 0 0 0 0 0 0 0
68.9871 0 1 0 0 0 0 0 0 0
70.4708 0 0 0 1 0 0 0 0 0
71.7804 0 0 0 0 1 0 0 0 0
72.8732 0 0 0 1 0 0 0 0 0
74.5218 0 0 0 0 1 0 0 0 0
74.9646 1 0 0 0 0 0 0 0 0
75.0676 0 1 0 0 0 0 0 0 0
75.1606 1 0 1 0 0 0 0 0 0
75.2736 0 1 0 0 0 0 0 0 0
79.2825 1 0 0 0 0 0 0 0 0
80.3344 0 1 0 0 0 0 0 0 0
80.7152 0 0 0 1 0 0 0 0 0
85.446 0 0 0 0 1 0 0 0 0
93.6499 0 0 0 1 0 0 0 0 0
95.2265 0 0 0 0 1 0 0 0 0
98.8966 0 0 0 1 0 0 0 0 0
101.122 0 0 0 0 1 0 0 0 0
102.473 1 0 0 0 0 0 0 0 0
103.73 0 1 0 0 0 0 0 0 0
104.812 1 0 0 0 0 0 0 0 0
105.894 0 1 0 0 0 0 0 0 0
106.667 0 0 0 1 0 0 0 0 0
107.903 0 0 0 0 1 0 0 0 0
108.656 1 0 0 0 0 0 0 0 0
110.368 0 1 0 0 0 0 0 0 0
113.532 1 0 0 0 0 0 0 0 0
114.676 0 1 0 0 0 0 0 0 0
114.922 1 0 0 0 0 0 0 0 0
116.107 0 1 0 0 0 0 0 0 0
116.531 1 0 0 0 0 0 0 0 0
116.633 0 1 0 0 0 0 0 0 0
116.726 1 0 1 0 0 0 0 0 0
116.819 0 1 0 0 0 0 0 0 0
122.302 0 0 0 0 0 1 0 0 0
124.394 0 0 0 0 0 0 1 0 0
131.815 0 0 0 0 0 1 0 0 0
133.691 0 0 0 0 0 0 1 0 0
135.504 0 0 0 0 0 1 0 0 0
136.772 0 0 0 0 0 0 1 0 0
142.811 0 0 0 0 0 1 0 0 0
144.058 0 0 0 0 0 0 1 0 0
174.556 1 0 0 0 0 0 0 0 0
182.266 0 1 0 0 0 0 0 0 0
184.338 1 0 0 0 0 0 0 0 0
185.059 0 1 0 0 0 0 0 0 0
185.667 0 0 0 1 0 0 0 0 0
186.739 0 0 0 0 1 0 0 0 0
187.203 0 0 0 1 0 0 0 0 0
189.604 0 0 0 0 1 0 0 0 0
191.634 1 0 0 0 0 0 0 0 0
193.036 0 1 0 0 0 0 0 0 0
193.84 1 0 0 0 0 0 0 0 0
194.427 0 1 0 0 0 0 0 0 0
194.798 0 0 0 1 0 0 0 0 0
196.036 0 0 0 0 1 0 0 0 0
196.592 0 0 0 1 0 0 0 0 0
197.931 0 0 0 0 1 0 0 0 0
199.89 1 0 0 0 0 0 0 0 0
200.796 0 1 0 0 0 0 0 0 0
205.249 1 0 0 0 0 0 0 0 0
207.424 0 1 0 0 0 0 0 0 0
209.814 1 0 0 0 0 0 0 0 0
212.701 0 1 0 0 0 0 0 0 0
213.216 1 0 0 0 0 0 0 0 0
214.773 0 1 0 0 0 0 0 0 0
214.999 1 0 0 0 0 0 0 0 0
220.893 0 1 0 0 0 0 0 0 0
221.068 0 0 0 1 0 0 0 0 0
225.552 0 0 0 0 1 0 0 0 0
235.106 1 0 0 0 0 0 0 0 0
236.734 0 1 0 0 0 0 0 0 0
237.487 1 0 0 0 0 0 0 0 0
238.146 0 1 0 0 0 0 0 0 0
238.806 1 0 0 0 0 0 0 0 0
240.341 0 1 0 0 0 0 0 0 0
240.568 0 0 0 1 0 0 0 0 0
241.413 0 0 0 0 1 0 0 0 0
242.248 0 0 0 0 0 1 0 0 0
244.969 0 0 0 0 0 0 1 0 0
273.291 1 0 0 0 0 0 0 0 0
277.125 0 1 0 0 0 0 0 0 0
277.785 1 0 0 0 0 0 0 0 0
279.433 0 1 0 0 0 0 0 0 0
280.145 1 0 0 0 0 0 0 0 0
281.908 0 1 0 0 0 0 0 0 0
282.371 1 0 0 0 0 0 0 0 0
285.205 0 1 0 0 0 0 0 0 0
287.482 0 0 0 1 0 0 0 0 0
291.873 0 0 0 0 1 0 0 0 0
293.079 1 0 0 0 0 0 0 0 0
293.182 0 1 0 0 0 0 0 0 0
293.276 1 0 1 0 0 0 0 0 0
293.399 0 1 0 0 0 0 0 0 0
296.77 1 0 0 0 0 0 0 0 0
297.954 0 1 0 0 0 0 0 0 0
298.377 1 0 0 0 0 0 0 0 0
299.159 0 1 0 0 0 0 0 0 0
299.757 1 0 0 0 0 0 0 0 0
301.231 0 1 0 0 0 0 0 0 0
301.531 0 0 0 1 0 0 0 0 0
305.19 0 0 0 0 1 0 0 0 0
307.559 1 0 0 0 0 0 0 0 0
312.125 0 1 0 0 0 0 0 0 0
313.208 1 0 0 0 0 0 0 0 0
314.012 0 1 0 0 0 0 0 0 0
314.578 0 0 0 1 0 0 0 0 0
316.692 0 0 0 0 1 0 0 0 0
319.154 1 0 0 0 0 0 0 0 0
319.979 0 1 0 0 0 0 0 0 0
322.153 1 0 0 0 0 0 0 0 0
323.297 0 1 0 0 0 0 0 0 0
323.741 0 0 0 1 0 0 0 0 0
328.637 0 0 0 0 1 0 0 0 0
329.605 0 0 0 1 0 0 0 0 0
330.77 0 0 0 0 1 0 0 0 0
336.409 1 0 0 0 0 0 0 0 0
338.273 0 1 0 0 0 0 0 0 0
338.963 1 0 0 0 0 0 0 0 0
339.829 0 1 0 0 0 0 0 0 0
341.303 1 0 0 0 0 0 0 0 0
342.921 0 1 0 0 0 0 0 0 0
343.179 0 0 0 1 0 0 0 0 0
345.889 0 0 0 0 1 0 0 0 0
346.641 1 0 0 0 0 0 0 0 0
347.847 0 1 0 0 0 0 0 0 0
348.311 0 0 0 1 0 0 0 0 0
350.145 0 0 0 0 1 0 0 0 0
357.185 1 0 0 0 0 0 0 0 0
359.637 0 1 0 0 0 0 0 0 0
