202.716 0 0 0 0 0 1 0 0 0
206.241 0 0 0 0 0 0 1 0 0
222.566 0 0 0 0 0 1 0 0 0
225.432 0 0 0 0 0 0 1 0 0
389.172 1 0 0 0 0 0 0 0 0
396.108 0 1 0 0 0 0 0 0 0
406.898 1 0 0 0 0 0 0 0 0
412.155 0 1 0 0 0 0 0 0 0
413.298 1 0 0 0 0 0 0 0 0
414.36 0 1 0 0 0 0 0 0 0
423.327 1 0 0 0 0 0 0 0 0
428.727 0 1 0 0 0 0 0 0 0
429.51 1 0 0 0 0 0 0 0 0
431.314 0 1 0 0 0 0 0 0 0
435.994 1 0 0 0 0 0 0 0 0
439.23 0 1 0 0 0 0 0 0 0
439.941 1 0 0 0 0 0 0 0 0
442.126 0 1 0 0 0 0 0 0 0
443.115 1 0 0 0 0 0 0 0 0
445.155 0 1 0 0 0 0 0 0 0
449.226 1 0 0 0 0 0 0 0 0
449.391 0 1 0 0 0 0 0 0 0
449.474 1 0 1 0 0 0 0 0 0
449.639 0 1 0 0 0 0 0 0 0
455.883 1 0 0 0 0 0 0 0 0
459.203 0 1 0 0 0 0 0 0 0
459.542 1 0 0 0 0 0 0 0 0
461.882 0 1 0 0 0 0 0 0 0
462.336 1 0 0 0 0 0 0 0 0
463.561 0 1 0 0 0 0 0 0 0
467.509 1 0 0 0 0 0 0 0 0
467.633 0 1 0 0 0 0 0 0 0
467.767 1 0 1 0 0 0 0 0 0
467.849 0 1 0 0 0 0 0 0 0
494.172 0 0 0 1 0 0 0 0 0
499.222 0 0 0 0 1 0 0 0 0
525.916 0 0 0 1 0 0 0 0 0
529.627 0 0 0 0 1 0 0 0 0
530.626 0 0 0 1 0 0 0 0 0
534.264 0 0 0 0 1 0 0 0 0
565.431 1 0 0 0 0 0 0 0 0
569.275 0 1 0 0 0 0 0 0 0
578.84 0 0 0 1 0 0 0 0 0
579.933 0 0 0 0 1 0 0 0 0
581.303 1 0 0 0 0 0 0 0 0
584.591 0 1 0 0 0 0 0 0 0
585.602 1 0 0 0 0 0 0 0 0
587.509 0 1 0 0 0 0 0 0 0
588.136 0 0 0 1 0 0 0 0 0
591.62 0 0 0 0 1 0 0 0 0
605.266 0 0 0 1 0 0 0 0 0
608.873 0 0 0 0 1 0 0 0 0
609.358 1 0 0 0 0 0 0 0 0
611.944 0 1 0 0 0 0 0 0 0
637.329 1 0 0 0 0 0 0 0 0
637.443 0 1 0 0 0 0 0 0 0
637.546 1 0 1 0 0 0 0 0 0
637.68 0 1 0 0 0 0 0 0 0
640.505 1 0 0 0 0 0 0 0 0
643.08 0 1 0 0 0 0 0 0 0
643.378 0 0 0 1 0 0 0 0 0
646.193 0 0 0 0 1 0 0 0 0
648.759 1 0 0 0 0 0 0 0 0
652.109 0 1 0 0 0 0 0 0 0
653.48 1 0 0 0 0 0 0 0 0
656.623 0 1 0 0 0 0 0 0 0
657.51 1 0 0 0 0 0 0 0 0
659.746 0 1 0 0 0 0 0 0 0
660.2 0 0 0 1 0 0 0 0 0
661.849 0 0 0 0 1 0 0 0 0
681.041 1 0 0 0 0 0 0 0 0
681.195 0 1 0 0 0 0 0 0 0
681.298 1 0 1 0 0 0 0 0 0
681.411 0 1 0 0 0 0 0 0 0
688.78 1 0 0 0 0 0 0 0 0
693.737 0 1 0 0 0 0 0 0 0
694.531 1 0 0 0 0 0 0 0 0
696.49 0 1 0 0 0 0 0 0 0
697.284 1 0 0 0 0 0 0 0 0
697.995 0 1 0 0 0 0 0 0 0
699.283 1 0 0 0 0 0 0 0 0
700.169 0 1 0 0 0 0 0 0 0
700.757 0 0 0 1 0 0 0 0 0
701.632 0 0 0 0 1 0 0 0 0
702.086 0 0 0 1 0 0 0 0 0
704.375 0 0 0 0 1 0 0 0 0
705.415 0 0 0 1 0 0 0 0 0
706.673 0 0 0 0 1 0 0 0 0
707.766 0 0 0 1 0 0 0 0 0
709.404 0 0 0 0 1 0 0 0 0
783.818 1 0 0 0 0 0 0 0 0
783.983 0 1 0 0 0 0 0 0 0
785.467 1 0 0 0 0 0 0 0 0
785.633 0 1 0 0 0 0 0 0 0
799.144 1 0 0 0 0 0 0 0 0
800.835 0 1 0 0 0 0 0 0 0
801.288 0 0 0 1 0 0 0 0 0
802.638 0 0 0 0 1 0 0 0 0
802.978 0 0 0 1 0 0 0 0 0
803.67 0 0 0 0 1 0 0 0 0
805.4 0 0 0 1 0 0 0 0 0
807.246 0 0 0 0 1 0 0 0 0
807.286 0 0 0 1 0 0 0 0 0
808.544 0 0 0 0 1 0 0 0 0
819.057 0 0 0 1 0 0 0 0 0
821.438 0 0 0 0 1 0 0 0 0
822.52 0 0 0 1 0 0 0 0 0
824.416 0 0 0 0 1 0 0 0 0
826.899 1 0 0 0 0 0 0 0 0
827.569 0 1 0 0 0 0 0 0 0
831.723 1 0 0 0 0 0 0 0 0
835.33 0 1 0 0 0 0 0 0 0
836.083 0 0 0 1 0 0 0 0 0
838.937 0 0 0 0 1 0 0 0 0
839.577 1 0 0 0 0 0 0 0 0
842.122 0 1 0 0 0 0 0 0 0
842.349 0 0 0 1 0 0 0 0 0
843.297 0 0 0 0 1 0 0 0 0
848.461 1 0 0 0 0 0 0 0 0
850.553 0 1 0 0 0 0 0 0 0
851.13 1 0 0 0 0 0 0 0 0
852.8 0 1 0 0 0 0 0 0 0
853.398 0 0 0 1 0 0 0 0 0
858.21 0 0 0 0 1 0 0 0 0
858.746 1 0 0 0 0 0 0 0 0
860.88 0 1 0 0 0 0 0 0 0
861.931 0 0 0 1 0 0 0 0 0
865.559 0 0 0 0 1 0 0 0 0
865.888 1 0 0 0 0 0 0 0 0
868.064 0 1 0 0 0 0 0 0 0
868.312 0 0 0 1 0 0 0 0 0
871.289 0 0 0 0 1 0 0 0 0
871.423 0 0 0 1 0 0 0 0 0
871.506 0 0 0 0 1 0 0 0 0
872.022 1 0 0 0 0 0 0 0 0
873.783 0 1 0 0 0 0 0 0 0
874.288 1 0 0 0 0 0 0 0 0
875.752 0 1 0 0 0 0 0 0 0
877.307 1 0 0 0 0 0 0 0 0
878.627 0 1 0 0 0 0 0 0 0
878.843 0 0 0 1 0 0 0 0 0
883.44 0 0 0 0 1 0 0 0 0
884.316 1 0 0 0 0 0 0 0 0
885.099 0 1 0 0 0 0 0 0 0
885.81 1 0 0 0 0 0 0 0 0
886.944 0 1 0 0 0 0 0 0 0
887.264 0 0 0 1 0 0 0 0 0
888.511 0 0 0 0 1 0 0 0 0
888.891 1 0 0 0 0 0 0 0 0
889.85 0 1 0 0 0 0 0 0 0
890.469 1 0 0 0 0 0 0 0 0
893.221 0 1 0 0 0 0 0 0 0
893.705 0 0 0 1 0 0 0 0 0
898.333 0 0 0 0 1 0 0 0 0
898.518 0 0 0 1 0 0 0 0 0
898.59 0 0 0 0 1 0 0 0 0
900.219 1 0 0 0 0 0 0 0 0
903.136 0 1 0 0 0 0 0 0 0
1139.3 0 0 0 0 0 1 0 0 0
1142.68 0 0 0 0 0 0 1 0 0
1159.97 1 0 0 0 0 0 0 0 0
1163.05 0 1 0 0 0 0 0 0 0
1165.66 0 0 0 1 0 0 0 0 0
1170.63 0 0 0 0 1 0 0 0 0
1172.85 1 0 0 0 0 0 0 0 0
1175.25 0 1 0 0 0 0 0 0 0
1177.01 1 0 0 0 0 0 0 0 0
1178.72 0 1 0 0 0 0 0 0 0
1179.65 1 0 0 0 0 0 0 0 0
1181.02 0 1 0 0 0 0 0 0 0
1183.73 1 0 0 0 0 0 0 0 0
1184.42 0 1 0 0 0 0 0 0 0
1185.28 0 0 0 1 0 0 0 0 0
1187.44 0 0 0 0 1 0 0 0 0
1189.04 1 0 0 0 0 0 0 0 0
1189.7 0 1 0 0 0 0 0 0 0
1191.22 1 0 0 0 0 0 0 0 0
1192.42 0 1 0 0 0 0 0 0 0
1193.41 1 0 0 0 0 0 0 0 0
1196.92 0 1 0 0 0 0 0 0 0
1197.37 1 0 0 0 0 0 0 0 0
1199.25 0 1 0 0 0 0 0 0 0
1201.73 1 0 0 0 0 0 0 0 0
1203.32 0 1 0 0 0 0 0 0 0
1209.03 1 0 0 0 0 0 0 0 0
1209.97 0 1 0 0 0 0 0 0 0
1210.5 1 0 0 0 0 0 0 0 0
1212.96 0 1 0 0 0 0 0 0 0
1237.69 0 0 0 1 0 0 0 0 0
1240.65 0 0 0 0 1 0 0 0 0
1240.8 0 0 0 1 0 0 0 0 0
1241.04 0 0 0 0 1 0 0 0 0
1244.62 0 0 0 1 0 0 0 0 0
1245.56 0 0 0 0 1 0 0 0 0
1260.68 0 0 0 1 0 0 0 0 0
1261.62 0 0 0 0 1 0 0 0 0
1262.23 0 0 0 1 0 0 0 0 0
1264.11 0 0 0 0 1 0 0 0 0
1270.28 1 0 0 0 0 0 0 0 0
1273.36 0 1 0 0 0 0 0 0 0
1274.18 1 0 0 0 0 0 0 0 0
1275.5 0 1 0 0 0 0 0 0 0
1286.86 1 0 0 0 0 0 0 0 0
1289.38 0 1 0 0 0 0 0 0 0
1290.29 1 0 0 0 0 0 0 0 0
1292.58 0 1 0 0 0 0 0 0 0
1293.14 1 0 0 0 0 0 0 0 0
1295.47 0 1 0 0 0 0 0 0 0
1296.4 1 0 0 0 0 0 0 0 0
1298.76 0 1 0 0 0 0 0 0 0
1300.08 0 0 0 1 0 0 0 0 0
1303.46 0 0 0 0 1 0 0 0 0
1308.85 1 0 0 0 0 0 0 0 0
1311.31 0 1 0 0 0 0 0 0 0
1312.34 1 0 0 0 0 0 0 0 0
1314.22 0 1 0 0 0 0 0 0 0
1315.94 1 0 0 0 0 0 0 0 0
1316.96 0 1 0 0 0 0 0 0 0
1317.46 0 0 0 1 0 0 0 0 0
1319.42 0 0 0 0 1 0 0 0 0
1320.76 1 0 0 0 0 0 0 0 0
1320.9 0 1 0 0 0 0 0 0 0
1321.02 1 0 1 0 0 0 0 0 0
1321.19 0 1 0 0 0 0 0 0 0
1321.27 1 0 0 0 0 0 0 0 0
1321.92 0 1 0 0 0 0 0 0 0
1322.62 1 0 0 0 0 0 0 0 0
1324.07 0 1 0 0 0 0 0 0 0
1324.57 0 0 0 1 0 0 0 0 0
1329.32 0 0 0 0 1 0 0 0 0
1330.21 1 0 0 0 0 0 0 0 0
1333.02 0 1 0 0 0 0 0 0 0
1333.78 0 0 0 1 0 0 0 0 0
1337.16 0 0 0 0 1 0 0 0 0
1338 1 0 0 0 0 0 0 0 0
1339.43 0 1 0 0 0 0 0 0 0
1343.04 1 0 0 0 0 0 0 0 0
1344.35 0 1 0 0 0 0 0 0 0
1344.79 0 0 0 1 0 0 0 0 0
1346.56 0 0 0 0 1 0 0 0 0
1348.39 1 0 0 0 0 0 0 0 0
1350.12 0 1 0 0 0 0 0 0 0
1350.3 0 0 0 1 0 0 0 0 0
1352.86 0 0 0 0 1 0 0 0 0
1354.29 1 0 0 0 0 0 0 0 0
1355.22 0 1 0 0 0 0 0 0 0
1355.57 0 0 0 1 0 0 0 0 0
1357.17 0 0 0 0 1 0 0 0 0
1358.06 1 0 0 0 0 0 0 0 0
1359.63 0 1 0 0 0 0 0 0 0
1361.29 1 0 0 0 0 0 0 0 0
1362.02 0 1 0 0 0 0 0 0 0
1362.69 0 0 0 1 0 0 0 0 0
1367.26 0 0 0 0 1 0 0 0 0
1368.1 1 0 0 0 0 0 0 0 0
1370.75 0 1 0 0 0 0 0 0 0
1371.76 0 0 0 1 0 0 0 0 0
1374.53 0 0 0 0 1 0 0 0 0
1376.16 1 0 0 0 0 0 0 0 0
1378.23 0 1 0 0 0 0 0 0 0
1378.79 0 0 0 1 0 0 0 0 0
1380.91 0 0 0 0 1 0 0 0 0
1382 1 0 0 0 0 0 0 0 0
1383.4 0 1 0 0 0 0 0 0 0
1384.14 0 0 0 1 0 0 0 0 0
1388.99 0 0 0 0 1 0 0 0 0
1392.32 1 0 0 0 0 0 0 0 0
1396.26 0 1 0 0 0 0 0 0 0
1398.14 0 0 0 1 0 0 0 0 0
1399.12 0 0 0 0 1 0 0 0 0
1400.59 1 0 0 0 0 0 0 0 0
1402.43 0 1 0 0 0 0 0 0 0
1403.43 0 0 0 1 0 0 0 0 0
1405 0 0 0 0 1 0 0 0 0
1405.85 0 0 0 1 0 0 0 0 0
1407.45 0 0 0 0 1 0 0 0 0
1408.31 1 0 0 0 0 0 0 0 0
1409.09 0 1 0 0 0 0 0 0 0
1410 1 0 0 0 0 0 0 0 0
1411.85 0 1 0 0 0 0 0 0 0
1412.1 0 0 0 1 0 0 0 0 0
1414.73 0 0 0 0 1 0 0 0 0
1421.66 1 0 0 0 0 0 0 0 0
1422.72 0 1 0 0 0 0 0 0 0
1423.26 0 0 0 1 0 0 0 0 0
1425.06 0 0 0 0 1 0 0 0 0
1425.67 1 0 0 0 0 0 0 0 0
1427.22 0 1 0 0 0 0 0 0 0
1428.54 0 0 0 1 0 0 0 0 0
1430.33 0 0 0 0 1 0 0 0 0
