188.353 0 0 0 0 0 1 0 0 0
188.569 0 0 0 0 0 0 1 0 0
190.115 0 0 0 0 0 1 0 0 0
190.321 0 0 0 0 0 0 1 0 0
395.939 1 0 0 0 0 0 0 0 0
396.424 0 1 0 0 0 0 0 0 0
397.856 1 0 0 0 0 0 0 0 0
398.238 0 1 0 0 0 0 0 0 0
406.133 1 0 0 0 0 0 0 0 0
407.969 0 1 0 0 0 0 0 0 0
415.069 1 0 0 0 0 0 0 0 0
417.666 0 1 0 0 0 0 0 0 0
418.511 1 0 0 0 0 0 0 0 0
419.542 0 1 0 0 0 0 0 0 0
422.933 1 0 0 0 0 0 0 0 0
424.365 0 1 0 0 0 0 0 0 0
425.004 1 0 0 0 0 0 0 0 0
425.984 0 1 0 0 0 0 0 0 0
426.757 1 0 0 0 0 0 0 0 0
427.839 0 1 0 0 0 0 0 0 0
428.942 1 0 0 0 0 0 0 0 0
430.519 0 1 0 0 0 0 0 0 0
432.58 1 0 0 0 0 0 0 0 0
435.074 0 1 0 0 0 0 0 0 0
435.682 1 0 0 0 0 0 0 0 0
436.455 0 1 0 0 0 0 0 0 0
436.992 1 0 0 0 0 0 0 0 0
437.434 0 1 0 0 0 0 0 0 0
437.589 1 0 0 0 0 0 0 0 0
437.764 0 1 0 0 0 0 0 0 0
439.97 1 0 0 0 0 0 0 0 0
440.104 0 1 0 0 0 0 0 0 0
440.197 1 0 1 0 0 0 0 0 0
440.289 0 1 0 0 0 0 0 0 0
451.255 1 0 0 0 0 0 0 0 0
452.245 0 1 0 0 0 0 0 0 0
457.593 1 0 0 0 0 0 0 0 0
457.861 0 1 0 0 0 0 0 0 0
458.294 1 0 0 0 0 0 0 0 0
459.449 0 1 0 0 0 0 0 0 0
473.383 0 0 0 1 0 0 0 0 0
474.733 0 0 0 0 1 0 0 0 0
478.01 0 0 0 1 0 0 0 0 0
486.554 0 0 0 0 1 0 0 0 0
492.718 0 0 0 1 0 0 0 0 0
494.697 0 0 0 0 1 0 0 0 0
497.572 0 0 0 1 0 0 0 0 0
500.179 0 0 0 0 1 0 0 0 0
502.9 0 0 0 1 0 0 0 0 0
511.021 0 0 0 0 1 0 0 0 0
512.465 0 0 0 1 0 0 0 0 0
513.886 0 0 0 0 1 0 0 0 0
516.773 0 0 0 1 0 0 0 0 0
517.968 0 0 0 0 1 0 0 0 0
518.844 0 0 0 1 0 0 0 0 0
521.235 0 0 0 0 1 0 0 0 0
521.761 0 0 0 1 0 0 0 0 0
524.235 0 0 0 0 1 0 0 0 0
524.709 0 0 0 1 0 0 0 0 0
525.821 0 0 0 0 1 0 0 0 0
543.291 0 0 0 1 0 0 0 0 0
545.022 0 0 0 0 1 0 0 0 0
545.703 1 0 0 0 0 0 0 0 0
546.744 0 1 0 0 0 0 0 0 0
548.609 1 0 0 0 0 0 0 0 0
549.784 0 1 0 0 0 0 0 0 0
551.618 0 0 0 1 0 0 0 0 0
554.422 0 0 0 0 1 0 0 0 0
554.916 0 0 0 1 0 0 0 0 0
555.432 0 0 0 0 1 0 0 0 0
556.133 1 0 0 0 0 0 0 0 0
557.7 0 1 0 0 0 0 0 0 0
558.308 1 0 0 0 0 0 0 0 0
559.317 0 1 0 0 0 0 0 0 0
560.791 1 0 0 0 0 0 0 0 0
561.616 0 1 0 0 0 0 0 0 0
569.871 0 0 0 1 0 0 0 0 0
575.375 0 0 0 0 1 0 0 0 0
576.994 1 0 0 0 0 0 0 0 0
579.406 0 1 0 0 0 0 0 0 0
580.323 1 0 0 0 0 0 0 0 0
580.757 0 1 0 0 0 0 0 0 0
581.301 1 0 0 0 0 0 0 0 0
582.332 0 1 0 0 0 0 0 0 0
584.425 1 0 0 0 0 0 0 0 0
585.712 0 1 0 0 0 0 0 0 0
595.628 1 0 0 0 0 0 0 0 0
596.122 0 1 0 0 0 0 0 0 0
596.431 0 0 0 1 0 0 0 0 0
597.143 0 0 0 0 1 0 0 0 0
597.679 0 0 0 1 0 0 0 0 0
598.895 0 0 0 0 1 0 0 0 0
599.595 0 0 0 1 0 0 0 0 0
600.843 0 0 0 0 1 0 0 0 0
603.481 0 0 0 1 0 0 0 0 0
604.615 0 0 0 0 1 0 0 0 0
605.656 0 0 0 1 0 0 0 0 0
607.243 0 0 0 0 1 0 0 0 0
607.696 0 0 0 1 0 0 0 0 0
610.604 0 0 0 0 1 0 0 0 0
611.489 0 0 0 1 0 0 0 0 0
612.252 0 0 0 0 1 0 0 0 0
613.829 1 0 0 0 0 0 0 0 0
614.684 0 1 0 0 0 0 0 0 0
643.255 1 0 0 0 0 0 0 0 0
644.038 0 1 0 0 0 0 0 0 0
644.522 0 0 0 1 0 0 0 0 0
648.943 0 0 0 0 1 0 0 0 0
649.387 0 0 0 1 0 0 0 0 0
651.86 0 0 0 0 1 0 0 0 0
713.732 1 0 0 0 0 0 0 0 0
717.008 0 1 0 0 0 0 0 0 0
717.864 1 0 0 0 0 0 0 0 0
719.76 0 1 0 0 0 0 0 0 0
721.915 1 0 0 0 0 0 0 0 0
725.625 0 1 0 0 0 0 0 0 0
726.501 1 0 0 0 0 0 0 0 0
728.603 0 1 0 0 0 0 0 0 0
729.088 0 0 0 1 0 0 0 0 0
730.788 0 0 0 0 1 0 0 0 0
732.077 0 0 0 1 0 0 0 0 0
733.571 0 0 0 0 1 0 0 0 0
733.953 1 0 0 0 0 0 0 0 0
734.869 0 1 0 0 0 0 0 0 0
737.118 1 0 0 0 0 0 0 0 0
737.518 0 1 0 0 0 0 0 0 0
738.136 1 0 0 0 0 0 0 0 0
738.652 0 1 0 0 0 0 0 0 0
738.971 1 0 0 0 0 0 0 0 0
740.044 0 1 0 0 0 0 0 0 0
740.178 1 0 0 0 0 0 0 0 0
741.435 0 1 0 0 0 0 0 0 0
742.001 1 0 0 0 0 0 0 0 0
742.754 0 1 0 0 0 0 0 0 0
743.981 0 0 0 1 0 0 0 0 0
744.568 0 0 0 0 1 0 0 0 0
745.074 1 0 0 0 0 0 0 0 0
746.279 0 1 0 0 0 0 0 0 0
747.073 1 0 0 0 0 0 0 0 0
747.959 0 1 0 0 0 0 0 0 0
763.862 0 0 0 1 0 0 0 0 0
765.872 0 0 0 0 1 0 0 0 0
766.552 0 0 0 1 0 0 0 0 0
767.954 0 0 0 0 1 0 0 0 0
768.077 0 0 0 1 0 0 0 0 0
769.231 0 0 0 0 1 0 0 0 0
770.334 1 0 0 0 0 0 0 0 0
770.747 0 1 0 0 0 0 0 0 0
770.994 0 0 0 1 0 0 0 0 0
773.271 0 0 0 0 1 0 0 0 0
773.849 0 0 0 1 0 0 0 0 0
776.157 0 0 0 0 1 0 0 0 0
776.827 0 0 0 1 0 0 0 0 0
778.209 0 0 0 0 1 0 0 0 0
779.249 1 0 0 0 0 0 0 0 0
780.269 0 1 0 0 0 0 0 0 0
781.754 1 0 0 0 0 0 0 0 0
782.866 0 1 0 0 0 0 0 0 0
783.351 0 0 0 1 0 0 0 0 0
785.722 0 0 0 0 1 0 0 0 0
786.401 0 0 0 1 0 0 0 0 0
788.422 0 0 0 0 1 0 0 0 0
789.092 1 0 0 0 0 0 0 0 0
790.194 0 1 0 0 0 0 0 0 0
792.565 1 0 0 0 0 0 0 0 0
793.39 0 1 0 0 0 0 0 0 0
823.906 1 0 0 0 0 0 0 0 0
824.165 0 1 0 0 0 0 0 0 0
825.061 0 0 0 1 0 0 0 0 0
826.957 0 0 0 0 1 0 0 0 0
829.224 0 0 0 1 0 0 0 0 0
829.626 0 0 0 0 1 0 0 0 0
845.107 1 0 0 0 0 0 0 0 0
846.56 0 1 0 0 0 0 0 0 0
846.89 1 0 0 0 0 0 0 0 0
847.539 0 1 0 0 0 0 0 0 0
847.756 0 0 0 1 0 0 0 0 0
849.807 0 0 0 0 1 0 0 0 0
854.393 0 0 0 1 0 0 0 0 0
855.63 0 0 0 0 1 0 0 0 0
855.836 1 0 0 0 0 0 0 0 0
857.248 0 1 0 0 0 0 0 0 0
858.144 1 0 0 0 0 0 0 0 0
859.093 0 1 0 0 0 0 0 0 0
861.02 1 0 0 0 0 0 0 0 0
861.629 0 1 0 0 0 0 0 0 0
861.886 0 0 0 1 0 0 0 0 0
865.123 0 0 0 0 1 0 0 0 0
866.823 1 0 0 0 0 0 0 0 0
867.895 0 1 0 0 0 0 0 0 0
868.605 1 0 0 0 0 0 0 0 0
869.275 0 1 0 0 0 0 0 0 0
870.151 1 0 0 0 0 0 0 0 0
870.821 0 1 0 0 0 0 0 0 0
871.481 1 0 0 0 0 0 0 0 0
872.419 0 1 0 0 0 0 0 0 0
873.336 1 0 0 0 0 0 0 0 0
874.738 0 1 0 0 0 0 0 0 0
875.594 1 0 0 0 0 0 0 0 0
876.954 0 1 0 0 0 0 0 0 0
877.758 1 0 0 0 0 0 0 0 0
878.634 0 1 0 0 0 0 0 0 0
879.561 1 0 0 0 0 0 0 0 0
880.242 0 1 0 0 0 0 0 0 0
880.767 1 0 0 0 0 0 0 0 0
884.601 0 1 0 0 0 0 0 0 0
885.911 1 0 0 0 0 0 0 0 0
891.352 0 1 0 0 0 0 0 0 0
892.156 0 0 0 1 0 0 0 0 0
893.682 0 0 0 0 1 0 0 0 0
894.311 1 0 0 0 0 0 0 0 0
895.135 0 1 0 0 0 0 0 0 0
896.516 0 0 0 1 0 0 0 0 0
896.99 0 0 0 0 1 0 0 0 0
1012.46 1 0 0 0 0 0 0 0 0
1013.25 0 1 0 0 0 0 0 0 0
1015.2 1 0 0 0 0 0 0 0 0
1015.29 0 0 0 1 0 0 0 0 0
1015.86 0 0 0 0 1 0 0 0 0
1015.94 0 1 0 0 0 0 0 0 0
1016.24 1 0 0 0 0 0 0 0 0
1016.29 0 0 0 1 0 0 0 0 0
1016.67 0 0 0 0 1 0 0 0 0
1016.69 0 1 0 0 0 0 0 0 0
1016.91 1 0 0 0 0 0 0 0 0
1017.5 0 1 0 0 0 0 0 0 0
1021.21 1 0 0 0 0 0 0 0 0
1021.43 0 0 0 1 0 0 0 0 0
1021.68 0 1 0 0 1 0 0 0 0
1083.97 0 0 0 0 0 1 0 0 0
1085.07 0 0 0 0 0 0 1 0 0
1087.81 0 0 0 0 0 1 0 0 0
1088 0 0 0 0 0 0 1 0 0
1105.73 1 0 0 0 0 0 0 0 0
1106.19 0 1 0 0 0 0 0 0 0
1106.95 1 0 0 0 0 0 0 0 0
1108.15 0 1 0 0 0 0 0 0 0
1109.4 1 0 0 0 0 0 0 0 0
1110.88 0 1 0 0 0 0 0 0 0
1111.58 0 0 0 1 0 0 0 0 0
1113.41 0 0 0 0 1 0 0 0 0
1115.28 1 0 0 0 0 0 0 0 0
1116.15 0 1 0 0 0 0 0 0 0
1118.59 1 0 0 0 0 0 0 0 0
1118.97 0 1 0 0 0 0 0 0 0
1120.4 0 0 0 1 0 0 0 0 0
1121.85 0 0 0 0 1 0 0 0 0
1123.27 1 0 0 0 0 0 0 0 0
1123.72 0 1 0 0 0 0 0 0 0
1124.09 0 0 0 1 0 0 0 0 0
1124.95 0 0 0 0 1 0 0 0 0
1125.64 1 0 0 0 0 0 0 0 0
1127.04 0 1 0 0 0 0 0 0 0
1128.06 0 0 0 1 0 0 0 0 0
1129.89 0 0 0 0 1 0 0 0 0
1132.31 1 0 0 0 0 0 0 0 0
1133.19 0 1 0 0 0 0 0 0 0
1135.03 1 0 0 0 0 0 0 0 0
1135.74 0 1 0 0 0 0 0 0 0
1136.34 0 0 0 1 0 0 0 0 0
1138.28 0 0 0 0 1 0 0 0 0
1139.41 1 0 0 0 0 0 0 0 0
1139.63 0 1 0 0 0 0 0 0 0
1142.15 1 0 0 0 0 0 0 0 0
1142.57 0 1 0 0 0 0 0 0 0
1146.57 0 0 0 1 0 0 0 0 0
1147.32 0 0 0 0 1 0 0 0 0
1162.1 0 0 0 1 0 0 0 0 0
1164.14 0 0 0 0 1 0 0 0 0
1164.7 0 0 0 1 0 0 0 0 0
1167.72 0 0 0 0 1 0 0 0 0
1168.85 0 0 0 1 0 0 0 0 0
1171.19 0 0 0 0 1 0 0 0 0
1171.86 1 0 0 0 0 0 0 0 0
1172.98 0 1 0 0 0 0 0 0 0
1173.36 0 0 0 1 0 0 0 0 0
1175.95 0 0 0 0 1 0 0 0 0
1176.7 1 0 0 0 0 0 0 0 0
1178.28 0 1 0 0 0 0 0 0 0
1178.52 0 0 0 1 0 0 0 0 0
1180.06 0 0 0 0 1 0 0 0 0
1181.71 0 0 0 1 0 0 0 0 0
1185.23 0 0 0 0 1 0 0 0 0
1185.81 0 0 0 1 0 0 0 0 0
1186.85 0 0 0 0 1 0 0 0 0
1187.37 0 0 0 1 0 0 0 0 0
1188.46 0 0 0 0 1 0 0 0 0
1195.21 0 0 0 1 0 0 0 0 0
1197.19 0 0 0 0 1 0 0 0 0
1198.47 1 0 0 0 0 0 0 0 0
1199.94 0 1 0 0 0 0 0 0 0
1200.69 0 0 0 1 0 0 0 0 0
1202.23 0 0 0 0 1 0 0 0 0
1202.62 0 0 0 1 0 0 0 0 0
1204.21 0 0 0 0 1 0 0 0 0
1204.57 0 0 0 1 0 0 0 0 0
1206.63 0 0 0 0 1 0 0 0 0
1237.58 1 0 0 0 0 0 0 0 0
1238.57 0 1 0 0 0 0 0 0 0
1239.05 1 0 0 0 0 0 0 0 0
1240.61 0 1 0 0 0 0 0 0 0
1241.12 0 0 0 1 0 0 0 0 0
1241.66 0 0 0 0 1 0 0 0 0
1242.02 0 0 0 1 0 0 0 0 0
1244.78 0 0 0 0 1 0 0 0 0
1245.7 1 0 0 0 0 0 0 0 0
1247.07 0 1 0 0 0 0 0 0 0
1247.78 1 0 0 0 0 0 0 0 0
1248.32 0 1 0 0 0 0 0 0 0
1249.05 1 0 0 0 0 0 0 0 0
1250.15 0 1 0 0 0 0 0 0 0
1250.82 1 0 0 0 0 0 0 0 0
1251.9 0 1 0 0 0 0 0 0 0
1252.32 1 0 0 0 0 0 0 0 0
1253.84 0 1 0 0 0 0 0 0 0
1254.51 1 0 0 0 0 0 0 0 0
1255.58 0 1 0 0 0 0 0 0 0
1256.42 1 0 0 0 0 0 0 0 0
1257.26 0 1 0 0 0 0 0 0 0
1257.95 1 0 0 0 0 0 0 0 0
1258.88 0 1 0 0 0 0 0 0 0
1259.61 1 0 0 0 0 0 0 0 0
1260.52 0 1 0 0 0 0 0 0 0
1260.78 0 0 0 1 0 0 0 0 0
1261.44 0 0 0 0 1 0 0 0 0
1261.62 0 0 0 1 0 0 0 0 0
1264.06 0 0 0 0 1 0 0 0 0
1265.33 0 0 0 1 0 0 0 0 0
1265.84 0 0 0 0 1 0 0 0 0
1266.56 0 0 0 1 0 0 0 0 0
1267.11 0 0 0 0 1 0 0 0 0
1267.33 1 0 0 0 0 0 0 0 0
1268.26 0 1 0 0 0 0 0 0 0
1268.64 1 0 0 0 0 0 0 0 0
1269.28 0 1 0 0 0 0 0 0 0
1269.83 1 0 0 0 0 0 0 0 0
1270.63 0 1 0 0 0 0 0 0 0
1271.68 1 0 0 0 0 0 0 0 0
1271.75 0 1 0 0 0 0 0 0 0
1271.83 0 0 0 1 0 0 0 0 0
1271.93 0 0 0 0 1 0 0 0 0
1272.02 0 0 0 1 0 0 0 0 0
1273.29 0 0 0 0 1 0 0 0 0
1275.38 0 0 0 1 0 0 0 0 0
1275.8 0 0 0 0 1 0 0 0 0
1277.16 0 0 0 1 0 0 0 0 0
1277.33 0 0 0 0 1 0 0 0 0
1278.22 0 0 0 1 0 0 0 0 0
1278.8 0 0 0 0 1 0 0 0 0
1288.47 1 0 0 0 0 0 0 0 0
1289.61 0 1 0 0 0 0 0 0 0
1290.62 1 0 0 0 0 0 0 0 0
1291.9 0 1 0 0 0 0 0 0 0
1292.2 1 0 0 0 0 0 0 0 0
1293.52 0 1 0 0 0 0 0 0 0
1293.77 0 0 0 1 0 0 0 0 0
1296.55 0 0 0 0 1 0 0 0 0
1296.95 1 0 0 0 0 0 0 0 0
1297.97 0 1 0 0 0 0 0 0 0
1298.49 1 0 0 0 0 0 0 0 0
1299.64 0 1 0 0 0 0 0 0 0
1299.99 1 0 0 0 0 0 0 0 0
1300.79 0 1 0 0 0 0 0 0 0
1300.97 0 0 0 1 0 0 0 0 0
1302.62 0 0 0 0 1 0 0 0 0
1302.82 1 0 0 0 0 0 0 0 0
1303.85 0 1 0 0 0 0 0 0 0
1304.23 1 0 0 0 0 0 0 0 0
1310.83 0 1 0 0 0 0 0 0 0
1310.98 1 0 0 0 0 0 0 0 0
1311.64 0 1 0 0 0 0 0 0 0
1312.09 0 0 0 1 0 0 0 0 0
1314.06 0 0 0 0 1 0 0 0 0
1314.37 1 0 0 0 0 0 0 0 0
1315.85 0 1 0 0 0 0 0 0 0
1316.13 1 0 0 0 0 0 0 0 0
1316.89 0 1 0 0 0 0 0 0 0
1317.08 1 0 0 0 0 0 0 0 0
1317.7 0 1 0 0 0 0 0 0 0
1318.48 1 0 0 0 0 0 0 0 0
1319.09 0 1 0 0 0 0 0 0 0
1319.28 1 0 0 0 0 0 0 0 0
1320.19 0 1 0 0 0 0 0 0 0
1320.92 1 0 0 0 0 0 0 0 0
1321.72 0 1 0 0 0 0 0 0 0
1322.16 1 0 0 0 0 0 0 0 0
1330.92 0 1 0 0 0 0 0 0 0
1332.25 0 0 0 1 0 0 0 0 0
1334.23 0 0 0 0 1 0 0 0 0
1335.48 1 0 0 0 0 0 0 0 0
1335.69 0 1 0 0 0 0 0 0 0
1336.4 0 0 0 1 0 0 0 0 0
1338.08 0 0 0 0 1 0 0 0 0
1338.54 0 0 0 1 0 0 0 0 0
1339.1 0 0 0 0 1 0 0 0 0
1339.56 0 0 0 1 0 0 0 0 0
1340.74 0 0 0 0 1 0 0 0 0
1340.96 0 0 0 1 0 0 0 0 0
1341.58 0 0 0 0 1 0 0 0 0
1342.94 1 0 0 0 0 0 0 0 0
1344.45 0 1 0 0 0 0 0 0 0
1344.63 1 0 0 0 0 0 0 0 0
1348.05 0 1 0 0 0 0 0 0 0
