11.1527 0 0 0 1 0 0 0 0 0
12.3315 0 0 0 0 1 0 0 0 0
14.8358 0 0 0 1 0 0 0 0 0
16.5774 0 0 0 0 1 0 0 0 0
17.5661 0 0 0 0 0 1 0 0 0
18.3909 0 0 0 0 0 0 1 0 0
23.5226 0 0 0 0 0 1 0 0 0
24.6772 0 0 0 0 0 0 1 0 0
26.0998 0 0 0 0 0 1 0 0 0
27.6764 0 0 0 0 0 0 1 0 0
37.6117 0 0 0 0 0 1 0 0 0
37.9926 0 0 0 0 0 0 1 0 0
39.2703 0 0 0 0 0 1 0 0 0
39.9301 0 0 0 0 0 0 1 0 0
43.3312 0 0 0 0 0 1 0 0 0
44.5069 0 0 0 0 0 0 1 0 0
45.9795 0 0 0 0 0 1 0 0 0
47.0611 0 0 0 0 0 0 1 0 0
72.3424 0 0 0 1 0 0 0 0 0
74.2279 0 0 0 0 1 0 0 0 0
75.0527 1 0 0 0 0 0 0 0 0
75.1656 0 1 0 0 0 0 0 0 0
75.4336 1 0 1 0 0 0 0 0 0
76.0104 0 1 0 0 0 0 0 0 0
76.7423 1 0 0 0 0 0 0 0 0
78.1449 0 1 0 0 0 0 0 0 0
80.4112 1 0 0 0 0 0 0 0 0
80.6282 0 1 0 0 0 0 0 0 0
80.8141 1 0 1 0 0 0 0 0 0
81.432 0 1 0 0 0 0 0 0 0
81.7719 1 0 0 0 0 0 0 0 0
82.8226 0 1 0 0 0 0 0 0 0
83.3905 1 0 0 0 0 0 0 0 0
84.2863 0 1 0 0 0 0 0 0 0
84.977 1 0 0 0 0 0 0 0 0
85.9558 0 1 0 0 0 0 0 0 0
86.2647 0 0 0 1 0 0 0 0 0
87.9242 0 0 0 0 1 0 0 0 0
90.3456 0 0 0 1 0 0 0 0 0
91.3973 0 0 0 0 1 0 0 0 0
94.0976 0 0 0 1 0 0 0 0 0
95.1273 0 0 0 0 1 0 0 0 0
97.3537 0 0 0 1 0 0 0 0 0
98.5594 0 0 0 0 1 0 0 0 0
98.8893 1 0 0 0 0 0 0 0 0
99.4461 0 1 0 0 0 0 0 0 0
99.6831 0 0 0 1 0 0 0 0 0
101.92 0 0 0 0 1 0 0 0 0
102.321 1 0 0 0 0 0 0 0 0
103.166 0 1 0 0 0 0 0 0 0
104.156 1 0 0 0 0 0 0 0 0
105.218 0 1 0 0 0 0 0 0 0
105.712 1 0 0 0 0 0 0 0 0
106.526 0 1 0 0 0 0 0 0 0
107.423 1 0 0 0 0 0 0 0 0
107.948 0 1 0 0 0 0 0 0 0
108.95 1 0 0 0 0 0 0 0 0
109.773 0 1 0 0 0 0 0 0 0
109.999 0 0 0 1 0 0 0 0 0
111.473 0 0 0 0 1 0 0 0 0
112.391 0 0 0 1 0 0 0 0 0
114.276 0 0 0 0 1 0 0 0 0
114.73 1 0 0 0 0 0 0 0 0
115.906 0 1 0 0 0 0 0 0 0
116.812 1 0 0 0 0 0 0 0 0
117.987 0 1 0 0 0 0 0 0 0
118.39 1 0 0 0 0 0 0 0 0
119.327 0 1 0 0 0 0 0 0 0
120.337 1 0 0 0 0 0 0 0 0
121.676 0 1 0 0 0 0 0 0 0
122.542 0 0 0 0 0 1 0 0 0
123.738 0 0 0 0 0 0 1 0 0
125.943 0 0 0 0 0 1 0 0 0
127.118 0 0 0 0 0 0 1 0 0
128.757 0 0 0 0 0 1 0 0 0
130.138 0 0 0 0 0 0 1 0 0
156.026 0 0 0 1 0 0 0 0 0
156.737 0 0 0 0 1 0 0 0 0
157.273 0 0 0 1 0 0 0 0 0
158.798 0 0 0 0 1 0 0 0 0
159.55 1 0 0 0 0 0 0 0 0
160.004 0 1 0 0 0 0 0 0 0
162.559 0 0 0 1 0 0 0 0 0
163.848 0 0 0 0 1 0 0 0 0
164.24 1 0 0 0 0 0 0 0 0
165.095 0 1 0 0 0 0 0 0 0
165.805 1 0 0 0 0 0 0 0 0
166.754 0 1 0 0 0 0 0 0 0
167.661 1 0 0 0 0 0 0 0 0
168.537 0 1 0 0 0 0 0 0 0
168.95 1 0 0 0 0 0 0 0 0
169.917 0 1 0 0 0 0 0 0 0
170.124 0 0 0 1 0 0 0 0 0
174.565 0 0 0 0 1 0 0 0 0
175.276 0 0 0 1 0 0 0 0 0
176.718 0 0 0 0 1 0 0 0 0
177.069 0 0 0 1 0 0 0 0 0
179.12 0 0 0 0 1 0 0 0 0
179.46 1 0 0 0 0 0 0 0 0
181.397 0 1 0 0 0 0 0 0 0
182.82 1 0 0 0 0 0 0 0 0
183.397 0 1 0 0 0 0 0 0 0
183.614 0 0 0 1 0 0 0 0 0
190.075 0 0 0 0 1 0 0 0 0
190.673 1 0 0 0 0 0 0 0 0
192.249 0 1 0 0 0 0 0 0 0
192.631 0 0 0 1 0 0 0 0 0
194.321 0 0 0 0 1 0 0 0 0
194.661 0 0 0 1 0 0 0 0 0
195.897 0 0 0 0 1 0 0 0 0
196.299 0 0 0 1 0 0 0 0 0
198.587 0 0 0 0 1 0 0 0 0
199.7 0 0 0 1 0 0 0 0 0
202.061 0 0 0 0 1 0 0 0 0
203.245 1 0 0 0 0 0 0 0 0
203.865 0 1 0 0 0 0 0 0 0
205.42 0 0 0 1 0 0 0 0 0
206.276 0 0 0 0 1 0 0 0 0
206.502 0 0 0 1 0 0 0 0 0
209.573 0 0 0 0 1 0 0 0 0
210.201 1 0 0 0 0 0 0 0 0
213.428 0 1 0 0 0 0 0 0 0
214.066 0 0 0 1 0 0 0 0 0
216.746 0 0 0 0 1 0 0 0 0
217.683 1 0 0 0 0 0 0 0 0
218.972 0 1 0 0 0 0 0 0 0
219.457 1 0 0 0 0 0 0 0 0
220.652 0 1 0 0 0 0 0 0 0
221.806 1 0 0 0 0 0 0 0 0
222.703 0 1 0 0 0 0 0 0 0
223.218 1 0 0 0 0 0 0 0 0
224.95 0 1 0 0 0 0 0 0 0
225.105 0 0 0 1 0 0 0 0 0
227.99 0 0 0 0 1 0 0 0 0
230.03 0 0 0 1 0 0 0 0 0
231.287 0 0 0 0 1 0 0 0 0
231.679 1 0 0 0 0 0 0 0 0
232.822 0 1 0 0 0 0 0 0 0
233.224 1 0 0 0 0 0 0 0 0
234.781 0 1 0 0 0 0 0 0 0
235.564 1 0 0 0 0 0 0 0 0
236.976 0 1 0 0 0 0 0 0 0
237.666 1 0 0 0 0 0 0 0 0
239.388 0 1 0 0 0 0 0 0 0
240.438 1 0 0 0 0 0 0 0 0
241.861 0 1 0 0 0 0 0 0 0
242.644 0 0 0 0 0 1 0 0 0
243.87 0 0 0 0 0 0 1 0 0
251.013 0 0 0 0 0 1 0 0 0
251.157 0 0 0 0 0 0 1 0 0
275.313 1 0 0 0 0 0 0 0 0
275.952 0 1 0 0 0 0 0 0 0
277.303 1 0 0 0 0 0 0 0 0
277.9 0 1 0 0 0 0 0 0 0
284.456 1 0 0 0 0 0 0 0 0
285.753 0 1 0 0 0 0 0 0 0
290.69 1 0 0 0 0 0 0 0 0
291.896 0 1 0 0 0 0 0 0 0
292.02 0 0 0 1 0 0 0 0 0
292.905 0 0 0 0 1 0 0 0 0
292.946 0 0 0 1 0 0 0 0 0
294.142 0 0 0 0 1 0 0 0 0
295.441 1 0 0 0 0 0 0 0 0
296.09 0 1 0 0 0 0 0 0 0
296.275 0 0 0 1 0 0 0 0 0
297.759 0 0 0 0 1 0 0 0 0
298.306 0 0 0 1 0 0 0 0 0
301.407 0 0 0 0 1 0 0 0 0
302.067 1 0 0 0 0 0 0 0 0
304.158 0 1 0 0 0 0 0 0 0
305.324 1 0 0 0 0 0 0 0 0
307.663 0 1 0 0 0 0 0 0 0
308.58 1 0 0 0 0 0 0 0 0
310.003 0 1 0 0 0 0 0 0 0
311.063 1 0 0 0 0 0 0 0 0
312.578 0 1 0 0 0 0 0 0 0
313.599 1 0 0 0 0 0 0 0 0
314.609 0 1 0 0 0 0 0 0 0
314.928 0 0 0 1 0 0 0 0 0
316.237 0 0 0 0 1 0 0 0 0
316.505 1 0 0 0 0 0 0 0 0
317.01 0 1 0 0 0 0 0 0 0
317.443 0 0 0 1 0 0 0 0 0
321.556 0 0 0 0 1 0 0 0 0
322.193 0 0 0 1 0 0 0 0 0
323.06 0 0 0 0 1 0 0 0 0
324.76 0 0 0 1 0 0 0 0 0
326.954 0 0 0 0 1 0 0 0 0
327.13 1 0 0 0 0 0 0 0 0
327.872 0 1 0 0 0 0 0 0 0
328.779 1 0 0 0 0 0 0 0 0
329.747 0 1 0 0 0 0 0 0 0
330.108 0 0 0 1 0 0 0 0 0
332.427 0 0 0 0 1 0 0 0 0
334.292 0 0 0 1 0 0 0 0 0
336.745 0 0 0 0 1 0 0 0 0
338.198 0 0 0 1 0 0 0 0 0
338.991 0 0 0 0 1 0 0 0 0
339.579 1 0 0 0 0 0 0 0 0
340.713 0 1 0 0 0 0 0 0 0
342.516 0 0 0 1 0 0 0 0 0
345.958 0 0 0 0 1 0 0 0 0
346.669 0 0 0 1 0 0 0 0 0
349.791 0 0 0 0 1 0 0 0 0
350.162 1 0 0 0 0 0 0 0 0
350.74 0 1 0 0 0 0 0 0 0
359.448 1 0 0 0 0 0 0 0 0
360.426 0 1 0 0 0 0 0 0 0
