2.68967 0 0 0 0 0 1 0 0 0
4.21425 0 0 0 0 0 0 1 0 0
7.58441 0 0 0 0 0 1 0 0 0
8.59409 0 0 0 0 0 0 1 0 0
27.3922 1 0 0 0 0 0 0 0 0
28.279 0 1 0 0 0 0 0 0 0
28.6599 1 0 0 0 0 0 0 0 0
29.3607 0 1 0 0 0 0 0 0 0
29.6796 0 0 0 1 0 0 0 0 0
30.8653 0 0 0 0 1 0 0 0 0
31.6791 1 0 0 0 0 0 0 0 0
32.5968 0 1 0 0 0 0 0 0 0
33.1117 1 0 0 0 0 0 0 0 0
33.9775 0 1 0 0 0 0 0 0 0
34.3494 0 0 0 1 0 0 0 0 0
35.0502 0 0 0 0 1 0 0 0 0
38.2244 0 0 0 1 0 0 0 0 0
39.3991 0 0 0 0 1 0 0 0 0
40.4807 0 0 0 1 0 0 0 0 0
41.7284 0 0 0 0 1 0 0 0 0
42.2433 1 0 0 0 0 0 0 0 0
42.9441 0 1 0 0 0 0 0 0 0
43.366 0 0 0 1 0 0 0 0 0
44.4387 0 0 0 0 1 0 0 0 0
45.6554 0 0 0 1 0 0 0 0 0
47.3759 0 0 0 0 1 0 0 0 0
47.8188 1 0 0 0 0 0 0 0 0
48.7356 0 1 0 0 0 0 0 0 0
49.2305 1 0 0 0 0 0 0 0 0
49.9112 0 1 0 0 0 0 0 0 0
50.1582 0 0 0 1 0 0 0 0 0
50.911 0 0 0 0 1 0 0 0 0
51.1679 0 0 0 1 0 0 0 0 0
52.0437 0 0 0 0 1 0 0 0 0
53.0954 1 0 0 0 0 0 0 0 0
53.6513 0 1 0 0 0 0 0 0 0
54.3321 1 0 0 0 0 0 0 0 0
54.817 0 1 0 0 0 0 0 0 0
55.0739 0 0 0 1 0 0 0 0 0
56.8984 0 0 0 0 1 0 0 0 0
58.5061 1 0 0 0 0 0 0 0 0
58.9809 0 1 0 0 0 0 0 0 0
60.6915 1 0 0 0 0 0 0 0 0
61.8042 0 1 0 0 0 0 0 0 0
61.9591 1 0 0 0 0 0 0 0 0
62.464 0 1 0 0 0 0 0 0 0
62.8239 0 0 0 1 0 0 0 0 0
63.8956 0 0 0 0 1 0 0 0 0
64.6274 1 0 0 0 0 0 0 0 0
65.3703 0 1 0 0 0 0 0 0 0
65.8031 1 0 0 0 0 0 0 0 0
66.6169 0 1 0 0 0 0 0 0 0
67.4107 1 0 0 0 0 0 0 0 0
68.3075 0 1 0 0 0 0 0 0 0
68.8013 1 0 0 0 0 0 0 0 0
69.4412 0 1 0 0 0 0 0 0 0
70.286 1 0 0 0 0 0 0 0 0
70.9458 0 1 0 0 0 0 0 0 0
72.1205 0 0 0 1 0 0 0 0 0
74.5009 0 0 0 0 1 0 0 0 0
75.2017 0 0 0 1 0 0 0 0 0
76.7992 0 0 0 0 1 0 0 0 0
77.2942 1 0 0 0 0 0 0 0 0
78.18 0 1 0 0 0 0 0 0 0
79.0147 1 0 0 0 0 0 0 0 0
79.9324 0 1 0 0 0 0 0 0 0
80.6532 1 0 0 0 0 0 0 0 0
81.3441 0 1 0 0 0 0 0 0 0
81.9209 1 0 0 0 0 0 0 0 0
82.9926 0 1 0 0 0 0 0 0 0
84.0644 0 0 0 1 0 0 0 0 0
84.3833 0 0 0 0 1 0 0 0 0
85.3011 1 0 0 0 0 0 0 0 0
86.5787 0 1 0 0 0 0 0 0 0
87.2386 1 0 0 0 0 0 0 0 0
88.7532 0 1 0 0 0 0 0 0 0
89.3101 1 0 0 0 0 0 0 0 0
90.2578 0 1 0 0 0 0 0 0 0
93.5149 1 0 0 0 0 0 0 0 0
94.4108 0 1 0 0 0 0 0 0 0
95.2975 0 0 0 1 0 0 0 0 0
96.2972 0 0 0 0 1 0 0 0 0
96.7301 1 0 0 0 0 0 0 0 0
97.4309 0 1 0 0 0 0 0 0 0
99.2035 1 0 0 0 0 0 0 0 0
99.9662 0 1 0 0 0 0 0 0 0
101.378 0 0 0 1 0 0 0 0 0
102.522 0 0 0 0 1 0 0 0 0
105.408 1 0 0 0 0 0 0 0 0
106.438 0 1 0 0 0 0 0 0 0
106.583 1 0 0 0 0 0 0 0 0
107.654 0 1 0 0 0 0 0 0 0
107.953 0 0 0 1 0 0 0 0 0
108.798 0 0 0 0 1 0 0 0 0
109.334 1 0 0 0 0 0 0 0 0
111.282 0 1 0 0 0 0 0 0 0
112.457 0 0 0 1 0 0 0 0 0
113.673 0 0 0 0 1 0 0 0 0
114.158 1 0 0 0 0 0 0 0 0
114.909 0 1 0 0 0 0 0 0 0
115.167 0 0 0 1 0 0 0 0 0
117.352 0 0 0 0 1 0 0 0 0
117.744 1 0 0 0 0 0 0 0 0
118.64 0 1 0 0 0 0 0 0 0
119.196 1 0 0 0 0 0 0 0 0
119.928 0 1 0 0 0 0 0 0 0
121.69 0 0 0 0 0 1 0 0 0
122.371 0 0 0 0 0 0 1 0 0
128.596 0 0 0 0 0 1 0 0 0
129.204 0 0 0 0 0 0 1 0 0
165.614 1 0 0 0 0 0 0 0 0
166.697 0 1 0 0 0 0 0 0 0
169.448 0 0 0 1 0 0 0 0 0
170.139 0 0 0 0 1 0 0 0 0
170.869 1 0 0 0 0 0 0 0 0
171.53 0 1 0 0 0 0 0 0 0
172.169 1 0 0 0 0 0 0 0 0
173.148 0 1 0 0 0 0 0 0 0
173.375 0 0 0 1 0 0 0 0 0
175.239 0 0 0 0 1 0 0 0 0
176.105 1 0 0 0 0 0 0 0 0
176.363 0 1 0 0 0 0 0 0 0
177.579 0 0 0 1 0 0 0 0 0
178.805 0 0 0 0 1 0 0 0 0
179.094 1 0 0 0 0 0 0 0 0
180.084 0 1 0 0 0 0 0 0 0
180.331 1 0 0 0 0 0 0 0 0
181.217 0 1 0 0 0 0 0 0 0
181.764 0 0 0 1 0 0 0 0 0
183.577 0 0 0 0 1 0 0 0 0
184.051 1 0 0 0 0 0 0 0 0
184.959 0 1 0 0 0 0 0 0 0
185.34 0 0 0 1 0 0 0 0 0
187.174 0 0 0 0 1 0 0 0 0
187.751 1 0 0 0 0 0 0 0 0
188.287 0 1 0 0 0 0 0 0 0
188.844 0 0 0 1 0 0 0 0 0
190.441 0 0 0 0 1 0 0 0 0
190.791 1 0 0 0 0 0 0 0 0
191.946 0 1 0 0 0 0 0 0 0
193.841 0 0 0 1 0 0 0 0 0
194.109 0 0 0 0 1 0 0 0 0
194.48 0 0 0 1 0 0 0 0 0
196.037 0 0 0 0 1 0 0 0 0
196.46 1 0 0 0 0 0 0 0 0
197.83 0 1 0 0 0 0 0 0 0
198.51 0 0 0 1 0 0 0 0 0
199.056 0 0 0 0 1 0 0 0 0
199.479 0 0 0 1 0 0 0 0 0
199.85 0 0 0 0 1 0 0 0 0
200.159 1 0 0 0 0 0 0 0 0
201.529 0 1 0 0 0 0 0 0 0
204.734 1 0 0 0 0 0 0 0 0
204.992 0 1 0 0 0 0 0 0 0
205.435 0 0 0 1 0 0 0 0 0
206.662 0 0 0 0 1 0 0 0 0
206.703 1 0 0 0 0 0 0 0 0
206.899 0 1 0 0 0 0 0 0 0
207.146 1 0 1 0 0 0 0 0 0
209.031 0 1 0 0 0 0 0 0 0
209.351 0 0 0 1 0 0 0 0 0
211.443 0 0 0 0 1 0 0 0 0
212.927 0 0 0 1 0 0 0 0 0
213.618 0 0 0 0 1 0 0 0 0
214.452 1 0 0 0 0 0 0 0 0
215.411 0 1 0 0 0 0 0 0 0
216.545 0 0 0 1 0 0 0 0 0
218.307 0 0 0 0 1 0 0 0 0
219.183 1 0 0 0 0 0 0 0 0
221.367 0 1 0 0 0 0 0 0 0
221.811 0 0 0 1 0 0 0 0 0
223.82 0 0 0 0 1 0 0 0 0
224.129 1 0 0 0 0 0 0 0 0
224.933 0 1 0 0 0 0 0 0 0
225.17 0 0 0 1 0 0 0 0 0
226.366 0 0 0 0 1 0 0 0 0
226.696 0 0 0 1 0 0 0 0 0
227.457 0 0 0 0 1 0 0 0 0
227.963 1 0 0 0 0 0 0 0 0
228.809 0 1 0 0 0 0 0 0 0
228.953 1 0 0 0 0 0 0 0 0
229.2 0 1 0 0 0 0 0 0 0
229.54 0 0 0 1 0 0 0 0 0
231.271 0 0 0 0 1 0 0 0 0
231.488 1 0 0 0 0 0 0 0 0
232.818 0 1 0 0 0 0 0 0 0
233.126 0 0 0 1 0 0 0 0 0
235.868 0 0 0 0 1 0 0 0 0
235.961 0 0 0 1 0 0 0 0 0
236.022 0 0 0 0 1 0 0 0 0
236.064 0 0 0 1 0 0 0 0 0
236.095 0 0 0 0 1 0 0 0 0
236.404 0 0 0 1 0 0 0 0 0
236.6 0 0 0 0 1 0 0 0 0
236.816 1 0 0 0 0 0 0 0 0
237.816 0 1 0 0 0 0 0 0 0
238.352 0 0 0 1 0 0 0 0 0
239.558 0 0 0 0 1 0 0 0 0
240.063 1 0 0 0 0 0 0 0 0
240.65 0 1 0 0 0 0 0 0 0
240.98 0 0 0 1 0 0 0 0 0
241.228 0 0 0 0 1 0 0 0 0
241.691 0 0 0 0 0 1 0 0 0
242.752 0 0 0 0 0 0 1 0 0
246.05 0 0 0 0 0 1 0 0 0
246.669 0 0 0 0 0 0 1 0 0
248.617 0 0 0 0 0 1 0 0 0
249.834 0 0 0 0 0 0 1 0 0
257.469 0 0 0 0 0 1 0 0 0
257.604 0 0 0 0 0 0 1 0 0
266.106 0 0 0 0 0 1 0 0 0
266.281 0 0 0 0 0 0 1 0 0
285.141 0 0 0 1 0 0 0 0 0
286.121 0 0 0 0 1 0 0 0 0
288.8 1 0 0 0 0 0 0 0 0
289.501 0 1 0 0 0 0 0 0 0
290.016 1 0 0 0 0 0 0 0 0
290.934 0 1 0 0 0 0 0 0 0
291.551 0 0 0 1 0 0 0 0 0
292.53 0 0 0 0 1 0 0 0 0
293.098 1 0 0 0 0 0 0 0 0
294.293 0 1 0 0 0 0 0 0 0
294.828 1 0 0 0 0 0 0 0 0
295.663 0 1 0 0 0 0 0 0 0
295.9 0 0 0 1 0 0 0 0 0
297.065 0 0 0 0 1 0 0 0 0
299.156 1 0 0 0 0 0 0 0 0
299.858 0 1 0 0 0 0 0 0 0
309.607 1 0 0 0 0 0 0 0 0
310.359 0 1 0 0 0 0 0 0 0
316.553 0 0 0 1 0 0 0 0 0
317.624 0 0 0 0 1 0 0 0 0
318.005 1 0 0 0 0 0 0 0 0
318.768 0 1 0 0 0 0 0 0 0
319.264 1 0 0 0 0 0 0 0 0
320.284 0 1 0 0 0 0 0 0 0
320.882 1 0 0 0 0 0 0 0 0
321.592 0 1 0 0 0 0 0 0 0
321.911 0 0 0 1 0 0 0 0 0
323.304 0 0 0 0 1 0 0 0 0
323.932 1 0 0 0 0 0 0 0 0
325.302 0 1 0 0 0 0 0 0 0
325.838 0 0 0 1 0 0 0 0 0
327.075 0 0 0 0 1 0 0 0 0
327.478 1 0 0 0 0 0 0 0 0
328.353 0 1 0 0 0 0 0 0 0
329.239 1 0 0 0 0 0 0 0 0
330.094 0 1 0 0 0 0 0 0 0
330.373 0 0 0 1 0 0 0 0 0
332.32 0 0 0 0 1 0 0 0 0
333.083 0 0 0 1 0 0 0 0 0
333.794 0 0 0 0 1 0 0 0 0
334.165 1 0 0 0 0 0 0 0 0
334.598 0 1 0 0 0 0 0 0 0
334.856 0 0 0 1 0 0 0 0 0
336.124 0 0 0 0 1 0 0 0 0
336.576 1 0 0 0 0 0 0 0 0
337.174 0 1 0 0 0 0 0 0 0
337.514 1 0 0 0 0 0 0 0 0
338.628 0 1 0 0 0 0 0 0 0
339.071 0 0 0 1 0 0 0 0 0
340.4 0 0 0 0 1 0 0 0 0
341.039 0 0 0 1 0 0 0 0 0
343.677 0 0 0 0 1 0 0 0 0
344.46 0 0 0 1 0 0 0 0 0
345.893 0 0 0 0 1 0 0 0 0
346.749 1 0 0 0 0 0 0 0 0
348.211 0 1 0 0 0 0 0 0 0
349.283 0 0 0 1 0 0 0 0 0
350.592 0 0 0 0 1 0 0 0 0
