3.92054 0 0 0 0 0 1 0 0 0
4.74532 0 0 0 0 0 0 1 0 0
26.3656 1 0 0 0 0 0 0 0 0
27.6023 0 1 0 0 0 0 0 0 0
27.9732 1 0 0 0 0 0 0 0 0
28.9839 0 1 0 0 0 0 0 0 0
29.3129 1 0 0 0 0 0 0 0 0
30.0136 0 1 0 0 0 0 0 0 0
31.2403 0 0 0 1 0 0 0 0 0
33.4357 0 0 0 0 1 0 0 0 0
35.0843 1 0 0 0 0 0 0 0 0
35.7231 0 1 0 0 0 0 0 0 0
36.105 0 0 0 1 0 0 0 0 0
37.4026 0 0 0 0 1 0 0 0 0
38.2994 1 0 0 0 0 0 0 0 0
39.0742 0 1 0 0 0 0 0 0 0
40.5359 0 0 0 1 0 0 0 0 0
41.1647 0 0 0 0 1 0 0 0 0
46.0084 1 0 0 0 0 0 0 0 0
46.7402 0 1 0 0 0 0 0 0 0
47.1941 0 0 0 1 0 0 0 0 0
48.6566 0 0 0 0 1 0 0 0 0
49.0586 1 0 0 0 0 0 0 0 0
49.5434 0 1 0 0 0 0 0 0 0
50.4602 1 0 0 0 0 0 0 0 0
51.6249 0 1 0 0 0 0 0 0 0
52.9435 1 0 0 0 0 0 0 0 0
53.9853 0 1 0 0 0 0 0 0 0
54.7791 1 0 0 0 0 0 0 0 0
57.0364 0 1 0 0 0 0 0 0 0
57.2213 0 0 0 1 0 0 0 0 0
57.8192 0 0 0 0 1 0 0 0 0
58.2621 0 0 0 1 0 0 0 0 0
58.541 0 0 0 0 1 0 0 0 0
58.8909 1 0 0 0 0 0 0 0 0
59.6737 0 1 0 0 0 0 0 0 0
60.0136 1 0 0 0 0 0 0 0 0
61.0863 0 1 0 0 0 0 0 0 0
62.23 0 0 0 1 0 0 0 0 0
63.1368 0 0 0 0 1 0 0 0 0
63.4887 1 0 0 0 0 0 0 0 0
64.9923 0 1 0 0 0 0 0 0 0
65.4552 1 0 0 0 0 0 0 0 0
66.6928 0 1 0 0 0 0 0 0 0
66.9409 1 0 0 0 0 0 0 0 0
70.9177 0 1 0 0 0 0 0 0 0
71.1757 0 0 0 1 0 0 0 0 0
73.7719 0 0 0 0 1 0 0 0 0
74.6177 1 0 0 0 0 0 0 0 0
77.101 0 1 0 0 0 0 0 0 0
80.1722 0 0 0 1 0 0 0 0 0
81.008 0 0 0 0 1 0 0 0 0
81.7488 0 0 0 0 0 1 0 0 0
82.5116 0 0 0 0 0 0 1 0 0
89.9006 0 0 0 0 0 1 0 0 0
91.0363 0 0 0 0 0 0 1 0 0
114.489 0 0 0 1 0 0 0 0 0
115.407 0 0 0 0 1 0 0 0 0
116.55 0 0 0 1 0 0 0 0 0
117.447 0 0 0 0 1 0 0 0 0
118.56 0 0 0 1 0 0 0 0 0
119.518 0 0 0 0 1 0 0 0 0
119.828 1 0 0 0 0 0 0 0 0
120.518 0 1 0 0 0 0 0 0 0
122.548 1 0 0 0 0 0 0 0 0
123.528 0 1 0 0 0 0 0 0 0
124.475 0 0 0 1 0 0 0 0 0
125.475 0 0 0 0 1 0 0 0 0
126.454 1 0 0 0 0 0 0 0 0
129.412 0 1 0 0 0 0 0 0 0
130.195 1 0 0 0 0 0 0 0 0
131.093 0 1 0 0 0 0 0 0 0
134.709 1 0 0 0 0 0 0 0 0
136.028 0 1 0 0 0 0 0 0 0
136.626 1 0 0 0 0 0 0 0 0
138.399 0 1 0 0 0 0 0 0 0
138.78 1 0 0 0 0 0 0 0 0
139.614 0 1 0 0 0 0 0 0 0
139.965 1 0 0 0 0 0 0 0 0
141.16 0 1 0 0 0 0 0 0 0
143.241 0 0 0 1 0 0 0 0 0
143.778 0 0 0 0 1 0 0 0 0
144.107 1 0 0 0 0 0 0 0 0
145.046 0 1 0 0 0 0 0 0 0
145.55 1 0 0 0 0 0 0 0 0
146.107 0 1 0 0 0 0 0 0 0
146.498 1 0 0 0 0 0 0 0 0
148.157 0 1 0 0 0 0 0 0 0
148.467 1 0 0 0 0 0 0 0 0
150.137 0 1 0 0 0 0 0 0 0
151.054 1 0 0 0 0 0 0 0 0
151.971 0 1 0 0 0 0 0 0 0
152.435 0 0 0 1 0 0 0 0 0
154.435 0 0 0 0 1 0 0 0 0
155.011 1 0 0 0 0 0 0 0 0
155.816 0 1 0 0 0 0 0 0 0
156.97 0 0 0 1 0 0 0 0 0
157.907 0 0 0 0 1 0 0 0 0
158.268 1 0 0 0 0 0 0 0 0
161.082 0 1 0 0 0 0 0 0 0
161.462 1 0 0 0 0 0 0 0 0
162.215 0 1 0 0 0 0 0 0 0
162.7 1 0 0 0 0 0 0 0 0
163.266 0 1 0 0 0 0 0 0 0
163.689 1 0 0 0 0 0 0 0 0
164.411 0 1 0 0 0 0 0 0 0
164.7 0 0 0 1 0 0 0 0 0
168.121 0 0 0 0 1 0 0 0 0
168.647 0 0 0 1 0 0 0 0 0
169.862 0 0 0 0 1 0 0 0 0
170.203 1 0 0 0 0 0 0 0 0
170.986 0 1 0 0 0 0 0 0 0
171.429 1 0 0 0 0 0 0 0 0
172.048 0 1 0 0 0 0 0 0 0
172.285 0 0 0 1 0 0 0 0 0
175.036 0 0 0 0 1 0 0 0 0
175.801 0 0 0 1 0 0 0 0 0
177.912 0 0 0 0 1 0 0 0 0
178.53 1 0 0 0 0 0 0 0 0
179.324 0 1 0 0 0 0 0 0 0
179.716 1 0 0 0 0 0 0 0 0
180.879 0 1 0 0 0 0 0 0 0
181.467 0 0 0 0 0 1 0 0 0
182.416 0 0 0 0 0 0 1 0 0
209.005 1 0 0 0 0 0 0 0 0
209.499 0 1 0 0 0 0 0 0 0
209.726 0 0 0 1 0 0 0 0 0
210.663 0 0 0 0 1 0 0 0 0
211.777 1 0 0 0 0 0 0 0 0
212.323 0 1 0 0 0 0 0 0 0
212.57 0 0 0 1 0 0 0 0 0
214.487 0 0 0 0 1 0 0 0 0
215.177 1 0 0 0 0 0 0 0 0
216.559 0 1 0 0 0 0 0 0 0
217.908 1 0 0 0 0 0 0 0 0
218.341 0 1 0 0 0 0 0 0 0
221.289 1 0 0 0 0 0 0 0 0
223.66 0 1 0 0 0 0 0 0 0
224.154 1 0 0 0 0 0 0 0 0
225.082 0 1 0 0 0 0 0 0 0
225.751 1 0 0 0 0 0 0 0 0
227.05 0 1 0 0 0 0 0 0 0
227.092 0 0 0 1 0 0 0 0 0
228.751 0 0 0 0 1 0 0 0 0
229.729 1 0 0 0 0 0 0 0 0
230.595 0 1 0 0 0 0 0 0 0
231.152 0 0 0 1 0 0 0 0 0
231.75 0 0 0 0 1 0 0 0 0
235.429 1 0 0 0 0 0 0 0 0
236.315 0 1 0 0 0 0 0 0 0
236.469 0 0 0 1 0 0 0 0 0
237.428 0 0 0 0 1 0 0 0 0
237.861 1 0 0 0 0 0 0 0 0
238.397 0 1 0 0 0 0 0 0 0
240.87 0 0 0 1 0 0 0 0 0
241.035 0 0 0 0 1 0 0 0 0
241.53 1 0 0 0 0 0 0 0 0
241.973 0 1 0 0 0 0 0 0 0
242.921 1 0 0 0 0 0 0 0 0
243.53 0 1 0 0 0 0 0 0 0
244.188 1 0 0 0 0 0 0 0 0
244.993 0 1 0 0 0 0 0 0 0
245.828 1 0 0 0 0 0 0 0 0
245.982 0 1 0 0 0 0 0 0 0
246.673 1 0 0 0 0 0 0 0 0
247.826 0 1 0 0 0 0 0 0 0
248.125 0 0 0 1 0 0 0 0 0
249.074 0 0 0 0 1 0 0 0 0
250.146 0 0 0 1 0 0 0 0 0
250.858 0 0 0 0 1 0 0 0 0
251.198 1 0 0 0 0 0 0 0 0
251.99 0 1 0 0 0 0 0 0 0
252.681 0 0 0 1 0 0 0 0 0
253.949 0 0 0 0 1 0 0 0 0
254.31 0 0 0 1 0 0 0 0 0
255.432 0 0 0 0 1 0 0 0 0
256.969 1 0 0 0 0 0 0 0 0
257.855 0 1 0 0 0 0 0 0 0
261.936 1 0 0 0 0 0 0 0 0
262.822 0 1 0 0 0 0 0 0 0
263.327 1 0 0 0 0 0 0 0 0
264.121 0 1 0 0 0 0 0 0 0
264.255 1 0 0 0 0 0 0 0 0
265.049 0 1 0 0 0 0 0 0 0
267.068 1 0 0 0 0 0 0 0 0
267.707 0 1 0 0 0 0 0 0 0
268.047 1 0 0 0 0 0 0 0 0
270.099 0 1 0 0 0 0 0 0 0
270.376 0 0 0 1 0 0 0 0 0
272.912 0 0 0 0 1 0 0 0 0
274.374 1 0 0 0 0 0 0 0 0
275.395 0 1 0 0 0 0 0 0 0
276.632 1 0 0 0 0 0 0 0 0
278.012 0 1 0 0 0 0 0 0 0
278.775 1 0 0 0 0 0 0 0 0
279.146 0 1 0 0 0 0 0 0 0
279.187 1 0 1 0 0 0 0 0 0
279.507 0 1 0 0 0 0 0 0 0
281.229 1 0 0 0 0 0 0 0 0
281.526 0 1 0 0 0 0 0 0 0
282.815 0 0 0 0 0 1 0 0 0
283.661 0 0 0 0 0 0 1 0 0
302.242 1 0 0 0 0 0 0 0 0
302.788 0 1 0 0 0 0 0 0 0
303.046 0 0 0 1 0 0 0 0 0
304.344 0 0 0 0 1 0 0 0 0
305.385 1 0 0 0 0 0 0 0 0
305.746 0 1 0 0 0 0 0 0 0
306.581 1 0 0 0 0 0 0 0 0
307.158 0 1 0 0 0 0 0 0 0
307.385 0 0 0 1 0 0 0 0 0
308.24 0 0 0 0 1 0 0 0 0
309.796 1 0 0 0 0 0 0 0 0
310.033 0 1 0 0 0 0 0 0 0
310.796 1 0 0 0 0 0 0 0 0
311.332 0 1 0 0 0 0 0 0 0
311.609 0 0 0 1 0 0 0 0 0
313.011 0 0 0 0 1 0 0 0 0
314.434 0 0 0 1 0 0 0 0 0
315.825 0 0 0 0 1 0 0 0 0
315.907 1 0 0 0 0 0 0 0 0
316.546 0 1 0 0 0 0 0 0 0
316.67 0 0 0 1 0 0 0 0 0
317.525 0 0 0 0 1 0 0 0 0
317.917 1 0 0 0 0 0 0 0 0
318.762 0 1 0 0 0 0 0 0 0
318.876 0 0 0 1 0 0 0 0 0
319.875 0 0 0 0 1 0 0 0 0
320.668 1 0 0 0 0 0 0 0 0
321.184 0 1 0 0 0 0 0 0 0
322.452 0 0 0 1 0 0 0 0 0
323.008 0 0 0 0 1 0 0 0 0
323.698 1 0 0 0 0 0 0 0 0
324.203 0 1 0 0 0 0 0 0 0
325.399 1 0 0 0 0 0 0 0 0
326.667 0 1 0 0 0 0 0 0 0
326.821 0 0 0 1 0 0 0 0 0
327.924 0 0 0 0 1 0 0 0 0
328.48 1 0 0 0 0 0 0 0 0
329.264 0 1 0 0 0 0 0 0 0
329.429 0 0 0 1 0 0 0 0 0
330.984 0 0 0 0 1 0 0 0 0
331.757 1 0 0 0 0 0 0 0 0
331.819 0 1 0 0 0 0 0 0 0
331.86 0 0 0 1 0 0 0 0 0
332.53 0 0 0 0 1 0 0 0 0
332.829 0 0 0 1 0 0 0 0 0
334.859 0 0 0 0 1 0 0 0 0
337.209 0 0 0 1 0 0 0 0 0
338.806 0 0 0 0 1 0 0 0 0
339.156 1 0 0 0 0 0 0 0 0
339.559 0 1 0 0 0 0 0 0 0
341.27 1 0 0 0 0 0 0 0 0
341.692 0 1 0 0 0 0 0 0 0
342.012 0 0 0 1 0 0 0 0 0
343.186 0 0 0 0 1 0 0 0 0
344.196 1 0 0 0 0 0 0 0 0
344.66 0 1 0 0 0 0 0 0 0
345.134 1 0 0 0 0 0 0 0 0
345.402 0 1 0 0 0 0 0 0 0
346.091 0 0 0 1 0 0 0 0 0
347.153 0 0 0 0 1 0 0 0 0
350.286 0 0 0 1 0 0 0 0 0
350.657 0 0 0 0 1 0 0 0 0
351.811 0 0 0 1 0 0 0 0 0
352.378 0 0 0 0 1 0 0 0 0
352.945 0 0 0 1 0 0 0 0 0
353.645 0 0 0 0 1 0 0 0 0
354.738 1 0 0 0 0 0 0 0 0
355.212 0 1 0 0 0 0 0 0 0
355.903 1 0 0 0 0 0 0 0 0
356.666 0 1 0 0 0 0 0 0 0
357.324 0 0 0 1 0 0 0 0 0
358.674 0 0 0 0 1 0 0 0 0
360.458 0 0 0 1 0 0 0 0 0
361.075 0 0 0 0 1 0 0 0 0
