11.4936 1 0 0 0 0 0 0 0 0
12.2864 0 1 0 0 0 0 0 0 0
12.5134 0 0 0 1 0 0 0 0 0
14.4819 0 0 0 0 1 0 0 0 0
14.9867 1 0 0 0 0 0 0 0 0
15.6155 0 1 0 0 0 0 0 0 0
16.2544 0 0 0 1 0 0 0 0 0
18.8827 0 0 0 0 1 0 0 0 0
19.0886 0 0 0 1 0 0 0 0 0
19.3665 0 0 0 0 1 0 0 0 0
19.4085 0 0 0 1 0 0 0 0 0
19.4385 0 0 0 0 1 0 0 0 0
21.1391 1 0 0 0 0 0 0 0 0
22.2728 0 1 0 0 0 0 0 0 0
23.2005 1 0 0 0 0 0 0 0 0
24.2002 0 1 0 0 0 0 0 0 0
24.4062 0 0 0 1 0 0 0 0 0
25.8799 0 0 0 0 1 0 0 0 0
26.2917 1 0 0 0 0 0 0 0 0
27.3944 0 1 0 0 0 0 0 0 0
27.6644 0 0 0 1 0 0 0 0 0
28.6011 0 0 0 0 1 0 0 0 0
28.796 1 0 0 0 0 0 0 0 0
29.4358 0 1 0 0 0 0 0 0 0
30.0227 1 0 0 0 0 0 0 0 0
30.9405 0 1 0 0 0 0 0 0 0
31.3313 0 0 0 1 0 0 0 0 0
34.5265 0 0 0 0 1 0 0 0 0
34.8974 1 0 0 0 0 0 0 0 0
35.6912 0 1 0 0 0 0 0 0 0
36.0831 1 0 0 0 0 0 0 0 0
37.3198 0 1 0 0 0 0 0 0 0
37.7417 1 0 0 0 0 0 0 0 0
38.8754 0 1 0 0 0 0 0 0 0
39.2362 1 0 0 0 0 0 0 0 0
40.308 0 1 0 0 0 0 0 0 0
41.0088 1 0 0 0 0 0 0 0 0
41.9365 0 1 0 0 0 0 0 0 0
42.2244 0 0 0 1 0 0 0 0 0
44.9147 0 0 0 0 1 0 0 0 0
45.7185 0 0 0 1 0 0 0 0 0
47.0272 0 0 0 0 1 0 0 0 0
47.687 1 0 0 0 0 0 0 0 0
48.6967 0 1 0 0 0 0 0 0 0
48.9447 0 0 0 1 0 0 0 0 0
49.5725 0 0 0 0 1 0 0 0 0
49.6555 0 0 0 1 0 0 0 0 0
50.0474 0 0 0 0 1 0 0 0 0
50.7372 0 0 0 1 0 0 0 0 0
51.3661 0 0 0 0 1 0 0 0 0
51.9949 0 0 0 1 0 0 0 0 0
53.5924 0 0 0 0 1 0 0 0 0
60.3427 1 0 0 0 0 0 0 0 0
60.7655 0 1 0 0 0 0 0 0 0
61.3833 0 0 0 1 0 0 0 0 0
62.1872 0 0 0 0 1 0 0 0 0
62.744 0 0 0 1 0 0 0 0 0
63.2389 0 0 0 0 1 0 0 0 0
63.8877 1 0 0 0 0 0 0 0 0
64.6405 0 1 0 0 0 0 0 0 0
64.8874 0 0 0 1 0 0 0 0 0
67.7317 0 0 0 0 1 0 0 0 0
68.6704 1 0 0 0 0 0 0 0 0
69.8241 0 1 0 0 0 0 0 0 0
71.5246 0 0 0 1 0 0 0 0 0
73.1322 0 0 0 0 1 0 0 0 0
73.2962 1 0 0 0 0 0 0 0 0
73.6681 0 1 0 0 0 0 0 0 0
74.5019 1 0 0 0 0 0 0 0 0
75.3377 0 1 0 0 0 0 0 0 0
76.5743 0 0 0 1 0 0 0 0 0
77.4091 0 0 0 0 1 0 0 0 0
78.4288 1 0 0 0 0 0 0 0 0
79.3566 0 1 0 0 0 0 0 0 0
80.9852 1 0 0 0 0 0 0 0 0
82.4897 0 1 0 0 0 0 0 0 0
83.0976 1 0 0 0 0 0 0 0 0
83.9423 0 1 0 0 0 0 0 0 0
84.0665 1 0 0 0 0 0 0 0 0
84.4682 0 1 0 0 0 0 0 0 0
84.9111 1 0 0 0 0 0 0 0 0
87.0445 0 1 0 0 0 0 0 0 0
87.2715 0 0 0 1 0 0 0 0 0
90.1977 0 0 0 0 1 0 0 0 0
92.0322 0 0 0 0 0 1 0 0 0
93.0939 0 0 0 0 0 0 1 0 0
95.4023 0 0 0 0 0 1 0 0 0
97.7317 0 0 0 0 0 0 1 0 0
100.906 0 0 0 0 0 1 0 0 0
101.936 0 0 0 0 0 0 1 0 0
122.598 1 0 0 0 0 0 0 0 0
123.588 0 1 0 0 0 0 0 0 0
123.763 0 0 0 1 0 0 0 0 0
125.205 0 0 0 0 1 0 0 0 0
125.72 0 0 0 1 0 0 0 0 0
126.586 0 0 0 0 1 0 0 0 0
129.359 1 0 0 0 0 0 0 0 0
131.523 0 1 0 0 0 0 0 0 0
132.028 0 0 0 1 0 0 0 0 0
133.913 0 0 0 0 1 0 0 0 0
134.429 1 0 0 0 0 0 0 0 0
135.614 0 1 0 0 0 0 0 0 0
136.129 0 0 0 1 0 0 0 0 0
137.479 0 0 0 0 1 0 0 0 0
137.85 1 0 0 0 0 0 0 0 0
139.88 0 1 0 0 0 0 0 0 0
144.395 0 0 0 1 0 0 0 0 0
145.589 0 0 0 0 1 0 0 0 0
147.815 1 0 0 0 0 0 0 0 0
148.145 0 1 0 0 0 0 0 0 0
148.475 0 0 0 1 0 0 0 0 0
150.938 0 0 0 0 1 0 0 0 0
151.37 1 0 0 0 0 0 0 0 0
152.648 0 1 0 0 0 0 0 0 0
153.226 0 0 0 1 0 0 0 0 0
154.555 0 0 0 0 1 0 0 0 0
159.739 1 0 0 0 0 0 0 0 0
161.13 0 1 0 0 0 0 0 0 0
161.831 0 0 0 1 0 0 0 0 0
162.985 0 0 0 0 1 0 0 0 0
163.438 0 0 0 1 0 0 0 0 0
166.53 0 0 0 0 1 0 0 0 0
175.002 0 0 0 0 0 1 0 0 0
177.372 0 0 0 0 0 0 1 0 0
180.186 0 0 0 0 0 1 0 0 0
180.6 0 0 0 0 0 0 1 0 0
181.865 0 0 0 0 0 1 0 0 0
182.816 0 0 0 0 0 0 1 0 0
200.776 1 0 0 0 0 0 0 0 0
201.766 0 1 0 0 0 0 0 0 0
202.086 0 0 0 1 0 0 0 0 0
204.373 0 0 0 0 1 0 0 0 0
204.663 1 0 0 0 0 0 0 0 0
205.528 0 1 0 0 0 0 0 0 0
205.95 0 0 0 1 0 0 0 0 0
207.012 0 0 0 0 1 0 0 0 0
208.073 1 0 0 0 0 0 0 0 0
210.258 0 1 0 0 0 0 0 0 0
211.772 0 0 0 1 0 0 0 0 0
211.855 0 0 0 0 1 0 0 0 0
213.154 0 0 0 1 0 0 0 0 0
214.123 0 0 0 0 1 0 0 0 0
214.741 1 0 0 0 0 0 0 0 0
215.812 0 1 0 0 0 0 0 0 0
216.339 1 0 0 0 0 0 0 0 0
217.627 0 1 0 0 0 0 0 0 0
218.195 1 0 0 0 0 0 0 0 0
219.017 0 1 0 0 0 0 0 0 0
219.388 0 0 0 1 0 0 0 0 0
219.945 0 0 0 0 1 0 0 0 0
220.811 0 0 0 1 0 0 0 0 0
222.079 0 0 0 0 1 0 0 0 0
222.409 1 0 0 0 0 0 0 0 0
222.501 0 1 0 0 0 0 0 0 0
222.552 1 0 1 0 0 0 0 0 0
223.903 0 1 0 0 0 0 0 0 0
223.965 0 0 0 1 0 0 0 0 0
226.046 0 0 0 0 1 0 0 0 0
226.273 0 0 0 1 0 0 0 0 0
228.417 0 0 0 0 1 0 0 0 0
228.644 1 0 0 0 0 0 0 0 0
229.632 0 1 0 0 0 0 0 0 0
230.118 1 0 0 0 0 0 0 0 0
230.879 0 1 0 0 0 0 0 0 0
231.137 1 0 0 0 0 0 0 0 0
232.292 0 1 0 0 0 0 0 0 0
232.869 0 0 0 1 0 0 0 0 0
234.105 0 0 0 0 1 0 0 0 0
234.714 1 0 0 0 0 0 0 0 0
235.682 0 1 0 0 0 0 0 0 0
236.208 1 0 0 0 0 0 0 0 0
237.176 0 1 0 0 0 0 0 0 0
237.609 0 0 0 1 0 0 0 0 0
238.279 0 0 0 0 1 0 0 0 0
240.023 1 0 0 0 0 0 0 0 0
241.082 0 1 0 0 0 0 0 0 0
241.413 0 0 0 1 0 0 0 0 0
242.526 0 0 0 0 1 0 0 0 0
242.917 1 0 0 0 0 0 0 0 0
243.659 0 1 0 0 0 0 0 0 0
244.196 1 0 0 0 0 0 0 0 0
244.906 0 1 0 0 0 0 0 0 0
245.092 0 0 0 1 0 0 0 0 0
246.174 0 0 0 0 1 0 0 0 0
246.679 1 0 0 0 0 0 0 0 0
247.359 0 1 0 0 0 0 0 0 0
248.121 0 0 0 1 0 0 0 0 0
249.174 0 0 0 0 1 0 0 0 0
249.946 0 0 0 1 0 0 0 0 0
250.781 0 0 0 0 1 0 0 0 0
251.131 0 0 0 1 0 0 0 0 0
251.8 0 0 0 0 1 0 0 0 0
252.316 1 0 0 0 0 0 0 0 0
253.058 0 1 0 0 0 0 0 0 0
255.327 1 0 0 0 0 0 0 0 0
256.232 0 1 0 0 0 0 0 0 0
256.84 0 0 0 1 0 0 0 0 0
259.026 0 0 0 0 1 0 0 0 0
259.417 1 0 0 0 0 0 0 0 0
260.787 0 1 0 0 0 0 0 0 0
261.665 0 0 0 0 0 1 0 0 0
262.746 0 0 0 0 0 0 1 0 0
269.465 0 0 0 0 0 1 0 0 0
269.847 0 0 0 0 0 0 1 0 0
287.975 0 0 0 1 0 0 0 0 0
288.511 0 0 0 0 1 0 0 0 0
289.737 1 0 0 0 0 0 0 0 0
290.448 0 1 0 0 0 0 0 0 0
290.747 0 0 0 1 0 0 0 0 0
292.252 0 0 0 0 1 0 0 0 0
292.602 1 0 0 0 0 0 0 0 0
293.302 0 1 0 0 0 0 0 0 0
295.859 0 0 0 1 0 0 0 0 0
297.095 0 0 0 0 1 0 0 0 0
297.539 1 0 0 0 0 0 0 0 0
298.961 0 1 0 0 0 0 0 0 0
299.363 0 0 0 1 0 0 0 0 0
300.465 0 0 0 0 1 0 0 0 0
301.949 1 0 0 0 0 0 0 0 0
303.248 0 1 0 0 0 0 0 0 0
303.62 0 0 0 1 0 0 0 0 0
304.67 0 0 0 0 1 0 0 0 0
305.628 1 0 0 0 0 0 0 0 0
306.319 0 1 0 0 0 0 0 0 0
306.968 0 0 0 1 0 0 0 0 0
310.029 0 0 0 0 1 0 0 0 0
312.956 0 0 0 1 0 0 0 0 0
313.791 0 0 0 0 1 0 0 0 0
314.265 0 0 0 1 0 0 0 0 0
316.119 0 0 0 0 1 0 0 0 0
319.551 0 0 0 1 0 0 0 0 0
320.612 0 0 0 0 1 0 0 0 0
320.932 0 0 0 1 0 0 0 0 0
322.499 0 0 0 0 1 0 0 0 0
322.88 1 0 0 0 0 0 0 0 0
323.446 0 1 0 0 0 0 0 0 0
324.065 1 0 0 0 0 0 0 0 0
324.601 0 1 0 0 0 0 0 0 0
325.59 1 0 0 0 0 0 0 0 0
327.362 0 1 0 0 0 0 0 0 0
327.672 1 0 0 0 0 0 0 0 0
329.434 0 1 0 0 0 0 0 0 0
336.566 1 0 0 0 0 0 0 0 0
337.38 0 1 0 0 0 0 0 0 0
337.977 0 0 0 1 0 0 0 0 0
341.718 0 0 0 0 1 0 0 0 0
342.471 1 0 0 0 0 0 0 0 0
343.522 0 1 0 0 0 0 0 0 0
343.79 0 0 0 1 0 0 0 0 0
344.945 0 0 0 0 1 0 0 0 0
346.088 0 0 0 1 0 0 0 0 0
346.708 0 0 0 0 1 0 0 0 0
348.036 0 0 0 1 0 0 0 0 0
348.737 0 0 0 0 1 0 0 0 0
348.81 1 0 0 0 0 0 0 0 0
349.53 0 1 0 0 0 0 0 0 0
350.035 0 0 0 1 0 0 0 0 0
352.818 0 0 0 0 1 0 0 0 0
353.673 1 0 0 0 0 0 0 0 0
354.9 0 1 0 0 0 0 0 0 0
355.364 0 0 0 1 0 0 0 0 0
356.848 0 0 0 0 1 0 0 0 0
357.456 1 0 0 0 0 0 0 0 0
359.332 0 1 0 0 0 0 0 0 0
360.105 0 0 0 1 0 0 0 0 0
361.383 0 0 0 0 1 0 0 0 0
