16.5001 0 0 0 1 0 0 0 0 0
19.9842 0 0 0 0 1 0 0 0 0
20.9529 0 0 0 1 0 0 0 0 0
21.7247 0 0 0 0 1 0 0 0 0
22.1166 1 0 0 0 0 0 0 0 0
23.9721 0 1 0 0 0 0 0 0 0
24.374 1 0 0 0 0 0 0 0 0
26.0125 0 1 0 0 0 0 0 0 0
26.4245 1 0 0 0 0 0 0 0 0
27.6721 0 1 0 0 0 0 0 0 0
27.8991 0 0 0 1 0 0 0 0 0
31.6601 0 0 0 0 1 0 0 0 0
32.3708 1 0 0 0 0 0 0 0 0
34.3605 0 1 0 0 0 0 0 0 0
35.546 0 0 0 1 0 0 0 0 0
36.0918 0 0 0 0 1 0 0 0 0
36.2058 1 0 0 0 0 0 0 0 0
36.9167 0 1 0 0 0 0 0 0 0
37.6069 1 0 0 0 0 0 0 0 0
38.5652 0 1 0 0 0 0 0 0 0
39.5649 1 0 0 0 0 0 0 0 0
41.4615 0 1 0 0 0 0 0 0 0
42.6771 1 0 0 0 0 0 0 0 0
44.7696 0 1 0 0 0 0 0 0 0
44.9746 0 0 0 1 0 0 0 0 0
47.9847 0 0 0 0 1 0 0 0 0
49.1804 0 0 0 1 0 0 0 0 0
51.0149 0 0 0 0 1 0 0 0 0
52.8694 0 0 0 1 0 0 0 0 0
54.488 0 0 0 0 1 0 0 0 0
54.8589 1 0 0 0 0 0 0 0 0
55.8166 0 1 0 0 0 0 0 0 0
56.0845 0 0 0 1 0 0 0 0 0
60.1355 0 0 0 0 1 0 0 0 0
60.9492 1 0 0 0 0 0 0 0 0
62.1659 0 1 0 0 0 0 0 0 0
62.5258 1 0 0 0 0 0 0 0 0
63.7625 0 1 0 0 0 0 0 0 0
64.3814 1 0 0 0 0 0 0 0 0
65.7929 0 1 0 0 0 0 0 0 0
66.8447 1 0 0 0 0 0 0 0 0
67.7614 0 1 0 0 0 0 0 0 0
68.2763 0 0 0 1 0 0 0 0 0
69.669 0 0 0 0 1 0 0 0 0
71.2035 0 0 0 1 0 0 0 0 0
71.7094 0 0 0 0 1 0 0 0 0
72.2034 0 0 0 1 0 0 0 0 0
73.4499 0 0 0 0 1 0 0 0 0
74.3157 1 0 0 0 0 0 0 0 0
75.3254 0 1 0 0 0 0 0 0 0
76.2332 0 0 0 1 0 0 0 0 0
76.872 0 0 0 0 1 0 0 0 0
79.0975 1 0 0 0 0 0 0 0 0
79.9322 0 1 0 0 0 0 0 0 0
79.9742 1 0 0 0 0 0 0 0 0
81.015 0 1 0 0 0 0 0 0 0
81.2619 0 0 0 1 0 0 0 0 0
84.8179 0 0 0 0 1 0 0 0 0
85.3837 1 0 0 0 0 0 0 0 0
86.3015 0 1 0 0 0 0 0 0 0
86.7654 1 0 0 0 0 0 0 0 0
87.9191 0 1 0 0 0 0 0 0 0
88.198 1 0 0 0 0 0 0 0 0
89.9705 0 1 0 0 0 0 0 0 0
90.9083 0 0 0 1 0 0 0 0 0
96.2258 0 0 0 0 1 0 0 0 0
96.5037 0 0 0 1 0 0 0 0 0
97.2256 0 0 0 0 1 0 0 0 0
98.2773 0 0 0 1 0 0 0 0 0
98.3083 0 0 0 0 1 0 0 0 0
98.3593 0 0 0 1 0 0 0 0 0
98.4522 0 0 0 0 1 0 0 0 0
99.102 1 0 0 0 0 0 0 0 0
99.421 0 1 0 0 0 0 0 0 0
99.4629 1 0 1 0 0 0 0 0 0
100.256 0 1 0 0 0 0 0 0 0
101.657 0 0 0 1 0 0 0 0 0
102.492 0 0 0 0 1 0 0 0 0
102.822 1 0 0 0 0 0 0 0 0
103.626 0 1 0 0 0 0 0 0 0
104.245 1 0 0 0 0 0 0 0 0
105.677 0 1 0 0 0 0 0 0 0
106.161 1 0 0 0 0 0 0 0 0
107.192 0 1 0 0 0 0 0 0 0
107.564 0 0 0 1 0 0 0 0 0
108.533 0 0 0 0 1 0 0 0 0
109.502 1 0 0 0 0 0 0 0 0
110.8 0 1 0 0 0 0 0 0 0
111.284 0 0 0 1 0 0 0 0 0
113.87 0 0 0 0 1 0 0 0 0
114.304 1 0 0 0 0 0 0 0 0
115.284 0 1 0 0 0 0 0 0 0
115.716 0 0 0 1 0 0 0 0 0
117.024 0 0 0 0 1 0 0 0 0
117.581 1 0 0 0 0 0 0 0 0
118.571 0 1 0 0 0 0 0 0 0
118.962 1 0 0 0 0 0 0 0 0
120.085 0 1 0 0 0 0 0 0 0
120.693 0 0 0 1 0 0 0 0 0
121.713 0 0 0 0 1 0 0 0 0
126.609 0 0 0 1 0 0 0 0 0
128.309 0 0 0 0 1 0 0 0 0
128.443 1 0 0 0 0 0 0 0 0
129.711 0 1 0 0 0 0 0 0 0
130.515 0 0 0 1 0 0 0 0 0
132.535 0 0 0 0 1 0 0 0 0
132.937 1 0 0 0 0 0 0 0 0
133.741 0 1 0 0 0 0 0 0 0
135.441 0 0 0 1 0 0 0 0 0
136.648 0 0 0 0 1 0 0 0 0
138.883 0 0 0 1 0 0 0 0 0
141.223 0 0 0 0 1 0 0 0 0
142.068 1 0 0 0 0 0 0 0 0
143.603 0 1 0 0 0 0 0 0 0
144.593 1 0 0 0 0 0 0 0 0
145.799 0 1 0 0 0 0 0 0 0
146.272 1 0 0 0 0 0 0 0 0
146.973 0 1 0 0 0 0 0 0 0
147.829 1 0 0 0 0 0 0 0 0
149.138 0 1 0 0 0 0 0 0 0
149.262 0 0 0 1 0 0 0 0 0
152.776 0 0 0 0 1 0 0 0 0
153.116 1 0 0 0 0 0 0 0 0
153.899 0 1 0 0 0 0 0 0 0
154.548 1 0 0 0 0 0 0 0 0
155.672 0 1 0 0 0 0 0 0 0
156.403 1 0 0 0 0 0 0 0 0
157.547 0 1 0 0 0 0 0 0 0
158.062 0 0 0 1 0 0 0 0 0
158.857 0 0 0 0 1 0 0 0 0
159.062 1 0 0 0 0 0 0 0 0
159.423 0 1 0 0 0 0 0 0 0
159.464 0 0 0 1 0 0 0 0 0
162.05 1 0 0 0 1 0 0 0 0
162.061 0 1 0 0 0 0 0 0 0
162.442 0 0 0 1 0 0 0 0 0
163.226 0 0 0 0 1 0 0 0 0
163.494 0 0 0 1 0 0 0 0 0
164.473 0 0 0 0 1 0 0 0 0
165.092 0 0 0 1 0 0 0 0 0
166.173 0 0 0 0 1 0 0 0 0
166.637 1 0 0 0 0 0 0 0 0
167.276 0 1 0 0 0 0 0 0 0
168.06 1 0 0 0 0 0 0 0 0
169.811 0 1 0 0 0 0 0 0 0
170.275 1 0 0 0 0 0 0 0 0
171.306 0 1 0 0 0 0 0 0 0
171.636 1 0 0 0 0 0 0 0 0
172.296 0 1 0 0 0 0 0 0 0
172.728 0 0 0 1 0 0 0 0 0
176.201 0 0 0 0 1 0 0 0 0
177.057 1 0 0 0 0 0 0 0 0
178.314 0 1 0 0 0 0 0 0 0
178.695 1 0 0 0 0 0 0 0 0
179.314 0 1 0 0 0 0 0 0 0
180.024 1 0 0 0 0 0 0 0 0
181.127 0 1 0 0 0 0 0 0 0
183.849 0 0 0 0 0 1 0 0 0
184.796 0 0 0 0 0 0 1 0 0
187.682 0 0 0 0 0 1 0 0 0
187.867 0 0 0 0 0 0 1 0 0
206.337 0 0 0 1 0 0 0 0 0
207.779 0 0 0 0 1 0 0 0 0
209.49 1 0 0 0 0 0 0 0 0
210.85 0 1 0 0 0 0 0 0 0
212.231 0 0 0 1 0 0 0 0 0
213.807 0 0 0 0 1 0 0 0 0
214.9 1 0 0 0 0 0 0 0 0
215.9 0 1 0 0 0 0 0 0 0
217.754 0 0 0 1 0 0 0 0 0
219.177 0 0 0 0 1 0 0 0 0
219.517 1 0 0 0 0 0 0 0 0
220.62 0 1 0 0 0 0 0 0 0
220.929 0 0 0 1 0 0 0 0 0
223.072 0 0 0 0 1 0 0 0 0
223.526 0 0 0 1 0 0 0 0 0
226.473 0 0 0 0 1 0 0 0 0
227.298 1 0 0 0 0 0 0 0 0
228.411 0 1 0 0 0 0 0 0 0
229.028 1 0 0 0 0 0 0 0 0
230.657 0 1 0 0 0 0 0 0 0
230.915 0 0 0 1 0 0 0 0 0
233.398 0 0 0 0 1 0 0 0 0
234.099 1 0 0 0 0 0 0 0 0
235.543 0 1 0 0 0 0 0 0 0
236.347 1 0 0 0 0 0 0 0 0
237.944 0 1 0 0 0 0 0 0 0
239.294 1 0 0 0 0 0 0 0 0
240.644 0 1 0 0 0 0 0 0 0
241.355 1 0 0 0 0 0 0 0 0
242.736 0 1 0 0 0 0 0 0 0
243.283 0 0 0 1 0 0 0 0 0
244.044 0 0 0 0 1 0 0 0 0
244.158 0 0 0 1 0 0 0 0 0
244.704 0 0 0 0 1 0 0 0 0
245.55 1 0 0 0 0 0 0 0 0
247.467 0 1 0 0 0 0 0 0 0
248.198 0 0 0 1 0 0 0 0 0
249.703 0 0 0 0 1 0 0 0 0
250.362 1 0 0 0 0 0 0 0 0
251.97 0 1 0 0 0 0 0 0 0
252.557 1 0 0 0 0 0 0 0 0
253.794 0 1 0 0 0 0 0 0 0
254.072 1 0 0 0 0 0 0 0 0
255.114 0 1 0 0 0 0 0 0 0
255.607 1 0 0 0 0 0 0 0 0
256.546 0 1 0 0 0 0 0 0 0
267.046 0 0 0 1 0 0 0 0 0
268.088 0 0 0 0 1 0 0 0 0
268.263 1 0 0 0 0 0 0 0 0
268.902 0 1 0 0 0 0 0 0 0
269.634 1 0 0 0 0 0 0 0 0
270.901 0 1 0 0 0 0 0 0 0
271.159 0 0 0 1 0 0 0 0 0
272.519 0 0 0 0 1 0 0 0 0
273.767 1 0 0 0 0 0 0 0 0
274.219 0 1 0 0 0 0 0 0 0
274.322 0 0 0 1 0 0 0 0 0
275.25 0 0 0 0 1 0 0 0 0
276.58 1 0 0 0 0 0 0 0 0
276.92 0 1 0 0 0 0 0 0 0
278.342 1 0 0 0 0 0 0 0 0
278.702 0 1 0 0 0 0 0 0 0
280.568 0 0 0 1 0 0 0 0 0
283.227 0 0 0 0 1 0 0 0 0
283.835 1 0 0 0 0 0 0 0 0
284.289 0 1 0 0 0 0 0 0 0
285.134 1 0 0 0 0 0 0 0 0
285.752 0 1 0 0 0 0 0 0 0
286.958 0 0 0 1 0 0 0 0 0
287.907 0 0 0 0 1 0 0 0 0
288.833 1 0 0 0 0 0 0 0 0
289.503 0 0 0 1 0 0 0 0 0
293.326 0 1 0 0 1 0 0 0 0
295.285 1 0 0 0 0 0 0 0 0
296.016 0 1 0 0 0 0 0 0 0
300.952 1 0 0 0 0 0 0 0 0
303.323 0 1 0 0 0 0 0 0 0
307.59 1 0 0 0 0 0 0 0 0
308.404 0 1 0 0 0 0 0 0 0
308.641 0 0 0 1 0 0 0 0 0
310.476 0 0 0 0 1 0 0 0 0
312.041 0 0 0 1 0 0 0 0 0
313.443 0 0 0 0 1 0 0 0 0
313.496 0 0 0 1 0 0 0 0 0
314.608 0 0 0 0 1 0 0 0 0
315.741 1 0 0 0 0 0 0 0 0
317.576 0 1 0 0 0 0 0 0 0
317.721 0 0 0 1 0 0 0 0 0
319.163 0 0 0 0 1 0 0 0 0
319.472 0 0 0 1 0 0 0 0 0
324.903 0 0 0 0 1 0 0 0 0
325.594 1 0 0 0 0 0 0 0 0
326.995 0 1 0 0 0 0 0 0 0
327.376 1 0 0 0 0 0 0 0 0
328.933 0 1 0 0 0 0 0 0 0
329.191 0 0 0 1 0 0 0 0 0
330.18 0 0 0 0 1 0 0 0 0
331.983 0 0 0 1 0 0 0 0 0
335.333 0 0 0 0 1 0 0 0 0
336.446 0 0 0 1 0 0 0 0 0
336.858 0 0 0 0 1 0 0 0 0
337.002 0 0 0 1 0 0 0 0 0
337.415 0 0 0 0 1 0 0 0 0
338.579 0 0 0 1 0 0 0 0 0
340.279 0 0 0 0 1 0 0 0 0
342.587 1 0 0 0 0 0 0 0 0
344.289 0 1 0 0 0 0 0 0 0
345.123 1 0 0 0 0 0 0 0 0
346.06 0 1 0 0 0 0 0 0 0
346.132 0 0 0 1 0 0 0 0 0
347.638 0 0 0 0 1 0 0 0 0
348.348 0 0 0 1 0 0 0 0 0
350.049 0 0 0 0 1 0 0 0 0
351.038 1 0 0 0 0 0 0 0 0
351.275 0 1 0 0 0 0 0 0 0
351.626 1 0 0 0 0 0 0 0 0
352.069 0 1 0 0 0 0 0 0 0
355.253 1 0 0 0 0 0 0 0 0
355.377 0 1 0 0 0 0 0 0 0
358.881 0 0 0 1 0 0 0 0 0
361.107 0 0 0 0 1 0 0 0 0
