3.8107 0 0 0 0 0 1 0 0 0
5.40936 0 0 0 0 0 0 1 0 0
8.32452 0 0 0 0 0 1 0 0 0
9.27224 0 0 0 0 0 0 1 0 0
12.7354 0 0 0 0 0 1 0 0 0
13.8381 0 0 0 0 0 0 1 0 0
33.5849 0 0 0 1 0 0 0 0 0
33.9458 0 0 0 0 1 0 0 0 0
35.1205 1 0 0 0 0 0 0 0 0
35.9862 0 1 0 0 0 0 0 0 0
36.955 0 0 0 1 0 0 0 0 0
40.676 0 0 0 0 1 0 0 0 0
41.2428 1 0 0 0 0 0 0 0 0
41.5828 0 1 0 0 0 0 0 0 0
41.9126 1 0 0 0 0 0 0 0 0
42.4485 0 1 0 0 0 0 0 0 0
43.4692 1 0 0 0 0 0 0 0 0
44.479 0 1 0 0 0 0 0 0 0
47.5192 0 0 0 1 0 0 0 0 0
49.6216 0 0 0 0 1 0 0 0 0
50.0035 1 0 0 0 0 0 0 0 0
50.7243 0 1 0 0 0 0 0 0 0
52.3019 0 0 0 1 0 0 0 0 0
53.5896 0 0 0 0 1 0 0 0 0
54.0226 1 0 0 0 0 0 0 0 0
54.8982 0 1 0 0 0 0 0 0 0
55.9079 0 0 0 1 0 0 0 0 0
56.4028 0 0 0 0 1 0 0 0 0
56.4958 1 0 0 0 0 0 0 0 0
57.3107 0 1 0 0 0 0 0 0 0
57.5775 1 0 0 0 0 0 0 0 0
58.1653 0 1 0 0 0 0 0 0 0
58.5363 1 0 0 0 0 0 0 0 0
60.4217 0 1 0 0 0 0 0 0 0
60.7826 1 0 0 0 0 0 0 0 0
61.5564 0 1 0 0 0 0 0 0 0
61.7824 0 0 0 1 0 0 0 0 0
63.195 0 0 0 0 1 0 0 0 0
63.669 0 0 0 1 0 0 0 0 0
65.5233 0 0 0 0 1 0 0 0 0
66.2552 1 0 0 0 0 0 0 0 0
67.5848 0 1 0 0 0 0 0 0 0
68.4506 1 0 0 0 0 0 0 0 0
69.5533 0 1 0 0 0 0 0 0 0
70.3371 0 0 0 1 0 0 0 0 0
72.9144 0 0 0 0 1 0 0 0 0
73.2533 1 0 0 0 0 0 0 0 0
74.5519 0 1 0 0 0 0 0 0 0
75.4797 1 0 0 0 0 0 0 0 0
76.4484 0 1 0 0 0 0 0 0 0
77.0253 1 0 0 0 0 0 0 0 0
79.1897 0 1 0 0 0 0 0 0 0
79.8595 1 0 0 0 0 0 0 0 0
81.3542 0 1 0 0 0 0 0 0 0
81.5501 0 0 0 1 0 0 0 0 0
82.9408 0 0 0 0 1 0 0 0 0
83.1478 1 0 0 0 0 0 0 0 0
83.6635 0 1 0 0 0 0 0 0 0
83.7655 0 0 0 1 0 0 0 0 0
86.1979 0 0 0 0 1 0 0 0 0
86.6517 0 0 0 1 0 0 0 0 0
87.8054 0 0 0 0 1 0 0 0 0
87.9914 1 0 0 0 0 0 0 0 0
88.7123 0 1 0 0 0 0 0 0 0
89.62 1 0 0 0 0 0 0 0 0
90.6817 0 1 0 0 0 0 0 0 0
91.2995 0 0 0 1 0 0 0 0 0
92.7841 0 0 0 0 1 0 0 0 0
94.5046 0 0 0 1 0 0 0 0 0
95.9582 0 0 0 0 1 0 0 0 0
97.4419 0 0 0 1 0 0 0 0 0
99.7812 0 0 0 0 1 0 0 0 0
100.297 1 0 0 0 0 0 0 0 0
100.781 0 1 0 0 0 0 0 0 0
101.41 1 0 0 0 0 0 0 0 0
102.955 0 1 0 0 0 0 0 0 0
104.471 1 0 0 0 0 0 0 0 0
105.533 0 1 0 0 0 0 0 0 0
106.069 0 0 0 1 0 0 0 0 0
107.233 0 0 0 0 1 0 0 0 0
108.459 0 0 0 1 0 0 0 0 0
110.592 0 0 0 0 1 0 0 0 0
111.355 1 0 0 0 0 0 0 0 0
112.614 0 1 0 0 0 0 0 0 0
113.139 1 0 0 0 0 0 0 0 0
114.354 0 1 0 0 0 0 0 0 0
114.777 1 0 0 0 0 0 0 0 0
116.292 0 1 0 0 0 0 0 0 0
116.333 1 0 0 0 0 0 0 0 0
116.354 0 1 0 0 0 0 0 0 0
117.075 1 0 0 0 0 0 0 0 0
118.487 0 1 0 0 0 0 0 0 0
119.157 1 0 0 0 0 0 0 0 0
120.105 0 1 0 0 0 0 0 0 0
120.24 0 0 0 1 0 0 0 0 0
120.641 0 0 0 0 1 0 0 0 0
121.384 0 0 0 1 0 0 0 0 0
122.166 0 0 0 0 1 0 0 0 0
127.175 0 0 0 1 0 0 0 0 0
127.794 0 0 0 0 1 0 0 0 0
134.925 1 0 0 0 0 0 0 0 0
135.977 0 1 0 0 0 0 0 0 0
136.337 1 0 0 0 0 0 0 0 0
137.584 0 1 0 0 0 0 0 0 0
138.254 1 0 0 0 0 0 0 0 0
141.386 0 1 0 0 0 0 0 0 0
142.026 1 0 0 0 0 0 0 0 0
143.035 0 1 0 0 0 0 0 0 0
143.406 0 0 0 1 0 0 0 0 0
144.632 0 0 0 0 1 0 0 0 0
145.272 1 0 0 0 0 0 0 0 0
147.24 0 1 0 0 0 0 0 0 0
147.601 1 0 0 0 0 0 0 0 0
148.229 0 1 0 0 0 0 0 0 0
148.693 1 0 0 0 0 0 0 0 0
149.043 0 1 0 0 0 0 0 0 0
149.507 1 0 0 0 0 0 0 0 0
154.557 0 1 0 0 0 0 0 0 0
156.257 1 0 0 0 0 0 0 0 0
158.207 0 1 0 0 0 0 0 0 0
159.216 1 0 0 0 0 0 0 0 0
160.442 0 1 0 0 0 0 0 0 0
161.658 1 0 0 0 0 0 0 0 0
162.751 0 1 0 0 0 0 0 0 0
165.358 1 0 0 0 0 0 0 0 0
166.728 0 1 0 0 0 0 0 0 0
167.656 1 0 0 0 0 0 0 0 0
168.975 0 1 0 0 0 0 0 0 0
169.707 0 0 0 1 0 0 0 0 0
170.974 0 0 0 0 1 0 0 0 0
172.221 1 0 0 0 0 0 0 0 0
173.726 0 1 0 0 0 0 0 0 0
174.065 0 0 0 1 0 0 0 0 0
176.24 0 0 0 0 1 0 0 0 0
176.56 0 0 0 1 0 0 0 0 0
177.178 0 0 0 0 1 0 0 0 0
177.395 0 0 0 1 0 0 0 0 0
178.074 0 0 0 0 1 0 0 0 0
178.26 1 0 0 0 0 0 0 0 0
178.981 0 1 0 0 0 0 0 0 0
179.167 1 0 0 0 0 0 0 0 0
179.188 0 0 0 1 0 0 0 0 0
179.682 0 1 0 0 1 0 0 0 0
180.033 0 0 0 0 0 1 0 0 0
180.383 0 0 0 0 0 0 1 0 0
184.712 0 0 0 0 0 1 0 0 0
185.721 0 0 0 0 0 0 1 0 0
207.857 1 0 0 0 0 0 0 0 0
209.424 0 1 0 0 0 0 0 0 0
209.671 1 0 0 0 0 0 0 0 0
210.011 0 1 0 0 0 0 0 0 0
210.238 0 0 0 1 0 0 0 0 0
211.845 0 0 0 0 1 0 0 0 0
212.309 0 0 0 1 0 0 0 0 0
213.082 0 0 0 0 1 0 0 0 0
213.453 1 0 0 0 0 0 0 0 0
214.216 0 1 0 0 0 0 0 0 0
215.412 1 0 0 0 0 0 0 0 0
216.297 0 1 0 0 0 0 0 0 0
222.564 1 0 0 0 0 0 0 0 0
223.305 0 1 0 0 0 0 0 0 0
223.543 0 0 0 1 0 0 0 0 0
224.913 0 0 0 0 1 0 0 0 0
225.191 1 0 0 0 0 0 0 0 0
226.212 0 1 0 0 0 0 0 0 0
226.449 0 0 0 1 0 0 0 0 0
227.448 0 0 0 0 1 0 0 0 0
228.19 0 0 0 1 0 0 0 0 0
228.664 0 0 0 0 1 0 0 0 0
228.973 1 0 0 0 0 0 0 0 0
230.366 0 1 0 0 0 0 0 0 0
230.848 1 0 0 0 0 0 0 0 0
231.9 0 1 0 0 0 0 0 0 0
232.034 0 0 0 1 0 0 0 0 0
233.56 0 0 0 0 1 0 0 0 0
234.013 0 0 0 1 0 0 0 0 0
235.125 0 0 0 0 1 0 0 0 0
235.816 1 0 0 0 0 0 0 0 0
237.033 0 1 0 0 0 0 0 0 0
237.877 1 0 0 0 0 0 0 0 0
238.774 0 1 0 0 0 0 0 0 0
239.959 0 0 0 1 0 0 0 0 0
242.102 0 0 0 0 1 0 0 0 0
242.917 0 0 0 1 0 0 0 0 0
243.277 0 0 0 0 1 0 0 0 0
243.7 1 0 0 0 0 0 0 0 0
244.916 0 1 0 0 0 0 0 0 0
245.812 1 0 0 0 0 0 0 0 0
246.978 0 1 0 0 0 0 0 0 0
247.554 1 0 0 0 0 0 0 0 0
248.09 0 1 0 0 0 0 0 0 0
248.667 0 0 0 1 0 0 0 0 0
249.811 0 0 0 0 1 0 0 0 0
250.532 0 0 0 1 0 0 0 0 0
250.976 0 0 0 0 1 0 0 0 0
251.13 0 0 0 1 0 0 0 0 0
252.275 0 0 0 0 1 0 0 0 0
253.954 0 0 0 1 0 0 0 0 0
254.397 0 0 0 0 1 0 0 0 0
255.016 1 0 0 0 0 0 0 0 0
257.107 0 1 0 0 0 0 0 0 0
257.283 0 0 0 1 0 0 0 0 0
260.632 0 0 0 0 1 0 0 0 0
263.147 0 0 0 1 0 0 0 0 0
263.54 0 0 0 0 1 0 0 0 0
263.9 1 0 0 0 0 0 0 0 0
264.785 0 1 0 0 0 0 0 0 0
265.713 1 0 0 0 0 0 0 0 0
266.929 0 1 0 0 0 0 0 0 0
267.733 1 0 0 0 0 0 0 0 0
268.186 0 1 0 0 0 0 0 0 0
268.691 1 0 0 0 0 0 0 0 0
269.639 0 1 0 0 0 0 0 0 0
270.413 1 0 0 0 0 0 0 0 0
271.289 0 1 0 0 0 0 0 0 0
272.154 1 0 0 0 0 0 0 0 0
273.37 0 1 0 0 0 0 0 0 0
273.866 1 0 0 0 0 0 0 0 0
274.576 0 1 0 0 0 0 0 0 0
274.865 0 0 0 1 0 0 0 0 0
277.72 0 0 0 0 1 0 0 0 0
278.328 1 0 0 0 0 0 0 0 0
279.172 0 1 0 0 0 0 0 0 0
279.512 0 0 0 1 0 0 0 0 0
279.997 0 0 0 0 1 0 0 0 0
281.78 1 0 0 0 0 0 0 0 0
282.409 0 1 0 0 0 0 0 0 0
282.892 1 0 0 0 0 0 0 0 0
284.263 0 1 0 0 0 0 0 0 0
285.603 1 0 0 0 0 0 0 0 0
286.428 0 1 0 0 0 0 0 0 0
286.707 0 0 0 1 0 0 0 0 0
289.18 0 0 0 0 1 0 0 0 0
290.117 0 0 0 1 0 0 0 0 0
290.931 0 0 0 0 1 0 0 0 0
291.199 1 0 0 0 0 0 0 0 0
291.766 0 1 0 0 0 0 0 0 0
292.735 1 0 0 0 0 0 0 0 0
294.188 0 1 0 0 0 0 0 0 0
295.063 1 0 0 0 0 0 0 0 0
296.135 0 1 0 0 0 0 0 0 0
296.28 0 0 0 1 0 0 0 0 0
300.836 0 0 0 0 1 0 0 0 0
309.946 1 0 0 0 0 0 0 0 0
310.739 0 0 0 1 0 0 0 0 0
312.254 0 1 0 0 1 0 0 0 0
316.377 0 0 0 1 0 0 0 0 0
318.664 0 0 0 0 1 0 0 0 0
318.839 1 0 0 0 0 0 0 0 0
320.993 0 1 0 0 0 0 0 0 0
321.714 0 0 0 1 0 0 0 0 0
323.385 0 0 0 0 1 0 0 0 0
325.033 0 0 0 1 0 0 0 0 0
326.765 0 0 0 0 1 0 0 0 0
327.208 0 0 0 1 0 0 0 0 0
328.176 0 0 0 0 1 0 0 0 0
328.496 0 0 0 1 0 0 0 0 0
330.094 0 0 0 0 1 0 0 0 0
330.29 1 0 0 0 0 0 0 0 0
331.393 0 1 0 0 0 0 0 0 0
331.701 1 0 0 0 0 0 0 0 0
334.68 0 1 0 0 0 0 0 0 0
336.937 1 0 0 0 0 0 0 0 0
339.358 0 1 0 0 0 0 0 0 0
340.019 0 0 0 1 0 0 0 0 0
342.905 0 0 0 0 1 0 0 0 0
344.8 0 0 0 1 0 0 0 0 0
348.707 0 0 0 0 1 0 0 0 0
349.294 0 0 0 1 0 0 0 0 0
352.076 0 0 0 0 1 0 0 0 0
353.004 0 0 0 1 0 0 0 0 0
354.198 0 0 0 0 1 0 0 0 0
355.147 0 0 0 1 0 0 0 0 0
357.106 0 0 0 0 1 0 0 0 0
357.961 0 0 0 1 0 0 0 0 0
359.672 0 0 0 0 1 0 0 0 0
