0.000000 0.000000
1.000000 0.000000
2.000000 0.000000
3.000000 0.000000
4.000000 0.000000
5.000000 0.000000
6.000000 0.000000
7.000000 0.000000
8.000000 0.000000
9.000000 0.000000
10.000000 0.000000
11.000000 0.000000
12.000000 0.000000
13.000000 0.000000
14.000000 0.070748
15.000000 0.070748
16.000000 0.000000
17.000000 0.000000
18.000000 0.160819
19.000000 0.160819
20.000000 0.000000
21.000000 0.000000
22.000000 0.000000
23.000000 0.000000
24.000000 0.019428
25.000000 0.019428
26.000000 0.101690
27.000000 0.101690
28.000000 0.000000
29.000000 0.000000
30.000000 0.173537
31.000000 0.173537
32.000000 0.000000
33.000000 0.000000
34.000000 0.000000
35.000000 0.000000
36.000000 0.000000
37.000000 0.000000
38.000000 0.161289
39.000000 0.161289
40.000000 0.000000
41.000000 0.000000
42.000000 0.000000
43.000000 0.000000
44.000000 0.000000
45.000000 0.000000
46.000000 0.000000
47.000000 0.000000
48.000000 0.000000
49.000000 0.000000
50.000000 0.774208
51.000000 0.774208
52.000000 0.743861
53.000000 0.743861
54.000000 0.617649
55.000000 0.617649
56.000000 0.633718
57.000000 0.633718
58.000000 0.452701
59.000000 0.452701
60.000000 0.626823
61.000000 0.626823
62.000000 0.739360
63.000000 0.739360
64.000000 0.587159
65.000000 0.587159
66.000000 0.564439
67.000000 0.564439
68.000000 0.461561
69.000000 0.461561
70.000000 0.653283
71.000000 0.653283
72.000000 0.772095
73.000000 0.772095
74.000000 0.662325
75.000000 0.662325
76.000000 0.574967
77.000000 0.574967
78.000000 0.654180
79.000000 0.654180
80.000000 0.631061
81.000000 0.631061
82.000000 0.685769
83.000000 0.685769
84.000000 0.649305
85.000000 0.649305
86.000000 0.601287
87.000000 0.601287
88.000000 0.753315
89.000000 0.753315
90.000000 0.036870
91.000000 0.036870
92.000000 0.048623
93.000000 0.048623
94.000000 0.070930
95.000000 0.070930
96.000000 0.126332
97.000000 0.126332
98.000000 0.000000
99.000000 0.000000
100.000000 0.074243
101.000000 0.074243
102.000000 0.008232
103.000000 0.008232
104.000000 0.000000
105.000000 0.000000
106.000000 0.000000
107.000000 0.000000
108.000000 0.065659
109.000000 0.065659
110.000000 0.000000
111.000000 0.000000
112.000000 0.167651
113.000000 0.167651
114.000000 0.166485
115.000000 0.166485
116.000000 0.000000
117.000000 0.000000
118.000000 0.000000
119.000000 0.000000
120.000000 0.173756
121.000000 0.173756
122.000000 0.101140
123.000000 0.101140
124.000000 0.103223
125.000000 0.103223
126.000000 0.046329
127.000000 0.046329
128.000000 0.109008
129.000000 0.109008
130.000000 0.000000
131.000000 0.000000
132.000000 0.115715
133.000000 0.115715
134.000000 0.000000
135.000000 0.000000
136.000000 0.004644
137.000000 0.004644
138.000000 0.075576
139.000000 0.075576
140.000000 0.000000
141.000000 0.000000
142.000000 0.011165
143.000000 0.011165
144.000000 0.000000
145.000000 0.000000
146.000000 0.105616
147.000000 0.105616
148.000000 0.059801
149.000000 0.059801
150.000000 0.169001
151.000000 0.169001
152.000000 0.152887
153.000000 0.152887
154.000000 0.026695
155.000000 0.026695
156.000000 0.000000
157.000000 0.000000
158.000000 0.000000
159.000000 0.000000
160.000000 0.000000
161.000000 0.000000
162.000000 0.173471
163.000000 0.173471
164.000000 0.007135
165.000000 0.007135
166.000000 0.134849
167.000000 0.134849
168.000000 0.051888
169.000000 0.051888
170.000000 0.000000
171.000000 0.000000
172.000000 0.000000
173.000000 0.000000
174.000000 0.163737
175.000000 0.163737
176.000000 0.042039
177.000000 0.042039
178.000000 0.000000
179.000000 0.000000
180.000000 0.414428
181.000000 0.414428
182.000000 0.583877
183.000000 0.583877
184.000000 0.463655
185.000000 0.463655
186.000000 0.465287
187.000000 0.465287
188.000000 0.429858
189.000000 0.429858
190.000000 0.339311
191.000000 0.339311
192.000000 0.362231
193.000000 0.362231
194.000000 0.374789
195.000000 0.374789
196.000000 0.460328
197.000000 0.460328
198.000000 0.470943
199.000000 0.470943
200.000000 0.420301
201.000000 0.420301
202.000000 0.591988
203.000000 0.591988
204.000000 0.381800
205.000000 0.381800
206.000000 0.502419
207.000000 0.502419
208.000000 0.376074
209.000000 0.376074
210.000000 0.364338
211.000000 0.364338
212.000000 0.400364
213.000000 0.400364
214.000000 0.557071
215.000000 0.557071
216.000000 0.463624
217.000000 0.463624
218.000000 0.481522
219.000000 0.481522
220.000000 0.000000
221.000000 0.000000
222.000000 0.000000
223.000000 0.000000
224.000000 0.050626
225.000000 0.050626
226.000000 0.168049
227.000000 0.168049
228.000000 0.000000
229.000000 0.000000
230.000000 0.000000
231.000000 0.000000
232.000000 0.000000
233.000000 0.000000
234.000000 0.118406
235.000000 0.118406
236.000000 0.000000
237.000000 0.000000
238.000000 0.000000
239.000000 0.000000
240.000000 0.142992
241.000000 0.142992
242.000000 0.000000
243.000000 0.000000
244.000000 0.015448
245.000000 0.015448
246.000000 0.069653
247.000000 0.069653
248.000000 0.000000
249.000000 0.000000
250.000000 0.003296
251.000000 0.003296
252.000000 0.000000
253.000000 0.000000
254.000000 0.124558
255.000000 0.124558
256.000000 0.040042
257.000000 0.040042
258.000000 0.000000
259.000000 0.000000
260.000000 0.037406
261.000000 0.037406
262.000000 0.000000
263.000000 0.000000
264.000000 0.000000
265.000000 0.000000
266.000000 0.011325
267.000000 0.011325
268.000000 0.131324
269.000000 0.131324
270.000000 0.055663
271.000000 0.055663
272.000000 0.100669
273.000000 0.100669
274.000000 0.000000
275.000000 0.000000
276.000000 0.008741
277.000000 0.008741
278.000000 0.139818
279.000000 0.139818
280.000000 0.000000
281.000000 0.000000
282.000000 0.047100
283.000000 0.047100
284.000000 0.000000
285.000000 0.000000
286.000000 0.000000
287.000000 0.000000
288.000000 0.074422
289.000000 0.074422
290.000000 0.000000
291.000000 0.000000
292.000000 0.108481
293.000000 0.108481
294.000000 0.048233
295.000000 0.048233
296.000000 0.139324
297.000000 0.139324
298.000000 0.042637
299.000000 0.042637
300.000000 0.000000
