246.046 0 0 0 0 0 1 0 0 0
246.18 0 0 0 0 0 0 1 0 0
256.351 0 0 0 0 0 1 0 0 0
256.489 0 0 0 0 0 0 1 0 0
268.285 0 0 0 0 0 1 0 0 0
273.922 0 0 0 0 0 0 1 0 0
286.803 0 0 0 0 0 1 0 0 0
288.783 0 0 0 0 0 0 1 0 0
450.289 1 0 0 0 0 0 0 0 0
450.474 0 1 0 0 0 0 0 0 0
456.463 1 0 0 0 0 0 0 0 0
460.492 0 1 0 0 0 0 0 0 0
464.532 1 0 0 0 0 0 0 0 0
465.923 0 1 0 0 0 0 0 0 0
466.717 1 0 0 0 0 0 0 0 0
467.624 0 1 0 0 0 0 0 0 0
468.706 1 0 0 0 0 0 0 0 0
469.726 0 1 0 0 0 0 0 0 0
470.416 1 0 0 0 0 0 0 0 0
471.89 0 1 0 0 0 0 0 0 0
473.446 1 0 0 0 0 0 0 0 0
476.136 0 1 0 0 0 0 0 0 0
478.97 1 0 0 0 0 0 0 0 0
483.536 0 1 0 0 0 0 0 0 0
485.308 1 0 0 0 0 0 0 0 0
486.823 0 1 0 0 0 0 0 0 0
489.78 1 0 0 0 0 0 0 0 0
489.894 0 1 0 0 0 0 0 0 0
490.008 1 0 1 0 0 0 0 0 0
490.079 0 1 0 0 0 0 0 0 0
530.702 0 0 0 1 0 0 0 0 0
535.867 0 0 0 0 1 0 0 0 0
545.119 0 0 0 1 0 0 0 0 0
550.478 0 0 0 0 1 0 0 0 0
568.996 0 0 0 1 0 0 0 0 0
573.067 0 0 0 0 1 0 0 0 0
574.16 0 0 0 1 0 0 0 0 0
576.282 0 0 0 0 1 0 0 0 0
577.828 0 0 0 1 0 0 0 0 0
579.92 0 0 0 0 1 0 0 0 0
581.487 0 0 0 1 0 0 0 0 0
585.217 0 0 0 0 1 0 0 0 0
587.701 0 0 0 1 0 0 0 0 0
590.503 0 0 0 0 1 0 0 0 0
610.6 0 0 0 1 0 0 0 0 0
614.217 0 0 0 0 1 0 0 0 0
616.844 1 0 0 0 0 0 0 0 0
622.636 0 1 0 0 0 0 0 0 0
627.767 1 0 0 0 0 0 0 0 0
631.643 0 1 0 0 0 0 0 0 0
633.467 1 0 0 0 0 0 0 0 0
635.188 0 1 0 0 0 0 0 0 0
641.577 0 0 0 1 0 0 0 0 0
645.411 0 0 0 0 1 0 0 0 0
647.327 1 0 0 0 0 0 0 0 0
650.738 0 1 0 0 0 0 0 0 0
653.356 1 0 0 0 0 0 0 0 0
653.418 0 1 0 0 0 0 0 0 0
653.573 1 0 1 0 0 0 0 0 0
653.707 0 1 0 0 0 0 0 0 0
657.838 0 0 0 1 0 0 0 0 0
659.179 0 0 0 0 1 0 0 0 0
659.993 1 0 0 0 0 0 0 0 0
663.249 0 1 0 0 0 0 0 0 0
663.362 1 0 0 0 0 0 0 0 0
663.486 0 1 0 0 0 0 0 0 0
664.063 1 0 0 0 0 0 0 0 0
673.173 0 1 0 0 0 0 0 0 0
676.503 1 0 0 0 0 0 0 0 0
677.346 0 1 0 0 0 0 0 0 0
677.841 0 0 0 1 0 0 0 0 0
682.242 0 0 0 0 1 0 0 0 0
683.221 0 0 0 1 0 0 0 0 0
684.015 0 0 0 0 1 0 0 0 0
684.128 1 0 0 0 0 0 0 0 0
685.581 0 1 0 0 0 0 0 0 0
694.371 1 0 0 0 0 0 0 0 0
694.454 0 1 0 0 0 0 0 0 0
694.567 1 0 1 0 0 0 0 0 0
694.66 0 1 0 0 0 0 0 0 0
704.017 1 0 0 0 0 0 0 0 0
705.377 0 1 0 0 0 0 0 0 0
706.254 1 0 0 0 0 0 0 0 0
707.572 0 1 0 0 0 0 0 0 0
707.86 1 0 0 0 0 0 0 0 0
709.613 0 1 0 0 0 0 0 0 0
710.335 1 0 0 0 0 0 0 0 0
710.438 0 1 0 0 0 0 0 0 0
710.511 1 0 1 0 0 0 0 0 0
710.664 0 1 0 0 0 0 0 0 0
712.622 1 0 0 0 0 0 0 0 0
715.991 0 1 0 0 0 0 0 0 0
742.393 1 0 0 0 0 0 0 0 0
742.486 0 1 0 0 0 0 0 0 0
742.579 1 0 1 0 0 0 0 0 0
742.672 0 1 0 0 0 0 0 0 0
744.835 1 0 0 0 0 0 0 0 0
746.124 0 1 0 0 0 0 0 0 0
746.701 1 0 0 0 0 0 0 0 0
746.804 0 1 0 0 0 0 0 0 0
747.134 1 0 1 0 0 0 0 0 0
747.557 0 1 0 0 0 0 0 0 0
747.773 0 0 0 1 0 0 0 0 0
750.307 0 0 0 0 1 0 0 0 0
751.256 1 0 0 0 0 0 0 0 0
754.193 0 1 0 0 0 0 0 0 0
755.821 1 0 0 0 0 0 0 0 0
755.862 0 1 0 0 0 0 0 0 0
756.47 1 0 0 0 0 0 0 0 0
756.552 0 1 0 0 0 0 0 0 0
757.109 0 0 0 1 0 0 0 0 0
757.212 0 0 0 0 1 0 0 0 0
757.593 0 0 0 1 0 0 0 0 0
757.779 0 0 0 0 1 0 0 0 0
757.985 0 0 0 1 0 0 0 0 0
758.243 0 0 0 0 1 0 0 0 0
758.469 0 0 0 1 0 0 0 0 0
758.768 0 0 0 0 1 0 0 0 0
761.871 0 0 0 1 0 0 0 0 0
761.994 0 0 0 0 1 0 0 0 0
762.499 0 0 0 1 0 0 0 0 0
762.602 0 0 0 0 1 0 0 0 0
762.921 0 0 0 1 0 0 0 0 0
763.509 0 0 0 0 1 0 0 0 0
765.487 1 0 0 0 0 0 0 0 0
765.734 0 1 0 0 0 0 0 0 0
768.465 0 0 0 1 0 0 0 0 0
768.537 0 0 0 0 1 0 0 0 0
768.651 0 0 0 1 0 0 0 0 0
768.723 0 0 0 0 1 0 0 0 0
770.475 1 0 0 0 0 0 0 0 0
770.527 0 1 0 0 0 0 0 0 0
770.629 1 0 1 0 0 0 0 0 0
770.712 0 1 0 0 0 0 0 0 0
792.951 1 0 0 0 0 0 0 0 0
793.62 0 1 0 0 0 0 0 0 0
798.32 1 0 0 0 0 0 0 0 0
799.68 0 1 0 0 0 0 0 0 0
801.484 1 0 0 0 0 0 0 0 0
803.049 0 1 0 0 0 0 0 0 0
805.275 0 0 0 1 0 0 0 0 0
810.902 0 0 0 0 1 0 0 0 0
811.417 1 0 0 0 0 0 0 0 0
811.5 0 1 0 0 0 0 0 0 0
811.583 1 0 1 0 0 0 0 0 0
811.706 0 1 0 0 0 0 0 0 0
814.963 1 0 0 0 0 0 0 0 0
815.911 0 1 0 0 0 0 0 0 0
817.188 1 0 0 0 0 0 0 0 0
821.867 0 1 0 0 0 0 0 0 0
822.012 1 0 0 0 0 0 0 0 0
822.702 0 1 0 0 0 0 0 0 0
823.547 1 0 0 0 0 0 0 0 0
824.783 0 1 0 0 0 0 0 0 0
825.464 0 0 0 1 0 0 0 0 0
825.577 0 0 0 0 1 0 0 0 0
825.907 0 0 0 1 0 0 0 0 0
829.04 0 0 0 0 1 0 0 0 0
834.348 1 0 0 0 0 0 0 0 0
840.561 0 1 0 0 0 0 0 0 0
842.613 1 0 0 0 0 0 0 0 0
843.457 0 1 0 0 0 0 0 0 0
843.931 1 0 0 0 0 0 0 0 0
844.457 0 1 0 0 0 0 0 0 0
844.86 1 0 0 0 0 0 0 0 0
845.467 0 1 0 0 0 0 0 0 0
846.003 1 0 0 0 0 0 0 0 0
846.281 0 1 0 0 0 0 0 0 0
850.671 1 0 0 0 0 0 0 0 0
852.124 0 1 0 0 0 0 0 0 0
853.041 1 0 0 0 0 0 0 0 0
857.741 0 1 0 0 0 0 0 0 0
858.019 0 0 0 1 0 0 0 0 0
858.141 0 0 0 0 1 0 0 0 0
858.224 0 0 0 1 0 0 0 0 0
858.317 0 0 0 0 1 0 0 0 0
859.049 0 0 0 1 0 0 0 0 0
861.131 0 0 0 0 1 0 0 0 0
862.696 1 0 0 0 0 0 0 0 0
863.459 0 1 0 0 0 0 0 0 0
863.635 0 0 0 1 0 0 0 0 0
867.365 0 0 0 0 1 0 0 0 0
868.509 1 0 0 0 0 0 0 0 0
871.116 0 1 0 0 0 0 0 0 0
875.754 1 0 0 0 0 0 0 0 0
875.826 0 1 0 0 0 0 0 0 0
875.929 1 0 1 0 0 0 0 0 0
876.001 0 1 0 0 0 0 0 0 0
876.321 1 0 0 0 0 0 0 0 0
876.713 0 1 0 0 0 0 0 0 0
880.144 1 0 0 0 0 0 0 0 0
881.359 0 1 0 0 0 0 0 0 0
881.597 0 0 0 1 0 0 0 0 0
884.204 0 0 0 0 1 0 0 0 0
885.739 1 0 0 0 0 0 0 0 0
887.172 0 1 0 0 0 0 0 0 0
889.377 1 0 0 0 0 0 0 0 0
889.501 0 1 0 0 0 0 0 0 0
889.624 1 0 1 0 0 0 0 0 0
889.717 0 1 0 0 0 0 0 0 0
890.408 0 0 0 1 0 0 0 0 0
890.511 0 0 0 0 1 0 0 0 0
890.717 0 0 0 1 0 0 0 0 0
890.82 0 0 0 0 1 0 0 0 0
892.036 0 0 0 1 0 0 0 0 0
892.777 0 0 0 0 1 0 0 0 0
893.643 0 0 0 1 0 0 0 0 0
893.736 0 0 0 0 1 0 0 0 0
894.385 1 0 0 0 0 0 0 0 0
894.53 0 1 0 0 0 0 0 0 0
894.592 1 0 1 0 0 0 0 0 0
894.705 0 1 0 0 0 0 0 0 0
897.57 0 0 0 1 0 0 0 0 0
898.023 0 0 0 0 1 0 0 0 0
898.621 1 0 0 0 0 0 0 0 0
901.362 0 1 0 0 0 0 0 0 0
901.97 0 0 0 1 0 0 0 0 0
907.699 0 0 0 0 1 0 0 0 0
908.782 1 0 0 0 0 0 0 0 0
916.181 0 1 0 0 0 0 0 0 0
916.552 0 0 0 1 0 0 0 0 0
916.676 0 0 0 0 1 0 0 0 0
917.387 1 0 0 0 0 0 0 0 0
917.521 0 1 0 0 0 0 0 0 0
917.624 1 0 1 0 0 0 0 0 0
917.727 0 1 0 0 0 0 0 0 0
922.57 0 0 0 1 0 0 0 0 0
926.517 0 0 0 0 1 0 0 0 0
939.203 1 0 0 0 0 0 0 0 0
939.255 0 1 0 0 0 0 0 0 0
939.347 1 0 1 0 0 0 0 0 0
939.44 0 1 0 0 0 0 0 0 0
943.14 1 0 0 0 0 0 0 0 0
943.954 0 1 0 0 0 0 0 0 0
944.088 1 0 0 0 0 0 0 0 0
944.583 0 1 0 0 0 0 0 0 0
945.006 0 0 0 1 0 0 0 0 0
949.456 0 0 0 0 1 0 0 0 0
955.073 1 0 0 0 0 0 0 0 0
958.341 0 1 0 0 0 0 0 0 0
958.494 1 0 0 0 0 0 0 0 0
960.174 0 1 0 0 0 0 0 0 0
960.441 0 0 0 1 0 0 0 0 0
962.822 0 0 0 0 1 0 0 0 0
963.338 1 0 0 0 0 0 0 0 0
964.285 0 1 0 0 0 0 0 0 0
964.956 1 0 0 0 0 0 0 0 0
965.419 0 1 0 0 0 0 0 0 0
967.161 1 0 0 0 0 0 0 0 0
968.201 0 1 0 0 0 0 0 0 0
968.902 1 0 0 0 0 0 0 0 0
968.995 0 1 0 0 0 0 0 0 0
969.089 1 0 1 0 0 0 0 0 0
969.18 0 1 0 0 0 0 0 0 0
970.923 1 0 0 0 0 0 0 0 0
971.396 0 1 0 0 0 0 0 0 0
971.51 1 0 0 0 0 0 0 0 0
978.537 0 1 0 0 0 0 0 0 0
978.774 0 0 0 1 0 0 0 0 0
982.432 0 0 0 0 1 0 0 0 0
983.153 1 0 0 0 0 0 0 0 0
984.441 0 1 0 0 0 0 0 0 0
984.864 1 0 0 0 0 0 0 0 0
987.563 0 1 0 0 0 0 0 0 0
988.533 1 0 0 0 0 0 0 0 0
992.356 0 1 0 0 0 0 0 0 0
994.252 1 0 0 0 0 0 0 0 0
994.293 0 1 0 0 0 0 0 0 0
994.478 1 0 1 0 0 0 0 0 0
994.55 0 1 0 0 0 0 0 0 0
1003.63 1 0 0 0 0 0 0 0 0
1003.78 0 1 0 0 0 0 0 0 0
1005.39 1 0 0 0 0 0 0 0 0
1007.35 0 1 0 0 0 0 0 0 0
1007.81 1 0 0 0 0 0 0 0 0
1008 0 1 0 0 0 0 0 0 0
1010.92 1 0 0 0 0 0 0 0 0
1011.25 0 1 0 0 0 0 0 0 0
1011.84 1 0 0 0 0 0 0 0 0
1011.96 0 1 0 0 0 0 0 0 0
1013.39 1 0 0 0 0 0 0 0 0
1013.48 0 1 0 0 0 0 0 0 0
1013.55 1 0 1 0 0 0 0 0 0
1013.65 0 1 0 0 0 0 0 0 0
1016.82 1 0 0 0 0 0 0 0 0
1016.99 0 1 0 0 0 0 0 0 0
1017.17 1 0 1 0 0 0 0 0 0
1018.15 0 1 0 0 0 0 0 0 0
1018.59 1 0 0 0 0 0 0 0 0
1018.66 0 1 0 0 0 0 0 0 0
1018.77 1 0 1 0 0 0 0 0 0
1018.84 0 1 0 0 0 0 0 0 0
1021.32 1 0 0 0 0 0 0 0 0
1023.66 0 1 0 0 0 0 0 0 0
1025.37 1 0 0 0 0 0 0 0 0
1026.74 0 1 0 0 0 0 0 0 0
1028.01 0 0 0 1 0 0 0 0 0
1028.18 0 0 0 0 1 0 0 0 0
1028.52 0 0 0 1 0 0 0 0 0
1029.61 0 0 0 0 1 0 0 0 0
1030.01 1 0 0 0 0 0 0 0 0
1030.14 0 1 0 0 0 0 0 0 0
1030.22 1 0 1 0 0 0 0 0 0
1030.32 0 1 0 0 0 0 0 0 0
1037.77 1 0 0 0 0 0 0 0 0
1039.2 0 1 0 0 0 0 0 0 0
1049.67 1 0 0 0 0 0 0 0 0
1049.79 0 1 0 0 0 0 0 0 0
1049.85 1 0 1 0 0 0 0 0 0
1049.98 0 1 0 0 0 0 0 0 0
1051.74 1 0 0 0 0 0 0 0 0
1053.25 0 1 0 0 0 0 0 0 0
1054.01 1 0 0 0 0 0 0 0 0
1062.18 0 1 0 0 0 0 0 0 0
1062.97 1 0 0 0 0 0 0 0 0
1063.04 0 1 0 0 0 0 0 0 0
1063.13 1 0 1 0 0 0 0 0 0
1063.21 0 1 0 0 0 0 0 0 0
1076.76 1 0 0 0 0 0 0 0 0
1077.11 0 1 0 0 0 0 0 0 0
1077.73 1 0 0 0 0 0 0 0 0
1079.1 0 1 0 0 0 0 0 0 0
1079.68 1 0 0 0 0 0 0 0 0
1079.75 0 1 0 0 0 0 0 0 0
1079.83 1 0 1 0 0 0 0 0 0
1079.92 0 1 0 0 0 0 0 0 0
1222.51 0 0 0 0 0 1 0 0 0
1228.12 0 0 0 0 0 0 1 0 0
1255.45 0 0 0 1 0 0 0 0 0
1255.52 0 0 0 0 1 0 0 0 0
1255.93 0 0 0 1 0 0 0 0 0
1257.33 0 0 0 0 1 0 0 0 0
1257.69 1 0 0 0 0 0 0 0 0
1262.4 0 1 0 0 0 0 0 0 0
1262.65 0 0 0 1 0 0 0 0 0
1263.27 0 0 0 0 1 0 0 0 0
1263.78 1 0 0 0 0 0 0 0 0
1266.43 0 1 0 0 0 0 0 0 0
1268.66 0 0 0 1 0 0 0 0 0
1275.54 0 0 0 0 1 0 0 0 0
1276.45 1 0 0 0 0 0 0 0 0
1280.86 0 1 0 0 0 0 0 0 0
1281.74 1 0 0 0 0 0 0 0 0
1281.86 0 1 0 0 0 0 0 0 0
1281.91 1 0 1 0 0 0 0 0 0
1282.06 0 1 0 0 0 0 0 0 0
1284.41 1 0 0 0 0 0 0 0 0
1285.38 0 1 0 0 0 0 0 0 0
1286.63 1 0 0 0 0 0 0 0 0
1286.82 0 1 0 0 0 0 0 0 0
1288.57 1 0 0 0 0 0 0 0 0
1288.92 0 1 0 0 0 0 0 0 0
1301.78 1 0 0 0 0 0 0 0 0
1301.87 0 1 0 0 0 0 0 0 0
1301.94 1 0 1 0 0 0 0 0 0
1302.04 0 1 0 0 0 0 0 0 0
1306.34 0 0 0 1 0 0 0 0 0
1308.33 0 0 0 0 1 0 0 0 0
1308.5 0 0 0 1 0 0 0 0 0
1311.07 0 0 0 0 1 0 0 0 0
1312.34 1 0 0 0 0 0 0 0 0
1313.79 0 1 0 0 0 0 0 0 0
1315.66 1 0 0 0 0 0 0 0 0
1318.16 0 1 0 0 0 0 0 0 0
1318.73 0 0 0 1 0 0 0 0 0
1320.31 0 0 0 0 1 0 0 0 0
1321.18 0 0 0 1 0 0 0 0 0
1321.63 0 0 0 0 1 0 0 0 0
1325.72 0 0 0 1 0 0 0 0 0
1326.54 0 0 0 0 1 0 0 0 0
1326.84 0 0 0 1 0 0 0 0 0
1328.94 0 0 0 0 1 0 0 0 0
1329.81 1 0 0 0 0 0 0 0 0
1331.26 0 1 0 0 0 0 0 0 0
1332.77 1 0 0 0 0 0 0 0 0
1334.57 0 1 0 0 0 0 0 0 0
1335.41 0 0 0 1 0 0 0 0 0
1336.44 0 0 0 0 1 0 0 0 0
1336.58 0 0 0 1 0 0 0 0 0
1338.8 0 0 0 0 1 0 0 0 0
1342.75 0 0 0 1 0 0 0 0 0
1344.06 0 0 0 0 1 0 0 0 0
1344.31 1 0 0 0 0 0 0 0 0
1345.48 0 1 0 0 0 0 0 0 0
1346.38 0 0 0 1 0 0 0 0 0
1348.42 0 0 0 0 1 0 0 0 0
1348.72 0 0 0 1 0 0 0 0 0
1349.8 0 0 0 0 1 0 0 0 0
1352.92 0 0 0 1 0 0 0 0 0
1355.73 0 0 0 0 1 0 0 0 0
1357.66 1 0 0 0 0 0 0 0 0
1358.77 0 1 0 0 0 0 0 0 0
1383.48 1 0 0 0 0 0 0 0 0
1383.6 0 1 0 0 0 0 0 0 0
1383.64 1 0 1 0 0 0 0 0 0
1383.78 0 1 0 0 0 0 0 0 0
1386.67 1 0 0 0 0 0 0 0 0
1388.83 0 1 0 0 0 0 0 0 0
1389.24 1 0 0 0 0 0 0 0 0
1390.51 0 1 0 0 0 0 0 0 0
1390.93 1 0 0 0 0 0 0 0 0
1391.79 0 1 0 0 0 0 0 0 0
1392.4 1 0 0 0 0 0 0 0 0
1393.19 0 1 0 0 0 0 0 0 0
1394.72 1 0 0 0 0 0 0 0 0
1400.84 0 1 0 0 0 0 0 0 0
1401.54 1 0 0 0 0 0 0 0 0
1401.64 0 1 0 0 0 0 0 0 0
1401.72 1 0 1 0 0 0 0 0 0
1401.84 0 1 0 0 0 0 0 0 0
1402.25 1 0 0 0 0 0 0 0 0
1402.4 0 1 0 0 0 0 0 0 0
1402.5 1 0 1 0 0 0 0 0 0
1402.63 0 1 0 0 0 0 0 0 0
1407.32 0 0 0 1 0 0 0 0 0
1409.42 0 0 0 0 1 0 0 0 0
1411.35 0 0 0 1 0 0 0 0 0
1413.1 0 0 0 0 1 0 0 0 0
1413.63 0 0 0 1 0 0 0 0 0
1414.33 0 0 0 0 1 0 0 0 0
1415.03 1 0 0 0 0 0 0 0 0
1427.22 0 1 0 0 0 0 0 0 0
1430.64 1 0 0 0 0 0 0 0 0
1430.69 0 1 0 0 0 0 0 0 0
1430.79 1 0 1 0 0 0 0 0 0
1430.89 0 1 0 0 0 0 0 0 0
1434.31 1 0 0 0 0 0 0 0 0
1440.64 0 1 0 0 0 0 0 0 0
1442.01 1 0 0 0 0 0 0 0 0
1443.66 0 1 0 0 0 0 0 0 0
1443.95 0 0 0 1 0 0 0 0 0
1450.1 0 0 0 0 1 0 0 0 0
1450.72 1 0 0 0 0 0 0 0 0
1454.8 0 1 0 0 0 0 0 0 0
1457.95 1 0 0 0 0 0 0 0 0
1459.57 0 1 0 0 0 0 0 0 0
1461.23 1 0 0 0 0 0 0 0 0
1462.04 0 1 0 0 0 0 0 0 0
1462.72 1 0 0 0 0 0 0 0 0
1463.27 0 1 0 0 0 0 0 0 0
1463.73 1 0 0 0 0 0 0 0 0
1464.26 0 1 0 0 0 0 0 0 0
1465.06 1 0 0 0 0 0 0 0 0
1465.43 0 1 0 0 0 0 0 0 0
1467.01 0 0 0 1 0 0 0 0 0
1467.38 0 0 0 0 1 0 0 0 0
1468.26 1 0 0 0 0 0 0 0 0
1469.5 0 1 0 0 0 0 0 0 0
1470.33 0 0 0 1 0 0 0 0 0
1471.55 0 0 0 0 1 0 0 0 0
1473.84 0 0 0 1 0 0 0 0 0
1474.17 0 0 0 0 1 0 0 0 0
1474.92 1 0 0 0 0 0 0 0 0
1479.32 0 1 0 0 0 0 0 0 0
1480.29 0 0 0 1 0 0 0 0 0
1481.65 0 0 0 0 1 0 0 0 0
