3.42072 0 0 0 0 0 1 0 0 0
4.9252 0 0 0 0 0 0 1 0 0
5.11021 0 0 0 0 0 1 0 0 0
5.23413 0 0 0 0 0 0 1 0 0
9.22207 0 0 0 0 0 1 0 0 0
9.34502 0 0 0 0 0 0 1 0 0
9.57197 0 0 0 0 0 1 0 0 0
9.70595 0 0 0 0 0 0 1 0 0
29.3269 1 0 0 0 0 0 0 0 0
30.6355 0 1 0 0 0 0 0 0 0
31.2023 1 0 0 0 0 0 0 0 0
31.2953 0 1 0 0 0 0 0 0 0
31.3672 1 0 1 0 0 0 0 0 0
31.4703 0 1 0 0 0 0 0 0 0
32.8209 1 0 0 0 0 0 0 0 0
38.1575 0 1 0 0 0 0 0 0 0
38.5184 0 0 0 1 0 0 0 0 0
40.064 0 0 0 0 1 0 0 0 0
40.4558 1 0 0 0 0 0 0 0 0
46.1654 0 1 0 0 0 0 0 0 0
46.7622 0 0 0 1 0 0 0 0 0
47.4941 0 0 0 0 1 0 0 0 0
47.9369 1 0 0 0 0 0 0 0 0
48.0399 0 1 0 0 0 0 0 0 0
48.1129 1 0 1 0 0 0 0 0 0
48.2469 0 1 0 0 0 0 0 0 0
49.7615 1 0 0 0 0 0 0 0 0
54.7492 0 1 0 0 0 0 0 0 0
60.4167 1 0 0 0 0 0 0 0 0
62.4471 0 1 0 0 0 0 0 0 0
62.7041 0 0 0 1 0 0 0 0 0
63.8167 0 0 0 0 1 0 0 0 0
64.4246 1 0 0 0 0 0 0 0 0
65.6923 0 1 0 0 0 0 0 0 0
66.0022 1 0 0 0 0 0 0 0 0
66.5071 0 1 0 0 0 0 0 0 0
68.0417 1 0 0 0 0 0 0 0 0
69.7833 0 1 0 0 0 0 0 0 0
70.495 1 0 0 0 0 0 0 0 0
72.2156 0 1 0 0 0 0 0 0 0
72.5455 1 0 0 0 0 0 0 0 0
72.6486 0 1 0 0 0 0 0 0 0
72.6995 1 0 1 0 0 0 0 0 0
72.8134 0 1 0 0 0 0 0 0 0
75.9975 1 0 0 0 0 0 0 0 0
77.7701 0 1 0 0 0 0 0 0 0
77.9451 1 0 0 0 0 0 0 0 0
78.8728 0 1 0 0 0 0 0 0 0
79.2337 1 0 0 0 0 0 0 0 0
80.0985 0 1 0 0 0 0 0 0 0
80.2534 1 0 0 0 0 0 0 0 0
81.5211 0 1 0 0 0 0 0 0 0
81.7681 1 0 0 0 0 0 0 0 0
82.4279 0 1 0 0 0 0 0 0 0
82.6648 1 0 0 0 0 0 0 0 0
86.9098 0 1 0 0 0 0 0 0 0
87.3946 0 0 0 1 0 0 0 0 0
87.5075 0 0 0 0 1 0 0 0 0
87.8175 1 0 0 0 0 0 0 0 0
87.8794 0 1 0 0 0 0 0 0 0
87.9614 1 0 1 0 0 0 0 0 0
88.0744 0 1 0 0 0 0 0 0 0
90.5167 1 0 0 0 0 0 0 0 0
93.9169 0 1 0 0 0 0 0 0 0
94.6186 1 0 0 0 0 0 0 0 0
95.5455 0 1 0 0 0 0 0 0 0
96.2262 1 0 0 0 0 0 0 0 0
96.4013 0 1 0 0 0 0 0 0 0
96.7821 1 0 0 0 0 0 0 0 0
102.275 0 1 0 0 0 0 0 0 0
110.375 1 0 0 0 0 0 0 0 0
112.785 0 1 0 0 0 0 0 0 0
113.178 1 0 0 0 0 0 0 0 0
113.281 0 1 0 0 0 0 0 0 0
113.322 1 0 1 0 0 0 0 0 0
113.435 0 1 0 0 0 0 0 0 0
114.28 1 0 0 0 0 0 0 0 0
114.362 0 1 0 0 0 0 0 0 0
114.485 1 0 1 0 0 0 0 0 0
114.589 0 1 0 0 0 0 0 0 0
116.104 1 0 0 0 0 0 0 0 0
117.835 0 1 0 0 0 0 0 0 0
118.526 0 0 0 1 0 0 0 0 0
120.494 0 0 0 0 1 0 0 0 0
120.916 1 0 0 0 0 0 0 0 0
122.709 0 1 0 0 0 0 0 0 0
123.513 0 0 0 0 0 1 0 0 0
125.234 0 0 0 0 0 0 1 0 0
155.829 1 0 0 0 0 0 0 0 0
157.086 0 1 0 0 0 0 0 0 0
158.117 1 0 0 0 0 0 0 0 0
159.261 0 1 0 0 0 0 0 0 0
159.477 1 0 0 0 0 0 0 0 0
159.518 0 1 0 0 0 0 0 0 0
160.136 1 0 0 0 0 0 0 0 0
160.218 0 1 0 0 0 0 0 0 0
160.29 1 0 1 0 0 0 0 0 0
160.425 0 1 0 0 0 0 0 0 0
161.249 1 0 0 0 0 0 0 0 0
168.751 0 1 0 0 0 0 0 0 0
170.029 0 0 0 1 0 0 0 0 0
172.935 0 0 0 0 1 0 0 0 0
173.285 1 0 0 0 0 0 0 0 0
176.202 0 1 0 0 0 0 0 0 0
176.614 0 0 0 1 0 0 0 0 0
183.992 0 0 0 0 1 0 0 0 0
185.064 1 0 0 0 0 0 0 0 0
185.682 0 1 0 0 0 0 0 0 0
186.229 1 0 0 0 0 0 0 0 0
187.289 0 1 0 0 0 0 0 0 0
187.619 1 0 0 0 0 0 0 0 0
187.733 0 1 0 0 0 0 0 0 0
187.784 1 0 1 0 0 0 0 0 0
187.877 0 1 0 0 0 0 0 0 0
190.742 0 0 0 1 0 0 0 0 0
194.668 0 0 0 0 1 0 0 0 0
195.132 1 0 0 0 0 0 0 0 0
195.204 0 1 0 0 0 0 0 0 0
195.297 1 0 1 0 0 0 0 0 0
195.42 0 1 0 0 0 0 0 0 0
195.74 1 0 0 0 0 0 0 0 0
195.833 0 1 0 0 0 0 0 0 0
195.946 1 0 1 0 0 0 0 0 0
196.049 0 1 0 0 0 0 0 0 0
196.853 1 0 0 0 0 0 0 0 0
197.564 0 1 0 0 0 0 0 0 0
198.398 1 0 0 0 0 0 0 0 0
199.171 0 1 0 0 0 0 0 0 0
199.532 1 0 0 0 0 0 0 0 0
202.263 0 1 0 0 0 0 0 0 0
210.827 1 0 0 0 0 0 0 0 0
212.136 0 1 0 0 0 0 0 0 0
213.867 1 0 0 0 0 0 0 0 0
214.949 0 1 0 0 0 0 0 0 0
215.619 1 0 0 0 0 0 0 0 0
220.37 0 1 0 0 0 0 0 0 0
220.772 1 0 0 0 0 0 0 0 0
220.823 0 1 0 0 0 0 0 0 0
220.915 1 0 1 0 0 0 0 0 0
221.008 0 1 0 0 0 0 0 0 0
221.812 1 0 0 0 0 0 0 0 0
223.492 0 1 0 0 0 0 0 0 0
223.678 0 0 0 1 0 0 0 0 0
225.532 0 0 0 0 1 0 0 0 0
226.934 1 0 0 0 0 0 0 0 0
230.891 0 1 0 0 0 0 0 0 0
231.149 0 0 0 1 0 0 0 0 0
234.91 0 0 0 0 1 0 0 0 0
235.085 1 0 0 0 0 0 0 0 0
240.752 0 1 0 0 0 0 0 0 0
242.659 0 0 0 0 0 1 0 0 0
244.369 0 0 0 0 0 0 1 0 0
247.296 0 0 0 0 0 1 0 0 0
249.583 0 0 0 0 0 0 1 0 0
251.283 0 0 0 0 0 1 0 0 0
251.417 0 0 0 0 0 0 1 0 0
251.479 0 0 0 0 0 1 0 0 0
251.582 0 0 0 0 0 0 1 0 0
251.664 0 0 0 0 0 1 0 0 0
251.798 0 0 0 0 0 0 1 0 0
254.22 0 0 0 0 0 1 0 0 0
255.374 0 0 0 0 0 0 1 0 0
257.064 0 0 0 0 0 1 0 0 0
258.116 0 0 0 0 0 0 1 0 0
259.836 0 0 0 0 0 1 0 0 0
261.63 0 0 0 0 0 0 1 0 0
284.569 1 0 0 0 0 0 0 0 0
286.155 0 1 0 0 0 0 0 0 0
286.959 1 0 0 0 0 0 0 0 0
288.278 0 1 0 0 0 0 0 0 0
288.65 1 0 0 0 0 0 0 0 0
294.997 0 1 0 0 0 0 0 0 0
295.337 1 0 0 0 0 0 0 0 0
295.451 0 1 0 0 0 0 0 0 0
295.492 1 0 1 0 0 0 0 0 0
295.616 0 1 0 0 0 0 0 0 0
296.409 1 0 0 0 0 0 0 0 0
301.17 0 1 0 0 0 0 0 0 0
301.85 1 0 0 0 0 0 0 0 0
302.623 0 1 0 0 0 0 0 0 0
305.663 1 0 0 0 0 0 0 0 0
306.477 0 1 0 0 0 0 0 0 0
306.694 1 0 0 0 0 0 0 0 0
306.807 0 1 0 0 0 0 0 0 0
306.848 1 0 1 0 0 0 0 0 0
306.982 0 1 0 0 0 0 0 0 0
308.302 1 0 0 0 0 0 0 0 0
308.405 0 1 0 0 0 0 0 0 0
308.517 1 0 1 0 0 0 0 0 0
311.259 0 1 0 0 0 0 0 0 0
311.455 1 0 0 0 0 0 0 0 0
312.557 0 1 0 0 0 0 0 0 0
319.966 1 0 0 0 0 0 0 0 0
320.615 0 1 0 0 0 0 0 0 0
324.408 0 0 0 1 0 0 0 0 0
326.985 0 0 0 0 1 0 0 0 0
327.355 1 0 0 0 0 0 0 0 0
334.404 0 1 0 0 0 0 0 0 0
334.868 1 0 0 0 0 0 0 0 0
337.227 0 1 0 0 0 0 0 0 0
337.743 1 0 0 0 0 0 0 0 0
338.876 0 1 0 0 0 0 0 0 0
342.339 1 0 0 0 0 0 0 0 0
343.863 0 1 0 0 0 0 0 0 0
344.802 1 0 0 0 0 0 0 0 0
345.41 0 1 0 0 0 0 0 0 0
346.975 1 0 0 0 0 0 0 0 0
348.367 0 1 0 0 0 0 0 0 0
348.8 1 0 0 0 0 0 0 0 0
351.623 0 1 0 0 0 0 0 0 0
351.83 1 0 0 0 0 0 0 0 0
351.902 0 1 0 0 0 0 0 0 0
352.005 1 0 1 0 0 0 0 0 0
352.087 0 1 0 0 0 0 0 0 0
358.517 1 0 0 0 0 0 0 0 0
361.785 0 1 0 0 0 0 0 0 0
