6.72691 0 0 0 0 0 1 0 0 0
7.66567 0 0 0 0 0 0 1 0 0
19.9604 0 0 0 0 0 1 0 0 0
20.6722 0 0 0 0 0 0 1 0 0
21.1662 0 0 0 0 0 1 0 0 0
21.744 0 0 0 0 0 0 1 0 0
22.5168 0 0 0 0 0 1 0 0 0
22.7437 0 0 0 0 0 0 1 0 0
22.9287 0 0 0 0 0 1 0 0 0
24.9491 0 0 0 0 0 0 1 0 0
25.083 0 0 0 0 0 1 0 0 0
27.3304 0 0 0 0 0 0 1 0 0
27.6393 0 0 0 0 0 1 0 0 0
27.7933 0 0 0 0 0 0 1 0 0
34.5445 0 0 0 0 0 1 0 0 0
34.6675 0 0 0 0 0 0 1 0 0
34.8734 0 0 0 0 0 1 0 0 0
35.0074 0 0 0 0 0 0 1 0 0
36.8419 0 0 0 0 0 1 0 0 0
37.6047 0 0 0 0 0 0 1 0 0
64.8455 1 0 0 0 0 0 0 0 0
65.4124 0 1 0 0 0 0 0 0 0
65.6183 0 0 0 1 0 0 0 0 0
68.3087 0 0 0 0 1 0 0 0 0
69.3083 1 0 0 0 0 0 0 0 0
70.8639 0 1 0 0 0 0 0 0 0
71.5338 1 0 0 0 0 0 0 0 0
73.9361 0 1 0 0 0 0 0 0 0
74.533 1 0 0 0 0 0 0 0 0
79.9235 0 1 0 0 0 0 0 0 0
80.6654 1 0 0 0 0 0 0 0 0
84.1284 0 1 0 0 0 0 0 0 0
84.3554 1 0 0 0 0 0 0 0 0
84.7363 0 1 0 0 0 0 0 0 0
85.2002 1 0 0 0 0 0 0 0 0
85.499 0 1 0 0 0 0 0 0 0
85.5401 1 0 1 0 0 0 0 0 0
85.6851 0 1 0 0 0 0 0 0 0
93.8269 1 0 0 0 0 0 0 0 0
93.8879 0 1 0 0 0 0 0 0 0
93.9808 1 0 1 0 0 0 0 0 0
94.0948 0 1 0 0 0 0 0 0 0
96.3002 1 0 0 0 0 0 0 0 0
97.073 0 1 0 0 0 0 0 0 0
97.4649 1 0 0 0 0 0 0 0 0
98.0518 0 1 0 0 0 0 0 0 0
98.5677 1 0 0 0 0 0 0 0 0
99.2785 0 1 0 0 0 0 0 0 0
99.8563 1 0 0 0 0 0 0 0 0
100.587 0 1 0 0 0 0 0 0 0
101.133 0 0 0 1 0 0 0 0 0
101.917 0 0 0 0 1 0 0 0 0
102.185 0 0 0 1 0 0 0 0 0
105.06 0 0 0 0 1 0 0 0 0
105.72 1 0 0 0 0 0 0 0 0
105.843 0 1 0 0 0 0 0 0 0
105.916 1 0 1 0 0 0 0 0 0
106.039 0 1 0 0 0 0 0 0 0
106.863 1 0 0 0 0 0 0 0 0
108.585 0 1 0 0 0 0 0 0 0
109.297 1 0 0 0 0 0 0 0 0
110.172 0 1 0 0 0 0 0 0 0
110.532 1 0 0 0 0 0 0 0 0
111.604 0 1 0 0 0 0 0 0 0
111.934 1 0 0 0 0 0 0 0 0
113.697 0 1 0 0 0 0 0 0 0
114.13 1 0 0 0 0 0 0 0 0
115.572 0 1 0 0 0 0 0 0 0
115.933 1 0 0 0 0 0 0 0 0
116.016 0 1 0 0 0 0 0 0 0
116.119 1 0 1 0 0 0 0 0 0
116.181 0 1 0 0 0 0 0 0 0
116.716 0 0 0 1 0 0 0 0 0
116.84 0 0 0 0 1 0 0 0 0
118.138 1 0 0 0 0 0 0 0 0
119.674 0 1 0 0 0 0 0 0 0
120.128 1 0 0 0 0 0 0 0 0
120.922 0 1 0 0 0 0 0 0 0
122.426 0 0 0 0 0 1 0 0 0
123.632 0 0 0 0 0 0 1 0 0
127.136 0 0 0 0 0 1 0 0 0
128.311 0 0 0 0 0 0 1 0 0
130.526 0 0 0 0 0 1 0 0 0
131.733 0 0 0 0 0 0 1 0 0
156.252 0 0 0 1 0 0 0 0 0
160.065 0 0 0 0 1 0 0 0 0
163.693 1 0 0 0 0 0 0 0 0
164.538 0 1 0 0 0 0 0 0 0
165.229 1 0 0 0 0 0 0 0 0
166.033 0 1 0 0 0 0 0 0 0
166.435 1 0 0 0 0 0 0 0 0
169.784 0 1 0 0 0 0 0 0 0
169.96 0 0 0 1 0 0 0 0 0
173.495 0 0 0 0 1 0 0 0 0
174.288 1 0 0 0 0 0 0 0 0
175.597 0 1 0 0 0 0 0 0 0
176.452 1 0 0 0 0 0 0 0 0
180.091 0 1 0 0 0 0 0 0 0
180.596 1 0 0 0 0 0 0 0 0
181.493 0 1 0 0 0 0 0 0 0
182.657 0 0 0 1 0 0 0 0 0
188.872 0 0 0 0 1 0 0 0 0
189.109 0 0 0 1 0 0 0 0 0
189.223 0 0 0 0 1 0 0 0 0
189.521 1 0 0 0 0 0 0 0 0
192.005 0 1 0 0 0 0 0 0 0
192.51 1 0 0 0 0 0 0 0 0
193.696 0 1 0 0 0 0 0 0 0
194.067 1 0 0 0 0 0 0 0 0
195.272 0 1 0 0 0 0 0 0 0
195.828 1 0 0 0 0 0 0 0 0
199.033 0 1 0 0 0 0 0 0 0
199.477 1 0 0 0 0 0 0 0 0
200.539 0 1 0 0 0 0 0 0 0
208.857 1 0 0 0 0 0 0 0 0
208.959 0 1 0 0 0 0 0 0 0
209.02 1 0 1 0 0 0 0 0 0
209.124 0 1 0 0 0 0 0 0 0
211.887 1 0 0 0 0 0 0 0 0
214.319 0 1 0 0 0 0 0 0 0
214.628 1 0 0 0 0 0 0 0 0
217.689 0 1 0 0 0 0 0 0 0
218.328 1 0 0 0 0 0 0 0 0
218.854 0 1 0 0 0 0 0 0 0
219.565 1 0 0 0 0 0 0 0 0
220.112 0 1 0 0 0 0 0 0 0
220.843 1 0 0 0 0 0 0 0 0
221.637 0 1 0 0 0 0 0 0 0
222.399 1 0 0 0 0 0 0 0 0
223.647 0 1 0 0 0 0 0 0 0
224.089 1 0 0 0 0 0 0 0 0
225.429 0 1 0 0 0 0 0 0 0
232.633 1 0 0 0 0 0 0 0 0
234.458 0 1 0 0 0 0 0 0 0
234.788 1 0 0 0 0 0 0 0 0
236.838 0 1 0 0 0 0 0 0 0
237.323 1 0 0 0 0 0 0 0 0
237.993 0 1 0 0 0 0 0 0 0
238.477 1 0 0 0 0 0 0 0 0
239.208 0 1 0 0 0 0 0 0 0
239.302 1 0 0 0 0 0 0 0 0
241.486 0 1 0 0 0 0 0 0 0
244.351 0 0 0 0 0 1 0 0 0
245.95 0 0 0 0 0 0 1 0 0
263.192 0 0 0 0 0 1 0 0 0
264.007 0 0 0 0 0 0 1 0 0
283.426 0 0 0 1 0 0 0 0 0
285.352 0 0 0 0 1 0 0 0 0
288.032 0 0 0 1 0 0 0 0 0
289.712 0 0 0 0 1 0 0 0 0
290.289 1 0 0 0 0 0 0 0 0
291.165 0 1 0 0 0 0 0 0 0
292.484 0 0 0 1 0 0 0 0 0
293.339 0 0 0 0 1 0 0 0 0
294.576 1 0 0 0 0 0 0 0 0
294.638 0 1 0 0 0 0 0 0 0
294.741 1 0 1 0 0 0 0 0 0
294.845 0 1 0 0 0 0 0 0 0
297.905 0 0 0 1 0 0 0 0 0
298.41 0 0 0 0 1 0 0 0 0
298.751 1 0 0 0 0 0 0 0 0
299.472 0 1 0 0 0 0 0 0 0
300.1 1 0 0 0 0 0 0 0 0
301.08 0 1 0 0 0 0 0 0 0
303.182 1 0 0 0 0 0 0 0 0
304.408 0 1 0 0 0 0 0 0 0
306.192 1 0 0 0 0 0 0 0 0
307.089 0 1 0 0 0 0 0 0 0
307.541 1 0 0 0 0 0 0 0 0
308.108 0 1 0 0 0 0 0 0 0
308.624 1 0 0 0 0 0 0 0 0
312.251 0 1 0 0 0 0 0 0 0
312.736 1 0 0 0 0 0 0 0 0
312.818 0 1 0 0 0 0 0 0 0
312.901 1 0 1 0 0 0 0 0 0
312.983 0 1 0 0 0 0 0 0 0
314.633 1 0 0 0 0 0 0 0 0
316.425 0 1 0 0 0 0 0 0 0
316.776 1 0 0 0 0 0 0 0 0
317.529 0 1 0 0 0 0 0 0 0
319.012 1 0 0 0 0 0 0 0 0
321.156 0 1 0 0 0 0 0 0 0
332.132 0 0 0 1 0 0 0 0 0
334.946 0 0 0 0 1 0 0 0 0
335.461 1 0 0 0 0 0 0 0 0
338.419 0 1 0 0 0 0 0 0 0
338.575 0 0 0 1 0 0 0 0 0
339.893 0 0 0 0 1 0 0 0 0
340.048 0 0 0 1 0 0 0 0 0
340.666 0 0 0 0 1 0 0 0 0
340.965 1 0 0 0 0 0 0 0 0
341.851 0 1 0 0 0 0 0 0 0
342.366 1 0 0 0 0 0 0 0 0
344.263 0 1 0 0 0 0 0 0 0
344.645 1 0 0 0 0 0 0 0 0
345.448 0 1 0 0 0 0 0 0 0
345.582 0 0 0 1 0 0 0 0 0
350.591 0 0 0 0 1 0 0 0 0
