2.517 0 0 0 0 0 1 0 0 0
3.45477 0 0 0 0 0 0 1 0 0
27.3125 1 0 0 0 0 0 0 0 0
30.2297 0 1 0 0 0 0 0 0 0
30.8276 1 0 0 0 0 0 0 0 0
31.5174 0 1 0 0 0 0 0 0 0
31.7343 0 0 0 1 0 0 0 0 0
35.8153 0 0 0 0 1 0 0 0 0
37.4428 0 0 0 1 0 0 0 0 0
41.2678 0 0 0 0 1 0 0 0 0
41.4938 1 0 0 0 0 0 0 0 0
41.5557 0 1 0 0 0 0 0 0 0
41.6478 1 0 1 0 0 0 0 0 0
41.7407 0 1 0 0 0 0 0 0 0
42.7714 1 0 0 0 0 0 0 0 0
45.5227 0 1 0 0 0 0 0 0 0
45.6467 1 0 0 0 0 0 0 0 0
46.4194 0 1 0 0 0 0 0 0 0
46.6054 0 0 0 1 0 0 0 0 0
48.6869 0 0 0 0 1 0 0 0 0
49.1198 1 0 0 0 0 0 0 0 0
49.5736 0 1 0 0 0 0 0 0 0
49.7276 1 0 0 0 0 0 0 0 0
49.7906 0 1 0 0 0 0 0 0 0
49.8516 1 0 1 0 0 0 0 0 0
49.9435 0 1 0 0 0 0 0 0 0
52.2219 1 0 0 0 0 0 0 0 0
54.8294 0 1 0 0 0 0 0 0 0
55.582 1 0 0 0 0 0 0 0 0
57.4575 0 1 0 0 0 0 0 0 0
57.9314 1 0 0 0 0 0 0 0 0
59.8069 0 1 0 0 0 0 0 0 0
59.9718 1 0 0 0 0 0 0 0 0
60.0649 0 1 0 0 0 0 0 0 0
60.1368 1 0 1 0 0 0 0 0 0
60.2498 0 1 0 0 0 0 0 0 0
61.5595 1 0 0 0 0 0 0 0 0
62.8272 0 1 0 0 0 0 0 0 0
63.404 1 0 0 0 0 0 0 0 0
66.9181 0 1 0 0 0 0 0 0 0
67.2269 0 0 0 1 0 0 0 0 0
69.5773 0 0 0 0 1 0 0 0 0
70.0303 0 0 0 1 0 0 0 0 0
72.0918 0 0 0 0 1 0 0 0 0
72.5555 1 0 0 0 0 0 0 0 0
75.1428 0 1 0 0 0 0 0 0 0
75.3489 1 0 0 0 0 0 0 0 0
75.4928 0 1 0 0 0 0 0 0 0
75.5548 1 0 1 0 0 0 0 0 0
75.6987 0 1 0 0 0 0 0 0 0
76.8225 0 0 0 1 0 0 0 0 0
76.9045 0 0 0 0 1 0 0 0 0
81.8821 0 0 0 0 0 1 0 0 0
83.9026 0 0 0 0 0 0 1 0 0
102.804 0 0 0 1 0 0 0 0 0
105.535 0 0 0 0 1 0 0 0 0
106.668 1 0 0 0 0 0 0 0 0
109.678 0 1 0 0 0 0 0 0 0
110.121 1 0 0 0 0 0 0 0 0
114.593 0 1 0 0 0 0 0 0 0
114.768 1 0 0 0 0 0 0 0 0
116.85 0 1 0 0 0 0 0 0 0
117.026 0 0 0 1 0 0 0 0 0
119.571 0 0 0 0 1 0 0 0 0
119.705 0 0 0 1 0 0 0 0 0
119.767 0 0 0 0 1 0 0 0 0
119.861 0 0 0 1 0 0 0 0 0
119.983 0 0 0 0 1 0 0 0 0
120.591 0 0 0 1 0 0 0 0 0
120.695 0 0 0 0 1 0 0 0 0
120.756 0 0 0 1 0 0 0 0 0
122.209 0 0 0 0 1 0 0 0 0
122.508 1 0 0 0 0 0 0 0 0
122.611 0 1 0 0 0 0 0 0 0
122.673 1 0 1 0 0 0 0 0 0
122.797 0 1 0 0 0 0 0 0 0
123.766 1 0 0 0 0 0 0 0 0
125.22 0 1 0 0 0 0 0 0 0
125.848 0 0 0 1 0 0 0 0 0
128.084 0 0 0 0 1 0 0 0 0
129.629 1 0 0 0 0 0 0 0 0
131.176 0 1 0 0 0 0 0 0 0
138.792 1 0 0 0 0 0 0 0 0
144.089 0 1 0 0 0 0 0 0 0
144.871 0 0 0 1 0 0 0 0 0
145.109 0 0 0 0 1 0 0 0 0
145.603 1 0 0 0 0 0 0 0 0
145.696 0 1 0 0 0 0 0 0 0
145.789 1 0 1 0 0 0 0 0 0
145.872 0 1 0 0 0 0 0 0 0
146.645 1 0 0 0 0 0 0 0 0
147.892 0 1 0 0 0 0 0 0 0
148.902 1 0 0 0 0 0 0 0 0
150.313 0 1 0 0 0 0 0 0 0
150.747 1 0 0 0 0 0 0 0 0
153.302 0 1 0 0 0 0 0 0 0
153.632 1 0 0 0 0 0 0 0 0
153.714 0 1 0 0 0 0 0 0 0
153.776 1 0 1 0 0 0 0 0 0
153.889 0 1 0 0 0 0 0 0 0
154.962 1 0 0 0 0 0 0 0 0
155.569 0 1 0 0 0 0 0 0 0
155.919 1 0 0 0 0 0 0 0 0
156.043 0 1 0 0 0 0 0 0 0
156.084 1 0 1 0 0 0 0 0 0
156.218 0 1 0 0 0 0 0 0 0
157.568 1 0 0 0 0 0 0 0 0
158.28 0 1 0 0 0 0 0 0 0
158.599 1 0 0 0 0 0 0 0 0
160.299 0 1 0 0 0 0 0 0 0
160.701 1 0 0 0 0 0 0 0 0
160.969 0 1 0 0 0 0 0 0 0
161.031 1 0 1 0 0 0 0 0 0
161.155 0 1 0 0 0 0 0 0 0
161.835 1 0 0 0 0 0 0 0 0
166.896 0 1 0 0 0 0 0 0 0
167.389 1 0 0 0 0 0 0 0 0
167.432 0 1 0 0 0 0 0 0 0
167.534 1 0 1 0 0 0 0 0 0
167.596 0 1 0 0 0 0 0 0 0
169.451 1 0 0 0 0 0 0 0 0
173.017 0 1 0 0 0 0 0 0 0
173.275 1 0 0 0 0 0 0 0 0
173.904 0 1 0 0 0 0 0 0 0
174.758 1 0 0 0 0 0 0 0 0
175.521 0 1 0 0 0 0 0 0 0
175.717 1 0 0 0 0 0 0 0 0
175.769 0 1 0 0 0 0 0 0 0
175.831 1 0 1 0 0 0 0 0 0
175.923 0 1 0 0 0 0 0 0 0
178.057 0 0 0 1 0 0 0 0 0
180.675 0 0 0 0 1 0 0 0 0
181.838 0 0 0 0 0 1 0 0 0
182.931 0 0 0 0 0 0 1 0 0
206.357 0 0 0 1 0 0 0 0 0
208.336 0 0 0 0 1 0 0 0 0
208.624 1 0 0 0 0 0 0 0 0
209.449 0 1 0 0 0 0 0 0 0
210.707 1 0 0 0 0 0 0 0 0
212.901 0 1 0 0 0 0 0 0 0
213.427 0 0 0 1 0 0 0 0 0
216.9 0 0 0 0 1 0 0 0 0
218.168 1 0 0 0 0 0 0 0 0
221.218 0 1 0 0 0 0 0 0 0
221.836 0 0 0 1 0 0 0 0 0
223.774 0 0 0 0 1 0 0 0 0
224 1 0 0 0 0 0 0 0 0
224.052 0 1 0 0 0 0 0 0 0
224.165 1 0 1 0 0 0 0 0 0
224.248 0 1 0 0 0 0 0 0 0
228.009 1 0 0 0 0 0 0 0 0
228.081 0 1 0 0 0 0 0 0 0
228.164 1 0 1 0 0 0 0 0 0
228.267 0 1 0 0 0 0 0 0 0
229.691 1 0 0 0 0 0 0 0 0
230.668 0 1 0 0 0 0 0 0 0
230.915 0 0 0 1 0 0 0 0 0
233.121 0 0 0 0 1 0 0 0 0
233.255 0 0 0 1 0 0 0 0 0
235.594 0 0 0 0 1 0 0 0 0
236.007 0 0 0 1 0 0 0 0 0
236.831 0 0 0 0 1 0 0 0 0
236.955 0 0 0 1 0 0 0 0 0
237.038 0 0 0 0 1 0 0 0 0
237.11 0 0 0 1 0 0 0 0 0
237.862 0 0 0 0 1 0 0 0 0
238.469 1 0 0 0 0 0 0 0 0
240.356 0 1 0 0 0 0 0 0 0
240.552 0 0 0 1 0 0 0 0 0
241.88 0 0 0 0 1 0 0 0 0
242.757 0 0 0 1 0 0 0 0 0
244.159 0 0 0 0 1 0 0 0 0
245.158 0 0 0 1 0 0 0 0 0
247.034 0 0 0 0 1 0 0 0 0
247.446 1 0 0 0 0 0 0 0 0
247.539 0 1 0 0 0 0 0 0 0
247.641 1 0 1 0 0 0 0 0 0
248.312 0 1 0 0 0 0 0 0 0
251.001 1 0 0 0 0 0 0 0 0
251.96 0 1 0 0 0 0 0 0 0
252.362 1 0 0 0 0 0 0 0 0
255.692 0 1 0 0 0 0 0 0 0
259.669 0 0 0 1 0 0 0 0 0
261.813 0 0 0 0 1 0 0 0 0
262.483 1 0 0 0 0 0 0 0 0
264.852 0 1 0 0 0 0 0 0 0
265.492 1 0 0 0 0 0 0 0 0
266.368 0 1 0 0 0 0 0 0 0
267.656 1 0 0 0 0 0 0 0 0
267.729 0 1 0 0 0 0 0 0 0
267.811 1 0 1 0 0 0 0 0 0
267.873 0 1 0 0 0 0 0 0 0
270.985 1 0 0 0 0 0 0 0 0
271.212 0 1 0 0 0 0 0 0 0
271.337 1 0 1 0 0 0 0 0 0
271.994 0 1 0 0 0 0 0 0 0
272.314 1 0 0 0 0 0 0 0 0
279.034 0 1 0 0 0 0 0 0 0
279.302 1 0 0 0 0 0 0 0 0
279.405 0 1 0 0 0 0 0 0 0
279.458 1 0 1 0 0 0 0 0 0
279.57 0 1 0 0 0 0 0 0 0
279.839 0 0 0 1 0 0 0 0 0
281.136 0 0 0 0 1 0 0 0 0
282.033 0 0 0 0 0 1 0 0 0
284.063 0 0 0 0 0 0 1 0 0
308.303 0 0 0 1 0 0 0 0 0
310.126 0 0 0 0 1 0 0 0 0
310.487 1 0 0 0 0 0 0 0 0
311.909 0 1 0 0 0 0 0 0 0
312.435 1 0 0 0 0 0 0 0 0
314.795 0 1 0 0 0 0 0 0 0
314.836 1 0 0 0 0 0 0 0 0
316.372 0 1 0 0 0 0 0 0 0
316.867 0 0 0 1 0 0 0 0 0
317.773 0 0 0 0 1 0 0 0 0
318.453 1 0 0 0 0 0 0 0 0
318.526 0 1 0 0 0 0 0 0 0
318.619 1 0 1 0 0 0 0 0 0
318.732 0 1 0 0 0 0 0 0 0
322.205 1 0 0 0 0 0 0 0 0
324.235 0 1 0 0 0 0 0 0 0
324.648 1 0 0 0 0 0 0 0 0
327.832 0 1 0 0 0 0 0 0 0
331.583 0 0 0 1 0 0 0 0 0
331.872 0 0 0 0 1 0 0 0 0
332.141 1 0 0 0 0 0 0 0 0
332.243 0 1 0 0 0 0 0 0 0
332.315 1 0 1 0 0 0 0 0 0
332.417 0 1 0 0 0 0 0 0 0
334.49 1 0 0 0 0 0 0 0 0
335.716 0 1 0 0 0 0 0 0 0
336.067 1 0 0 0 0 0 0 0 0
339.045 0 1 0 0 0 0 0 0 0
339.467 1 0 0 0 0 0 0 0 0
340.818 0 1 0 0 0 0 0 0 0
341.404 1 0 0 0 0 0 0 0 0
342.414 0 1 0 0 0 0 0 0 0
343.074 1 0 0 0 0 0 0 0 0
343.919 0 1 0 0 0 0 0 0 0
344.083 1 0 0 0 0 0 0 0 0
344.145 0 1 0 0 0 0 0 0 0
344.229 1 0 1 0 0 0 0 0 0
344.331 0 1 0 0 0 0 0 0 0
346.475 0 0 0 1 0 0 0 0 0
354.906 0 0 0 0 1 0 0 0 0
355.04 0 0 0 1 0 0 0 0 0
355.544 0 0 0 0 1 0 0 0 0
356.069 1 0 0 0 0 0 0 0 0
359.46 0 1 0 0 0 0 0 0 0
360.212 1 0 0 0 0 0 0 0 0
360.76 0 1 0 0 0 0 0 0 0
361.213 1 0 0 0 0 0 0 0 0
361.831 0 1 0 0 0 0 0 0 0
