10.5289 1 0 0 0 0 0 0 0 0
11.8586 0 1 0 0 0 0 0 0 0
12.6313 1 0 0 0 0 0 0 0 0
13.2802 0 1 0 0 0 0 0 0 0
13.6411 1 0 0 0 0 0 0 0 0
14.4858 0 1 0 0 0 0 0 0 0
15.0117 1 0 0 0 0 0 0 0 0
15.9705 0 1 0 0 0 0 0 0 0
16.3823 1 0 0 0 0 0 0 0 0
20.9381 0 1 0 0 0 0 0 0 0
21.33 1 0 0 0 0 0 0 0 0
21.546 0 1 0 0 0 0 0 0 0
22.0919 1 0 0 0 0 0 0 0 0
23.2575 0 1 0 0 0 0 0 0 0
23.6594 1 0 0 0 0 0 0 0 0
28.6781 0 1 0 0 0 0 0 0 0
28.8531 1 0 0 0 0 0 0 0 0
28.956 0 1 0 0 0 0 0 0 0
29.018 1 0 1 0 0 0 0 0 0
29.142 0 1 0 0 0 0 0 0 0
31.5433 0 0 0 1 0 0 0 0 0
35.4913 0 0 0 0 1 0 0 0 0
36.1192 0 0 0 1 0 0 0 0 0
36.769 0 0 0 0 1 0 0 0 0
37.1189 0 0 0 1 0 0 0 0 0
38.0056 0 0 0 0 1 0 0 0 0
38.2946 1 0 0 0 0 0 0 0 0
41.0049 0 1 0 0 0 0 0 0 0
41.6437 1 0 0 0 0 0 0 0 0
41.7566 0 1 0 0 0 0 0 0 0
41.8806 1 0 1 0 0 0 0 0 0
41.9846 0 1 0 0 0 0 0 0 0
43.7662 1 0 0 0 0 0 0 0 0
48.3019 0 1 0 0 0 0 0 0 0
48.8068 1 0 0 0 0 0 0 0 0
51.868 0 1 0 0 0 0 0 0 0
52.4448 1 0 0 0 0 0 0 0 0
54.3823 0 1 0 0 0 0 0 0 0
54.5782 1 0 0 0 0 0 0 0 0
57.6704 0 1 0 0 0 0 0 0 0
58.0513 0 0 0 1 0 0 0 0 0
59.4939 0 0 0 0 1 0 0 0 0
59.8049 1 0 0 0 0 0 0 0 0
65.7713 0 1 0 0 0 0 0 0 0
66.0182 0 0 0 1 0 0 0 0 0
68.0897 0 0 0 0 1 0 0 0 0
68.6665 1 0 0 0 0 0 0 0 0
70.635 0 1 0 0 0 0 0 0 0
70.8309 1 0 0 0 0 0 0 0 0
70.9139 0 1 0 0 0 0 0 0 0
71.0069 1 0 1 0 0 0 0 0 0
71.1199 0 1 0 0 0 0 0 0 0
71.7687 1 0 0 0 0 0 0 0 0
72.3046 0 1 0 0 0 0 0 0 0
86.6307 1 0 0 0 0 0 0 0 0
87.5165 0 1 0 0 0 0 0 0 0
94.6177 0 0 0 1 0 0 0 0 0
96.988 0 0 0 0 1 0 0 0 0
98.8125 0 0 0 0 0 1 0 0 0
99.6883 0 0 0 0 0 0 1 0 0
120.435 1 0 0 0 0 0 0 0 0
123.331 0 1 0 0 0 0 0 0 0
123.475 0 0 0 1 0 0 0 0 0
125.465 0 0 0 0 1 0 0 0 0
125.825 1 0 0 0 0 0 0 0 0
129.401 0 1 0 0 0 0 0 0 0
129.762 1 0 0 0 0 0 0 0 0
131.596 0 1 0 0 0 0 0 0 0
131.72 0 0 0 1 0 0 0 0 0
135.842 0 0 0 0 1 0 0 0 0
136.173 1 0 0 0 0 0 0 0 0
137.409 0 1 0 0 0 0 0 0 0
137.676 0 0 0 1 0 0 0 0 0
140.109 0 0 0 0 1 0 0 0 0
140.305 1 0 0 0 0 0 0 0 0
141.345 0 1 0 0 0 0 0 0 0
142.283 0 0 0 1 0 0 0 0 0
143.088 0 0 0 0 1 0 0 0 0
143.552 1 0 0 0 0 0 0 0 0
147.695 0 1 0 0 0 0 0 0 0
147.942 0 0 0 1 0 0 0 0 0
149.477 0 0 0 0 1 0 0 0 0
149.652 0 0 0 1 0 0 0 0 0
149.787 0 0 0 0 1 0 0 0 0
149.848 0 0 0 1 0 0 0 0 0
149.982 0 0 0 0 1 0 0 0 0
150.034 0 0 0 1 0 0 0 0 0
154.115 0 0 0 0 1 0 0 0 0
154.445 1 0 0 0 0 0 0 0 0
154.785 0 1 0 0 0 0 0 0 0
154.919 1 0 1 0 0 0 0 0 0
154.991 0 1 0 0 0 0 0 0 0
155.085 1 0 0 0 0 0 0 0 0
155.187 0 1 0 0 0 0 0 0 0
155.784 1 0 0 0 0 0 0 0 0
159.031 0 1 0 0 0 0 0 0 0
159.402 1 0 0 0 0 0 0 0 0
160.463 0 1 0 0 0 0 0 0 0
160.752 1 0 0 0 0 0 0 0 0
163.916 0 1 0 0 0 0 0 0 0
164.359 1 0 0 0 0 0 0 0 0
165.503 0 1 0 0 0 0 0 0 0
165.885 1 0 0 0 0 0 0 0 0
166.431 0 1 0 0 0 0 0 0 0
166.709 1 0 0 0 0 0 0 0 0
167.173 0 1 0 0 0 0 0 0 0
173.645 0 0 0 0 0 1 0 0 0
175.108 0 0 0 0 0 0 1 0 0
194.359 0 0 0 0 0 1 0 0 0
194.493 0 0 0 0 0 0 1 0 0
194.648 0 0 0 0 0 1 0 0 0
194.782 0 0 0 0 0 0 1 0 0
200.481 0 0 0 0 0 1 0 0 0
201.192 0 0 0 0 0 0 1 0 0
219.578 0 0 0 1 0 0 0 0 0
221.824 0 0 0 0 1 0 0 0 0
221.968 0 0 0 1 0 0 0 0 0
222.041 0 0 0 0 1 0 0 0 0
222.134 0 0 0 1 0 0 0 0 0
225.08 0 0 0 0 1 0 0 0 0
225.503 1 0 0 0 0 0 0 0 0
227.678 0 1 0 0 0 0 0 0 0
228.09 1 0 0 0 0 0 0 0 0
230.625 0 1 0 0 0 0 0 0 0
232.48 0 0 0 1 0 0 0 0 0
233.892 0 0 0 0 1 0 0 0 0
234.583 1 0 0 0 0 0 0 0 0
235.552 0 1 0 0 0 0 0 0 0
236.603 0 0 0 1 0 0 0 0 0
237.901 0 0 0 0 1 0 0 0 0
238.2 0 0 0 1 0 0 0 0 0
238.314 0 0 0 0 1 0 0 0 0
238.407 0 0 0 1 0 0 0 0 0
238.891 0 0 0 0 1 0 0 0 0
239.395 0 0 0 1 0 0 0 0 0
241.384 0 0 0 0 1 0 0 0 0
241.549 1 0 0 0 0 0 0 0 0
243.291 0 1 0 0 0 0 0 0 0
243.559 1 0 0 0 0 0 0 0 0
244.713 0 1 0 0 0 0 0 0 0
245.105 1 0 0 0 0 0 0 0 0
245.847 0 1 0 0 0 0 0 0 0
246.712 1 0 0 0 0 0 0 0 0
248.238 0 1 0 0 0 0 0 0 0
248.537 1 0 0 0 0 0 0 0 0
249.351 0 1 0 0 0 0 0 0 0
249.557 0 0 0 1 0 0 0 0 0
251.381 0 0 0 0 1 0 0 0 0
254.586 1 0 0 0 0 0 0 0 0
255.431 0 1 0 0 0 0 0 0 0
255.823 1 0 0 0 0 0 0 0 0
259.791 0 1 0 0 0 0 0 0 0
260.667 1 0 0 0 0 0 0 0 0
261.43 0 1 0 0 0 0 0 0 0
262.007 0 0 0 0 0 1 0 0 0
263.759 0 0 0 0 0 0 1 0 0
267.727 0 0 0 0 0 1 0 0 0
268.809 0 0 0 0 0 0 1 0 0
271.179 0 0 0 0 0 1 0 0 0
272.303 0 0 0 0 0 0 1 0 0
295.593 0 0 0 1 0 0 0 0 0
295.975 0 0 0 0 1 0 0 0 0
296.758 1 0 0 0 0 0 0 0 0
296.788 0 1 0 0 0 0 0 0 0
296.892 1 0 1 0 0 0 0 0 0
296.943 0 1 0 0 0 0 0 0 0
297.016 1 0 1 0 0 0 0 0 0
297.108 0 1 0 0 0 0 0 0 0
298.161 1 0 0 0 0 0 0 0 0
300.045 0 1 0 0 0 0 0 0 0
300.983 1 0 0 0 0 0 0 0 0
301.665 0 1 0 0 0 0 0 0 0
301.829 1 0 0 0 0 0 0 0 0
306.713 0 1 0 0 0 0 0 0 0
307.156 0 0 0 1 0 0 0 0 0
307.219 0 0 0 0 1 0 0 0 0
307.413 0 0 0 1 0 0 0 0 0
311.659 0 0 0 0 1 0 0 0 0
313.166 1 0 0 0 0 0 0 0 0
314.73 0 1 0 0 0 0 0 0 0
315.05 1 0 0 0 0 0 0 0 0
315.122 0 1 0 0 0 0 0 0 0
315.215 1 0 1 0 0 0 0 0 0
315.328 0 1 0 0 0 0 0 0 0
318.884 0 0 0 1 0 0 0 0 0
320.729 0 0 0 0 1 0 0 0 0
329.993 1 0 0 0 0 0 0 0 0
331.076 0 1 0 0 0 0 0 0 0
331.447 1 0 0 0 0 0 0 0 0
332.9 0 1 0 0 0 0 0 0 0
333.127 1 0 0 0 0 0 0 0 0
333.23 0 1 0 0 0 0 0 0 0
333.332 1 0 1 0 0 0 0 0 0
333.446 0 1 0 0 0 0 0 0 0
334.765 1 0 0 0 0 0 0 0 0
335.446 0 1 0 0 0 0 0 0 0
335.591 1 0 0 0 0 0 0 0 0
336.992 0 1 0 0 0 0 0 0 0
337.506 1 0 0 0 0 0 0 0 0
338.805 0 1 0 0 0 0 0 0 0
339.269 1 0 0 0 0 0 0 0 0
340.001 0 1 0 0 0 0 0 0 0
340.64 0 0 0 1 0 0 0 0 0
340.764 0 0 0 0 1 0 0 0 0
341.588 1 0 0 0 0 0 0 0 0
341.67 0 1 0 0 0 0 0 0 0
341.753 1 0 1 0 0 0 0 0 0
341.866 0 1 0 0 0 0 0 0 0
343.453 1 0 0 0 0 0 0 0 0
343.825 0 1 0 0 0 0 0 0 0
344.041 0 0 0 1 0 0 0 0 0
346.308 0 0 0 0 1 0 0 0 0
346.978 1 0 0 0 0 0 0 0 0
349.534 0 1 0 0 0 0 0 0 0
349.761 1 0 0 0 0 0 0 0 0
349.874 0 1 0 0 0 0 0 0 0
350.276 1 0 0 0 0 0 0 0 0
350.379 0 1 0 0 0 0 0 0 0
350.441 1 0 1 0 0 0 0 0 0
350.575 0 1 0 0 0 0 0 0 0
350.616 1 0 1 0 0 0 0 0 0
350.719 0 1 0 0 0 0 0 0 0
351.05 0 0 0 1 0 0 0 0 0
351.163 0 0 0 0 1 0 0 0 0
351.225 0 0 0 1 0 0 0 0 0
351.884 0 0 0 0 1 0 0 0 0
352.028 0 0 0 1 0 0 0 0 0
354.636 0 0 0 0 1 0 0 0 0
355.152 0 0 0 1 0 0 0 0 0
360.665 0 0 0 0 1 0 0 0 0
