4.89447 0 0 0 0 0 1 0 0 0
6.57504 0 0 0 0 0 0 1 0 0
10.149 0 0 0 0 0 1 0 0 0
10.376 0 0 0 0 0 0 1 0 0
11.9116 0 0 0 0 0 1 0 0 0
12.0865 0 0 0 0 0 0 1 0 0
14.5699 0 0 0 0 0 1 0 0 0
14.7039 0 0 0 0 0 0 1 0 0
36.2102 1 0 0 0 0 0 0 0 0
37.8278 0 1 0 0 0 0 0 0 0
38.3127 1 0 0 0 0 0 0 0 0
38.6725 0 1 0 0 0 0 0 0 0
38.8784 0 0 0 1 0 0 0 0 0
40.682 0 0 0 0 1 0 0 0 0
41.0219 1 0 0 0 0 0 0 0 0
43.3203 0 1 0 0 0 0 0 0 0
43.6393 0 0 0 1 0 0 0 0 0
45.742 0 0 0 0 1 0 0 0 0
46.3805 0 0 0 1 0 0 0 0 0
46.9573 0 0 0 0 1 0 0 0 0
47.9671 0 0 0 1 0 0 0 0 0
48.462 0 0 0 0 1 0 0 0 0
49.7086 1 0 0 0 0 0 0 0 0
52.079 0 1 0 0 0 0 0 0 0
52.5738 1 0 0 0 0 0 0 0 0
53.8515 0 1 0 0 0 0 0 0 0
54.9642 0 0 0 1 0 0 0 0 0
55.7282 0 0 0 0 1 0 0 0 0
56.9217 1 0 0 0 0 0 0 0 0
57.0047 0 1 0 0 0 0 0 0 0
57.0667 1 0 1 0 0 0 0 0 0
57.1796 0 1 0 0 0 0 0 0 0
59.0552 1 0 0 0 0 0 0 0 0
62.2283 0 1 0 0 0 0 0 0 0
62.7962 1 0 0 0 0 0 0 0 0
63.3631 0 1 0 0 0 0 0 0 0
63.538 0 0 0 1 0 0 0 0 0
64.3828 0 0 0 0 1 0 0 0 0
64.5997 0 0 0 1 0 0 0 0 0
64.8776 0 0 0 0 1 0 0 0 0
64.9906 0 0 0 1 0 0 0 0 0
65.5985 0 0 0 0 1 0 0 0 0
65.9693 1 0 0 0 0 0 0 0 0
69.7314 0 1 0 0 0 0 0 0 0
73.2135 1 0 0 0 0 0 0 0 0
74.2961 0 1 0 0 0 0 0 0 0
74.595 1 0 0 0 0 0 0 0 0
75.3778 0 1 0 0 0 0 0 0 0
75.8417 1 0 0 0 0 0 0 0 0
85.0953 0 1 0 0 0 0 0 0 0
86.105 1 0 0 0 0 0 0 0 0
87.2387 0 1 0 0 0 0 0 0 0
88.3415 1 0 0 0 0 0 0 0 0
88.4444 0 1 0 0 0 0 0 0 0
88.5065 1 0 1 0 0 0 0 0 0
88.6404 0 1 0 0 0 0 0 0 0
90.9688 1 0 0 0 0 0 0 0 0
92.0615 0 1 0 0 0 0 0 0 0
93.2671 1 0 0 0 0 0 0 0 0
94.3898 0 1 0 0 0 0 0 0 0
94.9257 1 0 0 0 0 0 0 0 0
95.4416 0 1 0 0 0 0 0 0 0
96.0595 1 0 0 0 0 0 0 0 0
97.2451 0 1 0 0 0 0 0 0 0
99.0377 0 0 0 1 0 0 0 0 0
100.8 0 0 0 0 1 0 0 0 0
101.181 0 0 0 1 0 0 0 0 0
102.067 0 0 0 0 1 0 0 0 0
103.448 1 0 0 0 0 0 0 0 0
105.251 0 1 0 0 0 0 0 0 0
105.819 1 0 0 0 0 0 0 0 0
106.89 0 1 0 0 0 0 0 0 0
107.92 1 0 0 0 0 0 0 0 0
109.033 0 1 0 0 0 0 0 0 0
109.281 0 0 0 1 0 0 0 0 0
112.125 0 0 0 0 1 0 0 0 0
112.352 0 0 0 1 0 0 0 0 0
113.856 0 0 0 0 1 0 0 0 0
114.938 1 0 0 0 0 0 0 0 0
115.876 0 1 0 0 0 0 0 0 0
116.639 1 0 0 0 0 0 0 0 0
120.709 0 1 0 0 0 0 0 0 0
126.418 1 0 0 0 0 0 0 0 0
127.057 0 1 0 0 0 0 0 0 0
127.273 0 0 0 1 0 0 0 0 0
127.376 0 0 0 0 1 0 0 0 0
127.428 0 0 0 1 0 0 0 0 0
127.562 0 0 0 0 1 0 0 0 0
128.386 1 0 0 0 0 0 0 0 0
128.49 0 1 0 0 0 0 0 0 0
128.551 1 0 1 0 0 0 0 0 0
128.685 0 1 0 0 0 0 0 0 0
132.436 1 0 0 0 0 0 0 0 0
133.282 0 1 0 0 0 0 0 0 0
136.548 0 0 0 1 0 0 0 0 0
137.352 0 0 0 0 1 0 0 0 0
140.681 0 0 0 1 0 0 0 0 0
141.186 0 0 0 0 1 0 0 0 0
141.855 1 0 0 0 0 0 0 0 0
142.504 0 1 0 0 0 0 0 0 0
143.381 1 0 0 0 0 0 0 0 0
143.453 0 1 0 0 0 0 0 0 0
143.535 1 0 1 0 0 0 0 0 0
143.628 0 1 0 0 0 0 0 0 0
145.793 0 0 0 1 0 0 0 0 0
151.305 0 0 0 0 1 0 0 0 0
152.15 1 0 0 0 0 0 0 0 0
154.169 0 1 0 0 0 0 0 0 0
155.097 1 0 0 0 0 0 0 0 0
157.364 0 1 0 0 0 0 0 0 0
157.827 1 0 0 0 0 0 0 0 0
158.425 0 1 0 0 0 0 0 0 0
159.456 1 0 0 0 0 0 0 0 0
159.539 0 1 0 0 0 0 0 0 0
159.611 1 0 1 0 0 0 0 0 0
159.703 0 1 0 0 0 0 0 0 0
163.795 1 0 0 0 0 0 0 0 0
164.805 0 1 0 0 0 0 0 0 0
166.175 1 0 0 0 0 0 0 0 0
166.257 0 1 0 0 0 0 0 0 0
166.34 1 0 1 0 0 0 0 0 0
166.422 0 1 0 0 0 0 0 0 0
169.411 1 0 0 0 0 0 0 0 0
170.39 0 1 0 0 0 0 0 0 0
172.1 1 0 0 0 0 0 0 0 0
173.316 0 1 0 0 0 0 0 0 0
173.935 1 0 0 0 0 0 0 0 0
175.665 0 1 0 0 0 0 0 0 0
176.14 1 0 0 0 0 0 0 0 0
177.263 0 1 0 0 0 0 0 0 0
178.283 1 0 0 0 0 0 0 0 0
180.169 0 1 0 0 0 0 0 0 0
183.271 0 0 0 0 0 1 0 0 0
184.981 0 0 0 0 0 0 1 0 0
216.999 0 0 0 1 0 0 0 0 0
221.09 0 0 0 0 1 0 0 0 0
221.656 1 0 0 0 0 0 0 0 0
223.028 0 1 0 0 0 0 0 0 0
224.882 0 0 0 1 0 0 0 0 0
225.851 0 0 0 0 1 0 0 0 0
226.82 0 0 0 1 0 0 0 0 0
228.036 0 0 0 0 1 0 0 0 0
229.942 1 0 0 0 0 0 0 0 0
231.488 0 1 0 0 0 0 0 0 0
232.076 1 0 0 0 0 0 0 0 0
233.683 0 1 0 0 0 0 0 0 0
241.309 1 0 0 0 0 0 0 0 0
242.247 0 1 0 0 0 0 0 0 0
242.752 1 0 0 0 0 0 0 0 0
242.844 0 1 0 0 0 0 0 0 0
242.948 1 0 1 0 0 0 0 0 0
243.051 0 1 0 0 0 0 0 0 0
250.471 1 0 0 0 0 0 0 0 0
253.552 0 1 0 0 0 0 0 0 0
253.809 0 0 0 1 0 0 0 0 0
256.066 0 0 0 0 1 0 0 0 0
257.2 1 0 0 0 0 0 0 0 0
258.92 0 1 0 0 0 0 0 0 0
259.827 1 0 0 0 0 0 0 0 0
262.836 0 1 0 0 0 0 0 0 0
265.753 0 0 0 1 0 0 0 0 0
269.163 0 0 0 0 1 0 0 0 0
275.336 1 0 0 0 0 0 0 0 0
275.491 0 1 0 0 0 0 0 0 0
275.625 1 0 1 0 0 0 0 0 0
275.687 0 1 0 0 0 0 0 0 0
284.58 1 0 0 0 0 0 0 0 0
295.936 0 1 0 0 0 0 0 0 0
296.595 0 0 0 1 0 0 0 0 0
298.625 0 0 0 0 1 0 0 0 0
299.471 1 0 0 0 0 0 0 0 0
300.501 0 1 0 0 0 0 0 0 0
315.546 0 0 0 1 0 0 0 0 0
317.111 0 0 0 0 1 0 0 0 0
317.379 1 0 0 0 0 0 0 0 0
317.431 0 1 0 0 0 0 0 0 0
317.586 1 0 1 0 0 0 0 0 0
317.699 0 1 0 0 0 0 0 0 0
322.986 0 0 0 1 0 0 0 0 0
323.871 0 0 0 0 1 0 0 0 0
325.314 1 0 0 0 0 0 0 0 0
328.745 0 1 0 0 0 0 0 0 0
328.941 1 0 0 0 0 0 0 0 0
329.044 0 1 0 0 0 0 0 0 0
329.095 1 0 1 0 0 0 0 0 0
329.26 0 1 0 0 0 0 0 0 0
331.455 0 0 0 1 0 0 0 0 0
332.013 0 0 0 0 1 0 0 0 0
332.805 1 0 0 0 0 0 0 0 0
334.073 0 1 0 0 0 0 0 0 0
335.474 1 0 0 0 0 0 0 0 0
336.298 0 1 0 0 0 0 0 0 0
337.113 1 0 0 0 0 0 0 0 0
340.307 0 1 0 0 0 0 0 0 0
340.544 0 0 0 1 0 0 0 0 0
342.687 0 0 0 0 1 0 0 0 0
343.306 0 0 0 1 0 0 0 0 0
344.594 0 0 0 0 1 0 0 0 0
344.975 1 0 0 0 0 0 0 0 0
350.735 0 1 0 0 0 0 0 0 0
351.498 1 0 0 0 0 0 0 0 0
352.354 0 1 0 0 0 0 0 0 0
353.065 1 0 0 0 0 0 0 0 0
357.228 0 1 0 0 0 0 0 0 0
357.917 1 0 0 0 0 0 0 0 0
358.01 0 1 0 0 0 0 0 0 0
358.123 1 0 1 0 0 0 0 0 0
358.237 0 1 0 0 0 0 0 0 0
