23.2296 0 0 0 1 0 0 0 0 0
25.1681 0 0 0 0 1 0 0 0 0
25.765 1 0 0 0 0 0 0 0 0
26.8267 0 1 0 0 0 0 0 0 0
28.5472 1 0 0 0 0 0 0 0 0
29.0731 0 1 0 0 0 0 0 0 0
30.9896 1 0 0 0 0 0 0 0 0
31.5254 0 1 0 0 0 0 0 0 0
31.9483 0 0 0 1 0 0 0 0 0
34.3177 0 0 0 0 1 0 0 0 0
34.9875 1 0 0 0 0 0 0 0 0
36.3272 0 1 0 0 0 0 0 0 0
37.1829 1 0 0 0 0 0 0 0 0
39.5223 0 1 0 0 0 0 0 0 0
40.2951 1 0 0 0 0 0 0 0 0
45.0149 0 1 0 0 0 0 0 0 0
46.4675 1 0 0 0 0 0 0 0 0
46.5295 0 1 0 0 0 0 0 0 0
46.9314 1 0 1 0 0 0 0 0 0
47.5292 0 1 0 0 0 0 0 0 0
47.9411 1 0 0 0 0 0 0 0 0
48.0131 0 1 0 0 0 0 0 0 0
48.0961 1 0 1 0 0 0 0 0 0
48.219 0 1 0 0 0 0 0 0 0
53.4747 0 0 0 1 0 0 0 0 0
58.1745 0 0 0 0 1 0 0 0 0
59.1432 1 0 0 0 0 0 0 0 0
59.4831 0 1 0 0 0 0 0 0 0
60.1009 0 0 0 1 0 0 0 0 0
66.4183 0 0 0 0 1 0 0 0 0
66.9851 1 0 0 0 0 0 0 0 0
71.117 0 1 0 0 0 0 0 0 0
71.5389 1 0 0 0 0 0 0 0 0
73.0545 0 1 0 0 0 0 0 0 0
73.4044 1 0 0 0 0 0 0 0 0
74.5172 0 1 0 0 0 0 0 0 0
75.2899 0 0 0 1 0 0 0 0 0
78.0113 0 0 0 0 1 0 0 0 0
79 0 0 0 1 0 0 0 0 0
79.7008 0 0 0 0 1 0 0 0 0
80.2366 1 0 0 0 0 0 0 0 0
81.2884 0 1 0 0 0 0 0 0 0
82.4011 0 0 0 1 0 0 0 0 0
88.1306 0 0 0 0 1 0 0 0 0
89.6761 1 0 0 0 0 0 0 0 0
91.5726 0 1 0 0 0 0 0 0 0
93.3032 1 0 0 0 0 0 0 0 0
94.3239 0 1 0 0 0 0 0 0 0
94.4779 1 0 0 0 0 0 0 0 0
94.6229 0 1 0 0 0 0 0 0 0
95.1377 1 0 0 0 0 0 0 0 0
95.1587 0 1 0 0 0 0 0 0 0
95.1997 1 0 1 0 0 0 0 0 0
95.7565 0 1 0 0 0 0 0 0 0
99.9195 1 0 0 0 0 0 0 0 0
100.208 0 1 0 0 0 0 0 0 0
100.29 1 0 1 0 0 0 0 0 0
100.424 0 1 0 0 0 0 0 0 0
103.608 0 0 0 1 0 0 0 0 0
104.804 0 0 0 0 1 0 0 0 0
107.659 1 0 0 0 0 0 0 0 0
114.512 0 1 0 0 0 0 0 0 0
114.635 1 0 0 0 0 0 0 0 0
114.749 0 1 0 0 0 0 0 0 0
114.79 1 0 1 0 0 0 0 0 0
114.934 0 1 0 0 0 0 0 0 0
116.16 1 0 0 0 0 0 0 0 0
118.314 0 1 0 0 0 0 0 0 0
130.339 1 0 0 0 0 0 0 0 0
131.298 0 1 0 0 0 0 0 0 0
131.937 1 0 0 0 0 0 0 0 0
132.525 0 1 0 0 0 0 0 0 0
136.059 1 0 0 0 0 0 0 0 0
136.873 0 1 0 0 0 0 0 0 0
138.223 1 0 0 0 0 0 0 0 0
139.511 0 1 0 0 0 0 0 0 0
140.531 1 0 0 0 0 0 0 0 0
140.593 0 1 0 0 0 0 0 0 0
140.696 1 0 1 0 0 0 0 0 0
140.8 0 1 0 0 0 0 0 0 0
143.427 1 0 0 0 0 0 0 0 0
145.014 0 1 0 0 0 0 0 0 0
145.827 1 0 0 0 0 0 0 0 0
148.631 0 1 0 0 0 0 0 0 0
149.3 1 0 0 0 0 0 0 0 0
151.299 0 1 0 0 0 0 0 0 0
152.423 1 0 0 0 0 0 0 0 0
154.813 0 1 0 0 0 0 0 0 0
155.143 1 0 0 0 0 0 0 0 0
155.7 0 1 0 0 0 0 0 0 0
155.885 1 0 0 0 0 0 0 0 0
155.999 0 1 0 0 0 0 0 0 0
156.06 1 0 1 0 0 0 0 0 0
156.174 0 1 0 0 0 0 0 0 0
159.719 0 0 0 1 0 0 0 0 0
170.755 0 0 0 0 1 0 0 0 0
171.322 1 0 0 0 0 0 0 0 0
179.03 0 1 0 0 0 0 0 0 0
179.699 1 0 0 0 0 0 0 0 0
180.905 0 1 0 0 0 0 0 0 0
183.441 0 0 0 1 0 0 0 0 0
184.728 0 0 0 0 1 0 0 0 0
185.346 0 0 0 0 0 1 0 0 0
186.583 0 0 0 0 0 0 1 0 0
195.023 0 0 0 0 0 1 0 0 0
195.156 0 0 0 0 0 0 1 0 0
215.776 1 0 0 0 0 0 0 0 0
223.453 0 1 0 0 0 0 0 0 0
224.453 0 0 0 1 0 0 0 0 0
227.484 0 0 0 0 1 0 0 0 0
228.359 1 0 0 0 0 0 0 0 0
231.791 0 1 0 0 0 0 0 0 0
232.007 0 0 0 1 0 0 0 0 0
233.841 0 0 0 0 1 0 0 0 0
234.428 1 0 0 0 0 0 0 0 0
235.675 0 1 0 0 0 0 0 0 0
236.17 1 0 0 0 0 0 0 0 0
236.88 0 1 0 0 0 0 0 0 0
237.56 1 0 0 0 0 0 0 0 0
238.076 0 1 0 0 0 0 0 0 0
240.106 1 0 0 0 0 0 0 0 0
240.189 0 1 0 0 0 0 0 0 0
240.26 1 0 1 0 0 0 0 0 0
240.332 0 1 0 0 0 0 0 0 0
244.506 1 0 0 0 0 0 0 0 0
245.588 0 1 0 0 0 0 0 0 0
246.289 1 0 0 0 0 0 0 0 0
247.062 0 1 0 0 0 0 0 0 0
247.361 1 0 0 0 0 0 0 0 0
248.019 0 1 0 0 0 0 0 0 0
248.256 1 0 0 0 0 0 0 0 0
248.349 0 1 0 0 0 0 0 0 0
248.421 1 0 1 0 0 0 0 0 0
248.504 0 1 0 0 0 0 0 0 0
251.997 1 0 0 0 0 0 0 0 0
258.809 0 1 0 0 0 0 0 0 0
268.938 1 0 0 0 0 0 0 0 0
269.804 0 1 0 0 0 0 0 0 0
274.112 0 0 0 1 0 0 0 0 0
276.605 0 0 0 0 1 0 0 0 0
283.499 1 0 0 0 0 0 0 0 0
283.561 0 1 0 0 0 0 0 0 0
283.674 1 0 1 0 0 0 0 0 0
283.757 0 1 0 0 0 0 0 0 0
295.174 1 0 0 0 0 0 0 0 0
297.698 0 1 0 0 0 0 0 0 0
297.884 1 0 0 0 0 0 0 0 0
297.915 0 1 0 0 0 0 0 0 0
297.956 1 0 1 0 0 0 0 0 0
302.16 0 1 0 0 0 0 0 0 0
329.622 1 0 0 0 0 0 0 0 0
331.261 0 1 0 0 0 0 0 0 0
331.724 1 0 0 0 0 0 0 0 0
332.59 0 1 0 0 0 0 0 0 0
333.414 0 0 0 1 0 0 0 0 0
334.785 0 0 0 0 1 0 0 0 0
336.382 1 0 0 0 0 0 0 0 0
336.454 0 1 0 0 0 0 0 0 0
336.577 1 0 1 0 0 0 0 0 0
336.64 0 1 0 0 0 0 0 0 0
340.081 0 0 0 1 0 0 0 0 0
340.761 0 0 0 0 1 0 0 0 0
341.72 1 0 0 0 0 0 0 0 0
342.565 0 1 0 0 0 0 0 0 0
344.255 0 0 0 1 0 0 0 0 0
346.12 0 0 0 0 1 0 0 0 0
346.244 0 0 0 1 0 0 0 0 0
346.367 0 0 0 0 1 0 0 0 0
346.449 0 0 0 1 0 0 0 0 0
347.129 0 0 0 0 1 0 0 0 0
347.273 0 0 0 1 0 0 0 0 0
353.292 0 0 0 0 1 0 0 0 0
353.415 0 0 0 1 0 0 0 0 0
353.529 0 0 0 0 1 0 0 0 0
353.58 0 0 0 1 0 0 0 0 0
354.352 0 0 0 0 1 0 0 0 0
354.507 0 0 0 1 0 0 0 0 0
355.043 0 0 0 0 1 0 0 0 0
355.3 1 0 0 0 0 0 0 0 0
355.445 0 1 0 0 0 0 0 0 0
355.527 1 0 1 0 0 0 0 0 0
355.62 0 1 0 0 0 0 0 0 0
357.979 1 0 0 0 0 0 0 0 0
358.041 0 1 0 0 0 0 0 0 0
358.144 1 0 1 0 0 0 0 0 0
358.227 0 1 0 0 0 0 0 0 0
359.391 1 0 0 0 0 0 0 0 0
362.926 0 1 0 0 0 0 0 0 0
