4.03238 0 0 0 0 0 1 0 0 0
4.73319 0 0 0 0 0 0 1 0 0
30.4977 1 0 0 0 0 0 0 0 0
31.6624 0 1 0 0 0 0 0 0 0
32.2912 1 0 0 0 0 0 0 0 0
32.6931 0 1 0 0 0 0 0 0 0
33.075 0 0 0 1 0 0 0 0 0
36.6711 0 0 0 0 1 0 0 0 0
37.2689 1 0 0 0 0 0 0 0 0
37.8878 0 1 0 0 0 0 0 0 0
39.9383 1 0 0 0 0 0 0 0 0
40.5971 0 1 0 0 0 0 0 0 0
40.7631 1 0 0 0 0 0 0 0 0
40.824 0 1 0 0 0 0 0 0 0
40.9271 1 0 1 0 0 0 0 0 0
41.02 0 1 0 0 0 0 0 0 0
44.0812 1 0 0 0 0 0 0 0 0
47.5743 0 1 0 0 0 0 0 0 0
48.1522 1 0 0 0 0 0 0 0 0
50.7285 0 1 0 0 0 0 0 0 0
53.2949 1 0 0 0 0 0 0 0 0
53.3978 0 1 0 0 0 0 0 0 0
53.4898 1 0 1 0 0 0 0 0 0
53.5828 0 1 0 0 0 0 0 0 0
54.8095 1 0 0 0 0 0 0 0 0
60.519 0 1 0 0 0 0 0 0 0
61.1579 0 0 0 1 0 0 0 0 0
63.0954 0 0 0 0 1 0 0 0 0
64.754 0 0 0 1 0 0 0 0 0
66.6915 0 0 0 0 1 0 0 0 0
66.8254 0 0 0 1 0 0 0 0 0
66.9284 0 0 0 0 1 0 0 0 0
67.0314 0 0 0 1 0 0 0 0 0
67.1143 0 0 0 0 1 0 0 0 0
67.6392 1 0 0 0 0 0 0 0 0
67.7842 0 1 0 0 0 0 0 0 0
67.8352 1 0 1 0 0 0 0 0 0
67.9592 0 1 0 0 0 0 0 0 0
68.639 1 0 0 0 0 0 0 0 0
70.0926 0 1 0 0 0 0 0 0 0
70.4736 1 0 0 0 0 0 0 0 0
72.8129 0 1 0 0 0 0 0 0 0
73.8546 1 0 0 0 0 0 0 0 0
73.9357 0 1 0 0 0 0 0 0 0
74.0396 1 0 1 0 0 0 0 0 0
75.2243 0 1 0 0 0 0 0 0 0
75.4512 0 0 0 1 0 0 0 0 0
78.8104 0 0 0 0 1 0 0 0 0
79.9851 1 0 0 0 0 0 0 0 0
80.6549 0 1 0 0 0 0 0 0 0
82.8184 0 0 0 0 0 1 0 0 0
83.4063 0 0 0 0 0 0 1 0 0
88.322 0 0 0 0 0 1 0 0 0
89.4667 0 0 0 0 0 0 1 0 0
92.6089 0 0 0 0 0 1 0 0 0
92.7639 0 0 0 0 0 0 1 0 0
92.8558 0 0 0 0 0 1 0 0 0
92.9598 0 0 0 0 0 0 1 0 0
95.875 0 0 0 0 0 1 0 0 0
96.6488 0 0 0 0 0 0 1 0 0
116.302 0 0 0 1 0 0 0 0 0
119.496 0 0 0 0 1 0 0 0 0
119.733 0 0 0 1 0 0 0 0 0
121.022 0 0 0 0 1 0 0 0 0
121.486 1 0 0 0 0 0 0 0 0
122.34 0 1 0 0 0 0 0 0 0
122.877 1 0 0 0 0 0 0 0 0
125.473 0 1 0 0 0 0 0 0 0
126.483 0 0 0 1 0 0 0 0 0
129.749 0 0 0 0 1 0 0 0 0
130.038 1 0 0 0 0 0 0 0 0
130.729 0 1 0 0 0 0 0 0 0
131.162 1 0 0 0 0 0 0 0 0
132.564 0 1 0 0 0 0 0 0 0
133.315 0 0 0 1 0 0 0 0 0
136.17 0 0 0 0 1 0 0 0 0
136.469 1 0 0 0 0 0 0 0 0
140.385 0 1 0 0 0 0 0 0 0
140.941 1 0 0 0 0 0 0 0 0
143.518 0 1 0 0 0 0 0 0 0
144.013 1 0 0 0 0 0 0 0 0
144.878 0 1 0 0 0 0 0 0 0
145.321 1 0 0 0 0 0 0 0 0
145.671 0 1 0 0 0 0 0 0 0
148.599 1 0 0 0 0 0 0 0 0
149.124 0 1 0 0 0 0 0 0 0
149.36 0 0 0 1 0 0 0 0 0
152.895 0 0 0 0 1 0 0 0 0
153.091 0 0 0 1 0 0 0 0 0
154.947 0 0 0 0 1 0 0 0 0
155.853 0 0 0 1 0 0 0 0 0
156.904 0 0 0 0 1 0 0 0 0
157.564 1 0 0 0 0 0 0 0 0
160.068 0 1 0 0 0 0 0 0 0
161.346 0 0 0 1 0 0 0 0 0
163.769 0 0 0 0 1 0 0 0 0
164.232 0 0 0 1 0 0 0 0 0
165.055 0 0 0 0 1 0 0 0 0
170.888 0 0 0 1 0 0 0 0 0
174.186 0 0 0 0 1 0 0 0 0
174.547 0 0 0 1 0 0 0 0 0
177.411 0 0 0 0 1 0 0 0 0
177.71 1 0 0 0 0 0 0 0 0
178.566 0 1 0 0 0 0 0 0 0
179.143 1 0 0 0 0 0 0 0 0
180.245 0 1 0 0 0 0 0 0 0
180.688 0 0 0 1 0 0 0 0 0
181.225 0 0 0 0 1 0 0 0 0
184.038 0 0 0 0 0 1 0 0 0
184.573 0 0 0 0 0 0 1 0 0
187.006 0 0 0 0 0 1 0 0 0
187.377 0 0 0 0 0 0 1 0 0
189.046 0 0 0 0 0 1 0 0 0
189.593 0 0 0 0 0 0 1 0 0
221.838 0 0 0 1 0 0 0 0 0
223.765 0 0 0 0 1 0 0 0 0
224.806 0 0 0 1 0 0 0 0 0
228.526 0 0 0 0 1 0 0 0 0
229.175 1 0 0 0 0 0 0 0 0
230.319 0 1 0 0 0 0 0 0 0
230.969 1 0 0 0 0 0 0 0 0
231.411 0 1 0 0 0 0 0 0 0
232.194 0 0 0 1 0 0 0 0 0
239.078 0 0 0 0 1 0 0 0 0
240.954 0 0 0 1 0 0 0 0 0
243.726 0 0 0 0 1 0 0 0 0
244.117 1 0 0 0 0 0 0 0 0
244.994 0 1 0 0 0 0 0 0 0
245.23 0 0 0 1 0 0 0 0 0
246.406 0 0 0 0 1 0 0 0 0
247.971 1 0 0 0 0 0 0 0 0
248.436 0 1 0 0 0 0 0 0 0
248.569 1 0 0 0 0 0 0 0 0
248.662 0 1 0 0 0 0 0 0 0
248.745 1 0 1 0 0 0 0 0 0
248.858 0 1 0 0 0 0 0 0 0
252.795 1 0 0 0 0 0 0 0 0
253.692 0 1 0 0 0 0 0 0 0
254.392 0 0 0 1 0 0 0 0 0
257.669 0 0 0 0 1 0 0 0 0
257.988 0 0 0 1 0 0 0 0 0
260.884 0 0 0 0 1 0 0 0 0
261.77 1 0 0 0 0 0 0 0 0
263.748 0 1 0 0 0 0 0 0 0
264.254 1 0 0 0 0 0 0 0 0
265.274 0 1 0 0 0 0 0 0 0
265.521 0 0 0 1 0 0 0 0 0
268.86 0 0 0 0 1 0 0 0 0
270.633 0 0 0 1 0 0 0 0 0
274.878 0 0 0 0 1 0 0 0 0
275.558 1 0 0 0 0 0 0 0 0
277.826 0 1 0 0 0 0 0 0 0
278.35 1 0 0 0 0 0 0 0 0
279.392 0 1 0 0 0 0 0 0 0
280.01 1 0 0 0 0 0 0 0 0
280.783 0 1 0 0 0 0 0 0 0
284.627 0 0 0 0 0 1 0 0 0
284.761 0 0 0 0 0 0 1 0 0
284.812 0 0 0 0 0 1 0 0 0
284.906 0 0 0 0 0 0 1 0 0
287.893 0 0 0 0 0 1 0 0 0
289.038 0 0 0 0 0 0 1 0 0
311.163 1 0 0 0 0 0 0 0 0
311.555 0 1 0 0 0 0 0 0 0
311.771 1 0 0 0 0 0 0 0 0
311.874 0 1 0 0 0 0 0 0 0
311.967 1 0 1 0 0 0 0 0 0
312.049 0 1 0 0 0 0 0 0 0
313.306 1 0 0 0 0 0 0 0 0
318.644 0 1 0 0 0 0 0 0 0
319.902 0 0 0 1 0 0 0 0 0
321.767 0 0 0 0 1 0 0 0 0
323.447 0 0 0 1 0 0 0 0 0
325.724 0 0 0 0 1 0 0 0 0
326.352 0 0 0 1 0 0 0 0 0
328.269 0 0 0 0 1 0 0 0 0
328.702 1 0 0 0 0 0 0 0 0
329.557 0 1 0 0 0 0 0 0 0
333.669 1 0 0 0 0 0 0 0 0
334.504 0 1 0 0 0 0 0 0 0
334.71 0 0 0 1 0 0 0 0 0
337.801 0 0 0 0 1 0 0 0 0
338.152 0 0 0 1 0 0 0 0 0
342.088 0 0 0 0 1 0 0 0 0
342.48 1 0 0 0 0 0 0 0 0
343.449 0 1 0 0 0 0 0 0 0
343.933 0 0 0 1 0 0 0 0 0
345.829 0 0 0 0 1 0 0 0 0
346.107 1 0 0 0 0 0 0 0 0
347.416 0 1 0 0 0 0 0 0 0
347.942 1 0 0 0 0 0 0 0 0
349.704 0 1 0 0 0 0 0 0 0
350.363 1 0 0 0 0 0 0 0 0
350.765 0 1 0 0 0 0 0 0 0
351.002 0 0 0 1 0 0 0 0 0
354.475 0 0 0 0 1 0 0 0 0
355.073 1 0 0 0 0 0 0 0 0
355.949 0 1 0 0 0 0 0 0 0
356.794 0 0 0 1 0 0 0 0 0
358.803 0 0 0 0 1 0 0 0 0
