11.8603 1 0 0 0 0 0 0 0 0
13.2309 0 1 0 0 0 0 0 0 0
13.8809 1 0 0 0 0 0 0 0 0
14.8795 0 1 0 0 0 0 0 0 0
16.2512 1 0 0 0 0 0 0 0 0
17.4148 0 1 0 0 0 0 0 0 0
18.0538 1 0 0 0 0 0 0 0 0
19.6203 0 1 0 0 0 0 0 0 0
20.0432 0 0 0 1 0 0 0 0 0
20.6411 0 0 0 0 1 0 0 0 0
21.135 1 0 0 0 0 0 0 0 0
36.0781 0 1 0 0 0 0 0 0 0
36.2224 0 0 0 1 0 0 0 0 0
39.4062 0 0 0 0 1 0 0 0 0
39.9011 1 0 0 0 0 0 0 0 0
40.499 0 1 0 0 0 0 0 0 0
40.6739 0 0 0 1 0 0 0 0 0
42.7044 0 0 0 0 1 0 0 0 0
44.075 1 0 0 0 0 0 0 0 0
45.0538 0 1 0 0 0 0 0 0 0
45.3217 0 0 0 1 0 0 0 0 0
51.6281 0 0 0 0 1 0 0 0 0
52.3709 1 0 0 0 0 0 0 0 0
53.0398 0 1 0 0 0 0 0 0 0
53.1847 0 0 0 1 0 0 0 0 0
54.4004 0 0 0 0 1 0 0 0 0
55.916 0 0 0 1 0 0 0 0 0
56.3379 0 0 0 0 1 0 0 0 0
57.1107 0 0 0 1 0 0 0 0 0
57.3577 0 0 0 0 1 0 0 0 0
57.8425 1 0 0 0 0 0 0 0 0
61.3876 0 1 0 0 0 0 0 0 0
62.7992 1 0 0 0 0 0 0 0 0
64.7157 0 1 0 0 0 0 0 0 0
65.8185 1 0 0 0 0 0 0 0 0
66.5393 0 1 0 0 0 0 0 0 0
67.591 0 0 0 1 0 0 0 0 0
72.8157 0 0 0 0 1 0 0 0 0
74.4852 1 0 0 0 0 0 0 0 0
75.495 0 1 0 0 0 0 0 0 0
76.5978 1 0 0 0 0 0 0 0 0
77.2885 0 1 0 0 0 0 0 0 0
79.2271 1 0 0 0 0 0 0 0 0
79.7199 0 1 0 0 0 0 0 0 0
80.3595 1 0 0 0 0 0 0 0 0
80.8956 0 1 0 0 0 0 0 0 0
81.2765 1 0 0 0 0 0 0 0 0
82.1634 0 1 0 0 0 0 0 0 0
82.4922 0 0 0 1 0 0 0 0 0
88.1708 0 0 0 0 1 0 0 0 0
88.2737 0 0 0 1 0 0 0 0 0
88.408 0 0 0 0 1 0 0 0 0
88.4907 0 0 0 1 0 0 0 0 0
90.0463 0 0 0 0 1 0 0 0 0
90.2732 1 0 0 0 0 0 0 0 0
91.077 0 1 0 0 0 0 0 0 0
92.4987 0 0 0 0 0 1 0 0 0
93.1585 0 0 0 0 0 0 1 0 0
93.9213 0 0 0 0 0 1 0 0 0
99.3518 0 0 0 0 0 0 1 0 0
119.449 1 0 0 0 0 0 0 0 0
120.695 0 1 0 0 0 0 0 0 0
120.963 0 0 0 1 0 0 0 0 0
124.232 0 0 0 0 1 0 0 0 0
125.632 1 0 0 0 0 0 0 0 0
126.528 0 1 0 0 0 0 0 0 0
127.229 0 0 0 1 0 0 0 0 0
130.434 0 0 0 0 1 0 0 0 0
131.825 0 0 0 1 0 0 0 0 0
134.659 0 0 0 0 1 0 0 0 0
136.977 0 0 0 1 0 0 0 0 0
142.399 0 0 0 0 1 0 0 0 0
143.028 0 0 0 1 0 0 0 0 0
147.561 0 0 0 0 1 0 0 0 0
147.994 0 0 0 1 0 0 0 0 0
149.653 0 0 0 0 1 0 0 0 0
150.035 1 0 0 0 0 0 0 0 0
151.188 0 1 0 0 0 0 0 0 0
151.561 0 0 0 1 0 0 0 0 0
154.621 0 0 0 0 1 0 0 0 0
154.878 0 0 0 1 0 0 0 0 0
157.712 0 0 0 0 1 0 0 0 0
157.836 0 0 0 1 0 0 0 0 0
159.35 0 0 0 0 1 0 0 0 0
159.597 1 0 0 0 0 0 0 0 0
159.711 0 1 0 0 0 0 0 0 0
159.804 1 0 1 0 0 0 0 0 0
159.917 0 1 0 0 0 0 0 0 0
164.225 1 0 0 0 0 0 0 0 0
167.223 0 1 0 0 0 0 0 0 0
178.487 0 0 0 0 0 1 0 0 0
179.157 0 0 0 0 0 0 1 0 0
180.631 0 0 0 0 0 1 0 0 0
181.476 0 0 0 0 0 0 1 0 0
198.809 1 0 0 0 0 0 0 0 0
200.696 0 1 0 0 0 0 0 0 0
200.943 0 0 0 1 0 0 0 0 0
204.199 0 0 0 0 1 0 0 0 0
204.735 0 0 0 1 0 0 0 0 0
205.941 0 0 0 0 1 0 0 0 0
206.909 1 0 0 0 0 0 0 0 0
207.817 0 1 0 0 0 0 0 0 0
208.456 1 0 0 0 0 0 0 0 0
208.94 0 1 0 0 0 0 0 0 0
209.219 0 0 0 1 0 0 0 0 0
213.762 0 0 0 0 1 0 0 0 0
214.278 0 0 0 1 0 0 0 0 0
214.639 0 0 0 0 1 0 0 0 0
215.391 1 0 0 0 0 0 0 0 0
216.865 0 1 0 0 0 0 0 0 0
217.194 0 0 0 1 0 0 0 0 0
218.503 0 0 0 0 1 0 0 0 0
220.668 0 0 0 1 0 0 0 0 0
223.233 0 0 0 0 1 0 0 0 0
224.264 1 0 0 0 0 0 0 0 0
225.521 0 1 0 0 0 0 0 0 0
226.067 1 0 0 0 0 0 0 0 0
227.087 0 1 0 0 0 0 0 0 0
229.179 0 0 0 1 0 0 0 0 0
235.435 0 0 0 0 1 0 0 0 0
235.651 1 0 0 0 0 0 0 0 0
237.589 0 1 0 0 0 0 0 0 0
237.743 0 0 0 1 0 0 0 0 0
240.711 0 0 0 0 1 0 0 0 0
241.391 1 0 0 0 0 0 0 0 0
243.289 0 1 0 0 0 0 0 0 0
244.38 0 0 0 1 0 0 0 0 0
245.627 0 0 0 0 1 0 0 0 0
246.008 1 0 0 0 0 0 0 0 0
249.151 0 1 0 0 0 0 0 0 0
249.347 1 0 0 0 0 0 0 0 0
250.028 0 1 0 0 0 0 0 0 0
250.203 0 0 0 1 0 0 0 0 0
254.933 0 0 0 0 1 0 0 0 0
263.919 0 0 0 0 0 1 0 0 0
264.218 0 0 0 0 0 0 1 0 0
265.836 0 0 0 0 0 1 0 0 0
266.857 0 0 0 0 0 0 1 0 0
306.617 0 0 0 1 0 0 0 0 0
309.44 0 0 0 0 1 0 0 0 0
309.615 0 0 0 1 0 0 0 0 0
313.12 0 0 0 0 1 0 0 0 0
313.779 0 0 0 1 0 0 0 0 0
314.736 0 0 0 0 1 0 0 0 0
314.86 0 0 0 1 0 0 0 0 0
317.654 0 0 0 0 1 0 0 0 0
317.974 1 0 0 0 0 0 0 0 0
319.364 0 1 0 0 0 0 0 0 0
319.817 1 0 0 0 0 0 0 0 0
321.374 0 1 0 0 0 0 0 0 0
324.682 1 0 0 0 0 0 0 0 0
325.146 0 1 0 0 0 0 0 0 0
330 1 0 0 0 0 0 0 0 0
334.854 0 1 0 0 0 0 0 0 0
336.276 1 0 0 0 0 0 0 0 0
337.617 0 1 0 0 0 0 0 0 0
337.812 0 0 0 1 0 0 0 0 0
340.678 0 0 0 0 1 0 0 0 0
340.914 1 0 0 0 0 0 0 0 0
341.697 0 1 0 0 0 0 0 0 0
342.48 1 0 0 0 0 0 0 0 0
343.995 0 1 0 0 0 0 0 0 0
345.098 1 0 0 0 0 0 0 0 0
345.253 0 1 0 0 0 0 0 0 0
345.336 1 0 1 0 0 0 0 0 0
345.439 0 1 0 0 0 0 0 0 0
348.273 1 0 0 0 0 0 0 0 0
348.365 0 1 0 0 0 0 0 0 0
348.458 1 0 1 0 0 0 0 0 0
348.551 0 1 0 0 0 0 0 0 0
350.313 1 0 0 0 0 0 0 0 0
351.211 0 1 0 0 0 0 0 0 0
351.818 1 0 0 0 0 0 0 0 0
358.196 0 1 0 0 0 0 0 0 0
358.434 1 0 0 0 0 0 0 0 0
360.609 0 1 0 0 0 0 0 0 0
363.937 0 0 0 1 0 0 0 0 0
364.051 0 0 0 0 1 0 0 0 0
364.133 0 0 0 1 0 0 0 0 0
364.216 0 0 0 0 1 0 0 0 0
