201.549 0 0 0 0 0 1 0 0 0
201.775 0 0 0 0 0 0 1 0 0
209.527 0 0 0 0 0 1 0 0 0
210.508 0 0 0 0 0 0 1 0 0
211.084 0 0 0 0 0 1 0 0 0
214.898 0 0 0 0 0 0 1 0 0
215.052 0 0 0 0 0 1 0 0 0
215.29 0 0 0 0 0 0 1 0 0
215.434 0 0 0 0 0 1 0 0 0
215.589 0 0 0 0 0 0 1 0 0
215.908 0 0 0 0 0 1 0 0 0
216.104 0 0 0 0 0 0 1 0 0
217.309 0 0 0 0 0 1 0 0 0
218.547 0 0 0 0 0 0 1 0 0
218.867 0 0 0 0 0 1 0 0 0
221.824 0 0 0 0 0 0 1 0 0
350.261 0 0 0 1 0 0 0 0 0
350.426 0 0 0 0 1 0 0 0 0
351.127 0 0 0 1 0 0 0 0 0
353.466 0 0 0 0 1 0 0 0 0
355.756 0 0 0 1 0 0 0 0 0
357.672 0 0 0 0 1 0 0 0 0
360.496 0 0 0 1 0 0 0 0 0
365.804 0 0 0 0 1 0 0 0 0
369.464 0 0 0 1 0 0 0 0 0
371.392 0 0 0 0 1 0 0 0 0
379.175 1 0 0 0 0 0 0 0 0
379.474 0 1 0 0 0 0 0 0 0
380.123 1 0 0 0 0 0 0 0 0
380.195 0 1 0 0 0 0 0 0 0
380.299 1 0 1 0 0 0 0 0 0
383.494 0 1 0 0 0 0 0 0 0
388.359 1 0 0 0 0 0 0 0 0
390.762 0 1 0 0 0 0 0 0 0
391.349 1 0 0 0 0 0 0 0 0
391.453 0 1 0 0 0 0 0 0 0
392.07 1 0 0 0 0 0 0 0 0
394.194 0 1 0 0 0 0 0 0 0
397.297 1 0 0 0 0 0 0 0 0
400.08 0 1 0 0 0 0 0 0 0
401.874 1 0 0 0 0 0 0 0 0
402.554 0 1 0 0 0 0 0 0 0
403.761 1 0 0 0 0 0 0 0 0
404.853 0 1 0 0 0 0 0 0 0
405.874 1 0 0 0 0 0 0 0 0
406.255 0 1 0 0 0 0 0 0 0
410.616 1 0 0 0 0 0 0 0 0
418.738 0 1 0 0 0 0 0 0 0
424.356 1 0 0 0 0 0 0 0 0
427.696 0 1 0 0 0 0 0 0 0
432.396 1 0 0 0 0 0 0 0 0
434.531 0 1 0 0 0 0 0 0 0
436.994 1 0 0 0 0 0 0 0 0
438.035 0 1 0 0 0 0 0 0 0
439.488 1 0 0 0 0 0 0 0 0
441.313 0 1 0 0 0 0 0 0 0
441.963 1 0 0 0 0 0 0 0 0
445.045 0 1 0 0 0 0 0 0 0
445.591 1 0 0 0 0 0 0 0 0
447.003 0 1 0 0 0 0 0 0 0
447.498 1 0 0 0 0 0 0 0 0
447.611 0 1 0 0 0 0 0 0 0
447.683 1 0 1 0 0 0 0 0 0
447.786 0 1 0 0 0 0 0 0 0
457.043 1 0 0 0 0 0 0 0 0
471.97 0 1 0 0 0 0 0 0 0
472.051 1 0 0 0 0 0 0 0 0
472.443 0 1 0 0 0 0 0 0 0
481.04 0 0 0 1 0 0 0 0 0
481.226 0 0 0 0 1 0 0 0 0
481.762 0 0 0 1 0 0 0 0 0
483.565 0 0 0 0 1 0 0 0 0
484.142 0 0 0 1 0 0 0 0 0
484.287 0 0 0 0 1 0 0 0 0
484.73 0 0 0 1 0 0 0 0 0
484.865 0 0 0 0 1 0 0 0 0
484.957 0 0 0 1 0 0 0 0 0
485.937 0 0 0 0 1 0 0 0 0
489.678 0 0 0 1 0 0 0 0 0
516.221 0 0 0 0 1 0 0 0 0
525.621 0 0 0 1 0 0 0 0 0
527.982 0 0 0 0 1 0 0 0 0
538.185 1 0 0 0 0 0 0 0 0
540.061 0 1 0 0 0 0 0 0 0
541.163 0 0 0 1 0 0 0 0 0
544.504 0 0 0 0 1 0 0 0 0
545.565 1 0 0 0 0 0 0 0 0
546.266 0 1 0 0 0 0 0 0 0
546.885 1 0 0 0 0 0 0 0 0
546.988 0 1 0 0 0 0 0 0 0
547.081 1 0 1 0 0 0 0 0 0
547.184 0 1 0 0 0 0 0 0 0
549.482 0 0 0 1 0 0 0 0 0
552.883 0 0 0 0 1 0 0 0 0
563.862 1 0 0 0 0 0 0 0 0
563.954 0 1 0 0 0 0 0 0 0
564.058 1 0 1 0 0 0 0 0 0
564.14 0 1 0 0 0 0 0 0 0
587.98 0 0 0 1 0 0 0 0 0
588.97 0 0 0 0 1 0 0 0 0
592.567 1 0 0 0 0 0 0 0 0
597.226 0 1 0 0 0 0 0 0 0
598.299 1 0 0 0 0 0 0 0 0
600.019 0 1 0 0 0 0 0 0 0
603.504 1 0 0 0 0 0 0 0 0
610.894 0 1 0 0 0 0 0 0 0
611.585 1 0 0 0 0 0 0 0 0
611.697 0 1 0 0 0 0 0 0 0
611.769 1 0 1 0 0 0 0 0 0
611.873 0 1 0 0 0 0 0 0 0
614.275 1 0 0 0 0 0 0 0 0
616.295 0 1 0 0 0 0 0 0 0
621.872 1 0 0 0 0 0 0 0 0
622.985 0 1 0 0 0 0 0 0 0
623.87 1 0 0 0 0 0 0 0 0
626.602 0 1 0 0 0 0 0 0 0
628.818 1 0 0 0 0 0 0 0 0
628.89 0 1 0 0 0 0 0 0 0
628.993 1 0 1 0 0 0 0 0 0
629.086 0 1 0 0 0 0 0 0 0
631.291 1 0 0 0 0 0 0 0 0
636.321 0 1 0 0 0 0 0 0 0
636.94 0 0 0 1 0 0 0 0 0
638.053 0 0 0 0 1 0 0 0 0
641.042 1 0 0 0 0 0 0 0 0
641.919 0 1 0 0 0 0 0 0 0
657.699 1 0 0 0 0 0 0 0 0
657.802 0 1 0 0 0 0 0 0 0
657.895 1 0 1 0 0 0 0 0 0
657.998 0 1 0 0 0 0 0 0 0
661.327 0 0 0 1 0 0 0 0 0
667.872 0 0 0 0 1 0 0 0 0
669.418 1 0 0 0 0 0 0 0 0
670.851 0 1 0 0 0 0 0 0 0
672.655 1 0 0 0 0 0 0 0 0
674.499 0 1 0 0 0 0 0 0 0
676.468 0 0 0 1 0 0 0 0 0
678.374 0 0 0 0 1 0 0 0 0
679.663 1 0 0 0 0 0 0 0 0
680.694 0 1 0 0 0 0 0 0 0
682.92 1 0 0 0 0 0 0 0 0
684.178 0 1 0 0 0 0 0 0 0
685.96 1 0 0 0 0 0 0 0 0
687.579 0 1 0 0 0 0 0 0 0
689.99 1 0 0 0 0 0 0 0 0
691.722 0 1 0 0 0 0 0 0 0
699.834 1 0 0 0 0 0 0 0 0
699.917 0 1 0 0 0 0 0 0 0
700.03 1 0 1 0 0 0 0 0 0
700.123 0 1 0 0 0 0 0 0 0
705.502 1 0 0 0 0 0 0 0 0
706.636 0 1 0 0 0 0 0 0 0
707.43 0 0 0 1 0 0 0 0 0
708.894 0 0 0 0 1 0 0 0 0
709.81 0 0 0 1 0 0 0 0 0
710.707 0 0 0 0 1 0 0 0 0
711.078 1 0 0 0 0 0 0 0 0
713.572 0 1 0 0 0 0 0 0 0
715.717 1 0 0 0 0 0 0 0 0
717.695 0 1 0 0 0 0 0 0 0
719.52 1 0 0 0 0 0 0 0 0
721.612 0 1 0 0 0 0 0 0 0
733.259 1 0 0 0 0 0 0 0 0
733.341 0 1 0 0 0 0 0 0 0
733.434 1 0 1 0 0 0 0 0 0
733.496 0 1 0 0 0 0 0 0 0
736.486 1 0 0 0 0 0 0 0 0
736.589 0 1 0 0 0 0 0 0 0
736.723 1 0 1 0 0 0 0 0 0
736.785 0 1 0 0 0 0 0 0 0
771.436 1 0 0 0 0 0 0 0 0
780.28 0 1 0 0 0 0 0 0 0
787.361 1 0 0 0 0 0 0 0 0
788.061 0 1 0 0 0 0 0 0 0
788.855 1 0 0 0 0 0 0 0 0
789.834 0 1 0 0 0 0 0 0 0
791.133 1 0 0 0 0 0 0 0 0
795.122 0 1 0 0 0 0 0 0 0
795.668 1 0 0 0 0 0 0 0 0
797.038 0 1 0 0 0 0 0 0 0
798.059 0 0 0 1 0 0 0 0 0
800.027 0 0 0 0 1 0 0 0 0
800.976 0 0 0 1 0 0 0 0 0
801.563 0 0 0 0 1 0 0 0 0
811.705 1 0 0 0 0 0 0 0 0
811.756 0 1 0 0 0 0 0 0 0
811.88 1 0 1 0 0 0 0 0 0
811.962 0 1 0 0 0 0 0 0 0
813.405 1 0 0 0 0 0 0 0 0
814.705 0 1 0 0 0 0 0 0 0
816.714 1 0 0 0 0 0 0 0 0
826.63 0 1 0 0 0 0 0 0 0
828.123 0 0 0 1 0 0 0 0 0
831.401 0 0 0 0 1 0 0 0 0
842.43 1 0 0 0 0 0 0 0 0
842.544 0 1 0 0 0 0 0 0 0
842.636 1 0 1 0 0 0 0 0 0
842.749 0 1 0 0 0 0 0 0 0
848.923 1 0 0 0 0 0 0 0 0
854.592 0 1 0 0 0 0 0 0 0
856.283 0 0 0 1 0 0 0 0 0
856.891 0 0 0 0 1 0 0 0 0
858.9 1 0 0 0 0 0 0 0 0
861.457 0 1 0 0 0 0 0 0 0
862.951 1 0 0 0 0 0 0 0 0
865.312 0 1 0 0 0 0 0 0 0
865.662 1 0 0 0 0 0 0 0 0
865.745 0 1 0 0 0 0 0 0 0
865.848 1 0 1 0 0 0 0 0 0
865.941 0 1 0 0 0 0 0 0 0
867.61 1 0 0 0 0 0 0 0 0
870.929 0 1 0 0 0 0 0 0 0
871.527 1 0 0 0 0 0 0 0 0
880.731 0 1 0 0 0 0 0 0 0
881.237 1 0 0 0 0 0 0 0 0
881.288 0 1 0 0 0 0 0 0 0
881.402 1 0 1 0 0 0 0 0 0
881.484 0 1 0 0 0 0 0 0 0
882.844 1 0 0 0 0 0 0 0 0
900.438 0 1 0 0 0 0 0 0 0
901.942 1 0 0 0 0 0 0 0 0
902.035 0 1 0 0 0 0 0 0 0
902.148 1 0 1 0 0 0 0 0 0
902.221 0 1 0 0 0 0 0 0 0
902.293 1 0 1 0 0 0 0 0 0
902.396 0 1 0 0 0 0 0 0 0
916.239 1 0 0 0 0 0 0 0 0
925.421 0 1 0 0 0 0 0 0 0
926.019 1 0 0 0 0 0 0 0 0
927.308 0 1 0 0 0 0 0 0 0
928.66 1 0 0 0 0 0 0 0 0
928.752 0 1 0 0 0 0 0 0 0
928.854 1 0 1 0 0 0 0 0 0
928.948 0 1 0 0 0 0 0 0 0
929.617 1 0 0 0 0 0 0 0 0
930.617 0 1 0 0 0 0 0 0 0
934.152 1 0 0 0 0 0 0 0 0
945.231 0 1 0 0 0 0 0 0 0
946.293 1 0 0 0 0 0 0 0 0
946.407 0 1 0 0 0 0 0 0 0
946.499 1 0 1 0 0 0 0 0 0
946.603 0 1 0 0 0 0 0 0 0
950.158 1 0 0 0 0 0 0 0 0
950.87 0 1 0 0 0 0 0 0 0
951.406 1 0 0 0 0 0 0 0 0
952.241 0 1 0 0 0 0 0 0 0
954.519 1 0 0 0 0 0 0 0 0
954.611 0 1 0 0 0 0 0 0 0
954.715 1 0 1 0 0 0 0 0 0
954.818 0 1 0 0 0 0 0 0 0
958.508 1 0 0 0 0 0 0 0 0
982.441 0 1 0 0 0 0 0 0 0
983.121 1 0 0 0 0 0 0 0 0
983.214 0 1 0 0 0 0 0 0 0
983.307 1 0 1 0 0 0 0 0 0
983.389 0 1 0 0 0 0 0 0 0
1002.54 1 0 0 0 0 0 0 0 0
1003.92 0 1 0 0 0 0 0 0 0
1007.51 1 0 0 0 0 0 0 0 0
1008.5 0 1 0 0 0 0 0 0 0
1019.88 1 0 0 0 0 0 0 0 0
1019.92 0 1 0 0 0 0 0 0 0
1020.02 1 0 1 0 0 0 0 0 0
1020.09 0 1 0 0 0 0 0 0 0
1169.08 0 0 0 0 0 1 0 0 0
1170.46 0 0 0 0 0 0 1 0 0
1191.95 1 0 0 0 0 0 0 0 0
1198.84 0 1 0 0 0 0 0 0 0
1200.48 1 0 0 0 0 0 0 0 0
1202.99 0 1 0 0 0 0 0 0 0
1203.69 1 0 0 0 0 0 0 0 0
1204.75 0 1 0 0 0 0 0 0 0
1206.96 1 0 0 0 0 0 0 0 0
1207.93 0 1 0 0 0 0 0 0 0
1209.34 1 0 0 0 0 0 0 0 0
1210.74 0 1 0 0 0 0 0 0 0
1211.31 1 0 0 0 0 0 0 0 0
1212.52 0 1 0 0 0 0 0 0 0
1215.8 1 0 0 0 0 0 0 0 0
1218.54 0 1 0 0 0 0 0 0 0
1219.16 1 0 0 0 0 0 0 0 0
1220.05 0 1 0 0 0 0 0 0 0
1220.81 1 0 0 0 0 0 0 0 0
1221.87 0 1 0 0 0 0 0 0 0
1222.76 1 0 0 0 0 0 0 0 0
1223.17 0 1 0 0 0 0 0 0 0
1227.09 0 0 0 1 0 0 0 0 0
1230.82 0 0 0 0 1 0 0 0 0
1232.06 1 0 0 0 0 0 0 0 0
1232.14 0 1 0 0 0 0 0 0 0
1232.23 1 0 1 0 0 0 0 0 0
1234.29 0 1 0 0 0 0 0 0 0
1235.94 1 0 0 0 0 0 0 0 0
1236.18 0 1 0 0 0 0 0 0 0
1238.51 1 0 0 0 0 0 0 0 0
1239.75 0 1 0 0 0 0 0 0 0
1241.73 1 0 0 0 0 0 0 0 0
1241.87 0 1 0 0 0 0 0 0 0
1244.28 1 0 0 0 0 0 0 0 0
1245.13 0 1 0 0 0 0 0 0 0
1250.74 0 0 0 1 0 0 0 0 0
1252.58 0 0 0 0 1 0 0 0 0
1254.52 1 0 0 0 0 0 0 0 0
1259.46 0 1 0 0 0 0 0 0 0
1260.67 1 0 0 0 0 0 0 0 0
1263.29 0 1 0 0 0 0 0 0 0
1264.63 1 0 0 0 0 0 0 0 0
1267.67 0 1 0 0 0 0 0 0 0
1291.75 1 0 0 0 0 0 0 0 0
1291.88 0 1 0 0 0 0 0 0 0
1291.98 1 0 1 0 0 0 0 0 0
1292.07 0 1 0 0 0 0 0 0 0
1296.26 1 0 0 0 0 0 0 0 0
1297.48 0 1 0 0 0 0 0 0 0
1298.38 0 0 0 1 0 0 0 0 0
1299.32 0 0 0 0 1 0 0 0 0
1300.64 0 0 0 1 0 0 0 0 0
1302.64 0 0 0 0 1 0 0 0 0
1305.33 0 0 0 1 0 0 0 0 0
1310.18 0 0 0 0 1 0 0 0 0
1317.14 1 0 0 0 0 0 0 0 0
1317.23 0 1 0 0 0 0 0 0 0
1317.33 1 0 1 0 0 0 0 0 0
1317.42 0 1 0 0 0 0 0 0 0
1380.47 1 0 0 0 0 0 0 0 0
1382.75 0 1 0 0 0 0 0 0 0
1384.45 1 0 0 0 0 0 0 0 0
1395.76 0 1 0 0 0 0 0 0 0
1396.22 1 0 0 0 0 0 0 0 0
1400.27 0 1 0 0 0 0 0 0 0
1402.23 1 0 0 0 0 0 0 0 0
1405.65 0 1 0 0 0 0 0 0 0
1406.2 1 0 0 0 0 0 0 0 0
1408.59 0 1 0 0 0 0 0 0 0
1409.58 1 0 0 0 0 0 0 0 0
1409.69 0 1 0 0 0 0 0 0 0
1409.81 1 0 1 0 0 0 0 0 0
1409.91 0 1 0 0 0 0 0 0 0
1412.94 1 0 0 0 0 0 0 0 0
1414.4 0 1 0 0 0 0 0 0 0
1414.89 1 0 0 0 0 0 0 0 0
1417.16 0 1 0 0 0 0 0 0 0
1417.74 1 0 0 0 0 0 0 0 0
1417.86 0 1 0 0 0 0 0 0 0
1417.98 1 0 1 0 0 0 0 0 0
1418.04 0 1 0 0 0 0 0 0 0
1421.97 1 0 0 0 0 0 0 0 0
1425.71 0 1 0 0 0 0 0 0 0
1426.7 1 0 0 0 0 0 0 0 0
1432.05 0 1 0 0 0 0 0 0 0
1432.16 1 0 0 0 0 0 0 0 0
1432.27 0 1 0 0 0 0 0 0 0
1433.04 1 0 0 0 0 0 0 0 0
1434.8 0 1 0 0 0 0 0 0 0
1437.32 1 0 0 0 0 0 0 0 0
1438.62 0 1 0 0 0 0 0 0 0
1439.24 1 0 0 0 0 0 0 0 0
1439.97 0 1 0 0 0 0 0 0 0
1440.85 1 0 0 0 0 0 0 0 0
1441.34 0 1 0 0 0 0 0 0 0
1442 1 0 0 0 0 0 0 0 0
1443.6 0 1 0 0 0 0 0 0 0
1444.09 1 0 0 0 0 0 0 0 0
1444.59 0 1 0 0 0 0 0 0 0
1445.14 0 0 0 1 0 0 0 0 0
1445.58 0 0 0 0 1 0 0 0 0
1446.2 0 0 0 1 0 0 0 0 0
1448.3 0 0 0 0 1 0 0 0 0
1449.4 0 0 0 1 0 0 0 0 0
1449.82 0 0 0 0 1 0 0 0 0
1453.52 1 0 0 0 0 0 0 0 0
1454.78 0 1 0 0 0 0 0 0 0
1459.17 1 0 0 0 0 0 0 0 0
1460.49 0 1 0 0 0 0 0 0 0
1461.89 1 0 0 0 0 0 0 0 0
1462.34 0 1 0 0 0 0 0 0 0
1462.72 1 0 0 0 0 0 0 0 0
1463.17 0 1 0 0 0 0 0 0 0
1466.06 1 0 0 0 0 0 0 0 0
1467.74 0 1 0 0 0 0 0 0 0
1468.52 0 0 0 1 0 0 0 0 0
1470 0 0 0 0 1 0 0 0 0
1472.51 0 0 0 1 0 0 0 0 0
1475.08 0 0 0 0 1 0 0 0 0
1476.16 0 0 0 1 0 0 0 0 0
1477.66 0 0 0 0 1 0 0 0 0
1479.26 1 0 0 0 0 0 0 0 0
1480.58 0 1 0 0 0 0 0 0 0
1482.5 1 0 0 0 0 0 0 0 0
1484.5 0 1 0 0 0 0 0 0 0
1484.87 0 0 0 1 0 0 0 0 0
1489.87 0 0 0 0 1 0 0 0 0
1492.02 1 0 0 0 0 0 0 0 0
1492.15 0 1 0 0 0 0 0 0 0
1492.25 1 0 1 0 0 0 0 0 0
1492.36 0 1 0 0 0 0 0 0 0
