2.99847 0 0 0 0 0 1 0 0 0
3.20442 0 0 0 0 0 0 1 0 0
4.97698 0 0 0 0 0 1 0 0 0
5.2449 0 0 0 0 0 0 1 0 0
6.18271 0 0 0 0 0 1 0 0 0
7.59431 0 0 0 0 0 0 1 0 0
32.667 1 0 0 0 0 0 0 0 0
39.1703 0 1 0 0 0 0 0 0 0
39.5702 0 0 0 1 0 0 0 0 0
41.9826 0 0 0 0 1 0 0 0 0
43.3842 0 0 0 1 0 0 0 0 0
48.9588 0 0 0 0 1 0 0 0 0
49.7616 1 0 0 0 0 0 0 0 0
51.1532 0 1 0 0 0 0 0 0 0
51.6891 0 0 0 1 0 0 0 0 0
53.8116 0 0 0 0 1 0 0 0 0
54.3786 1 0 0 0 0 0 0 0 0
55.4911 0 1 0 0 0 0 0 0 0
56.8108 0 0 0 1 0 0 0 0 0
63.5602 0 0 0 0 1 0 0 0 0
66.6203 0 0 0 1 0 0 0 0 0
71.8661 0 0 0 0 1 0 0 0 0
72.7517 1 0 0 0 0 0 0 0 0
73.8134 0 1 0 0 0 0 0 0 0
74.3393 0 0 0 1 0 0 0 0 0
77.0796 0 0 0 0 1 0 0 0 0
77.8324 1 0 0 0 0 0 0 0 0
78.4402 0 1 0 0 0 0 0 0 0
80.2638 0 0 0 1 0 0 0 0 0
81.0785 0 0 0 0 1 0 0 0 0
83.3869 1 0 0 0 0 0 0 0 0
84.6746 0 1 0 0 0 0 0 0 0
85.3234 0 0 0 1 0 0 0 0 0
88.8286 0 0 0 0 1 0 0 0 0
89.6733 1 0 0 0 0 0 0 0 0
92.8365 0 1 0 0 0 0 0 0 0
93.5883 0 0 0 1 0 0 0 0 0
94.4761 0 0 0 0 1 0 0 0 0
95.3509 1 0 0 0 0 0 0 0 0
96.3506 0 1 0 0 0 0 0 0 0
97.2164 1 0 0 0 0 0 0 0 0
97.5973 0 1 0 0 0 0 0 0 0
100.587 1 0 0 0 0 0 0 0 0
101.204 0 1 0 0 0 0 0 0 0
102.317 1 0 0 0 0 0 0 0 0
103.669 0 1 0 0 0 0 0 0 0
105.203 1 0 0 0 0 0 0 0 0
107.079 0 1 0 0 0 0 0 0 0
108.779 1 0 0 0 0 0 0 0 0
110.788 0 1 0 0 0 0 0 0 0
111.562 1 0 0 0 0 0 0 0 0
112.335 0 1 0 0 0 0 0 0 0
113.261 0 0 0 1 0 0 0 0 0
113.478 0 0 0 0 1 0 0 0 0
114.21 0 0 0 1 0 0 0 0 0
114.365 0 0 0 0 1 0 0 0 0
114.684 1 0 0 0 0 0 0 0 0
114.787 0 1 0 0 0 0 0 0 0
114.88 1 0 1 0 0 0 0 0 0
114.993 0 1 0 0 0 0 0 0 0
118.507 1 0 0 0 0 0 0 0 0
119.6 0 1 0 0 0 0 0 0 0
120.754 1 0 0 0 0 0 0 0 0
120.878 0 1 0 0 0 0 0 0 0
122.104 0 0 0 0 0 1 0 0 0
122.207 0 0 0 0 0 0 1 0 0
129.266 0 0 0 0 0 1 0 0 0
129.711 0 0 0 0 0 0 1 0 0
132.43 0 0 0 0 0 1 0 0 0
132.533 0 0 0 0 0 0 1 0 0
135.038 0 0 0 0 0 1 0 0 0
135.945 0 0 0 0 0 0 1 0 0
137.418 0 0 0 0 0 1 0 0 0
137.511 0 0 0 0 0 0 1 0 0
137.624 0 0 0 0 0 1 0 0 0
137.718 0 0 0 0 0 0 1 0 0
137.83 0 0 0 0 0 1 0 0 0
138.924 0 0 0 0 0 0 1 0 0
142.726 0 0 0 0 0 1 0 0 0
143.489 0 0 0 0 0 0 1 0 0
173.292 1 0 0 0 0 0 0 0 0
174.868 0 1 0 0 0 0 0 0 0
175.899 1 0 0 0 0 0 0 0 0
176.476 0 1 0 0 0 0 0 0 0
177.156 1 0 0 0 0 0 0 0 0
177.631 0 1 0 0 0 0 0 0 0
178.496 1 0 0 0 0 0 0 0 0
179.258 0 1 0 0 0 0 0 0 0
179.722 1 0 0 0 0 0 0 0 0
181.774 0 1 0 0 0 0 0 0 0
182.474 0 0 0 1 0 0 0 0 0
182.567 0 0 0 0 1 0 0 0 0
182.679 0 0 0 1 0 0 0 0 0
186.709 0 0 0 0 1 0 0 0 0
187.132 0 0 0 1 0 0 0 0 0
188.544 0 0 0 0 1 0 0 0 0
188.957 1 0 0 0 0 0 0 0 0
191.192 0 1 0 0 0 0 0 0 0
191.532 0 0 0 1 0 0 0 0 0
194.089 0 0 0 0 1 0 0 0 0
194.448 0 0 0 1 0 0 0 0 0
196.582 0 0 0 0 1 0 0 0 0
197.541 0 0 0 1 0 0 0 0 0
197.654 0 0 0 0 1 0 0 0 0
198.478 1 0 0 0 0 0 0 0 0
200.158 0 1 0 0 0 0 0 0 0
201.735 1 0 0 0 0 0 0 0 0
205.323 0 1 0 0 0 0 0 0 0
205.59 1 0 0 0 0 0 0 0 0
206.228 0 1 0 0 0 0 0 0 0
208.372 1 0 0 0 0 0 0 0 0
209.444 0 1 0 0 0 0 0 0 0
209.753 0 0 0 1 0 0 0 0 0
211.587 0 0 0 0 1 0 0 0 0
211.899 0 0 0 1 0 0 0 0 0
214.907 0 0 0 0 1 0 0 0 0
215.225 1 0 0 0 0 0 0 0 0
215.916 0 1 0 0 0 0 0 0 0
217.698 1 0 0 0 0 0 0 0 0
219.379 0 1 0 0 0 0 0 0 0
219.647 0 0 0 1 0 0 0 0 0
220.203 0 0 0 0 1 0 0 0 0
220.77 1 0 0 0 0 0 0 0 0
222.666 0 1 0 0 0 0 0 0 0
223.223 0 0 0 1 0 0 0 0 0
223.676 0 0 0 0 1 0 0 0 0
225.037 1 0 0 0 0 0 0 0 0
225.675 0 1 0 0 0 0 0 0 0
226.757 0 0 0 1 0 0 0 0 0
226.974 0 0 0 0 1 0 0 0 0
227.087 0 0 0 1 0 0 0 0 0
227.232 0 0 0 0 1 0 0 0 0
227.304 0 0 0 1 0 0 0 0 0
227.654 0 0 0 0 1 0 0 0 0
228.232 1 0 0 0 0 0 0 0 0
228.335 0 1 0 0 0 0 0 0 0
228.427 1 0 1 0 0 0 0 0 0
228.541 0 1 0 0 0 0 0 0 0
230.54 1 0 0 0 0 0 0 0 0
232.961 0 1 0 0 0 0 0 0 0
233.322 1 0 0 0 0 0 0 0 0
237.817 0 1 0 0 0 0 0 0 0
237.97 1 0 0 0 0 0 0 0 0
238.042 0 1 0 0 0 0 0 0 0
238.145 1 0 1 0 0 0 0 0 0
238.249 0 1 0 0 0 0 0 0 0
240.413 1 0 0 0 0 0 0 0 0
241.495 0 1 0 0 0 0 0 0 0
242.814 0 0 0 0 0 1 0 0 0
242.948 0 0 0 0 0 0 1 0 0
246.927 0 0 0 0 0 1 0 0 0
247.39 0 0 0 0 0 0 1 0 0
249.235 0 0 0 0 0 1 0 0 0
249.616 0 0 0 0 0 0 1 0 0
253.522 0 0 0 0 0 1 0 0 0
254.233 0 0 0 0 0 0 1 0 0
254.892 0 0 0 0 0 1 0 0 0
255.203 0 0 0 0 0 0 1 0 0
257.788 0 0 0 0 0 1 0 0 0
259.016 0 0 0 0 0 0 1 0 0
263.663 0 0 0 0 0 1 0 0 0
263.776 0 0 0 0 0 0 1 0 0
282.161 0 0 0 1 0 0 0 0 0
285.48 0 0 0 0 1 0 0 0 0
286.315 1 0 0 0 0 0 0 0 0
287.602 0 1 0 0 0 0 0 0 0
288.344 1 0 0 0 0 0 0 0 0
289.19 0 1 0 0 0 0 0 0 0
289.757 1 0 0 0 0 0 0 0 0
290.148 0 1 0 0 0 0 0 0 0
290.54 0 0 0 1 0 0 0 0 0
292.745 0 0 0 0 1 0 0 0 0
293.848 0 0 0 1 0 0 0 0 0
295.291 0 0 0 0 1 0 0 0 0
296.218 1 0 0 0 0 0 0 0 0
297.527 0 1 0 0 0 0 0 0 0
298.259 1 0 0 0 0 0 0 0 0
299.022 0 1 0 0 0 0 0 0 0
299.321 0 0 0 1 0 0 0 0 0
303.268 0 0 0 0 1 0 0 0 0
303.524 0 0 0 1 0 0 0 0 0
304.184 0 0 0 0 1 0 0 0 0
304.452 1 0 0 0 0 0 0 0 0
305.556 0 1 0 0 0 0 0 0 0
305.864 0 0 0 1 0 0 0 0 0
306.844 0 0 0 0 1 0 0 0 0
307.43 1 0 0 0 0 0 0 0 0
307.513 0 1 0 0 0 0 0 0 0
307.626 1 0 1 0 0 0 0 0 0
307.719 0 1 0 0 0 0 0 0 0
310.997 1 0 0 0 0 0 0 0 0
313.192 0 1 0 0 0 0 0 0 0
323.084 1 0 0 0 0 0 0 0 0
323.167 0 1 0 0 0 0 0 0 0
323.27 1 0 1 0 0 0 0 0 0
323.352 0 1 0 0 0 0 0 0 0
323.95 0 0 0 1 0 0 0 0 0
324.373 0 0 0 0 1 0 0 0 0
324.702 1 0 0 0 0 0 0 0 0
325.733 0 1 0 0 0 0 0 0 0
325.95 0 0 0 1 0 0 0 0 0
328.814 0 0 0 0 1 0 0 0 0
329 1 0 0 0 0 0 0 0 0
332.256 0 1 0 0 0 0 0 0 0
332.535 0 0 0 1 0 0 0 0 0
333.813 0 0 0 0 1 0 0 0 0
334.184 0 0 0 1 0 0 0 0 0
335.471 0 0 0 0 1 0 0 0 0
336.409 1 0 0 0 0 0 0 0 0
337.564 0 1 0 0 0 0 0 0 0
337.832 0 0 0 1 0 0 0 0 0
341.274 0 0 0 0 1 0 0 0 0
341.727 1 0 0 0 0 0 0 0 0
342.499 0 1 0 0 0 0 0 0 0
342.767 0 0 0 1 0 0 0 0 0
347.519 0 0 0 0 1 0 0 0 0
348.054 0 0 0 1 0 0 0 0 0
349.529 0 0 0 0 1 0 0 0 0
350.342 1 0 0 0 0 0 0 0 0
351.28 0 1 0 0 0 0 0 0 0
351.868 1 0 0 0 0 0 0 0 0
353.104 0 1 0 0 0 0 0 0 0
353.754 0 0 0 1 0 0 0 0 0
354.784 0 0 0 0 1 0 0 0 0
355.361 1 0 0 0 0 0 0 0 0
357.289 0 1 0 0 0 0 0 0 0
357.773 1 0 0 0 0 0 0 0 0
358.72 0 1 0 0 0 0 0 0 0
359.494 0 0 0 1 0 0 0 0 0
360.009 0 0 0 0 1 0 0 0 0
362.266 1 0 0 0 0 0 0 0 0
362.389 0 1 0 0 0 0 0 0 0
