23.1598 0 0 0 1 0 0 0 0 0
30.6409 0 0 0 0 1 0 0 0 0
31.5477 1 0 0 0 0 0 0 0 0
31.9396 0 1 0 0 0 0 0 0 0
32.4754 0 0 0 1 0 0 0 0 0
33.1143 0 0 0 0 1 0 0 0 0
33.5992 1 0 0 0 0 0 0 0 0
35.3817 0 1 0 0 0 0 0 0 0
35.9586 0 0 0 1 0 0 0 0 0
36.9584 0 0 0 0 1 0 0 0 0
37.4122 0 0 0 1 0 0 0 0 0
38.329 0 0 0 0 1 0 0 0 0
38.8438 0 0 0 1 0 0 0 0 0
41.1112 0 0 0 0 1 0 0 0 0
41.8641 1 0 0 0 0 0 0 0 0
41.967 0 1 0 0 0 0 0 0 0
42.5129 1 0 0 0 0 0 0 0 0
42.6369 0 1 0 0 0 0 0 0 0
42.6989 1 0 1 0 0 0 0 0 0
42.8118 0 1 0 0 0 0 0 0 0
45.842 1 0 0 0 0 0 0 0 0
47.9955 0 1 0 0 0 0 0 0 0
48.4494 0 0 0 1 0 0 0 0 0
49.2222 0 0 0 0 1 0 0 0 0
50.7888 0 0 0 1 0 0 0 0 0
52.0254 0 0 0 0 1 0 0 0 0
52.4474 1 0 0 0 0 0 0 0 0
52.5714 0 1 0 0 0 0 0 0 0
52.6533 1 0 1 0 0 0 0 0 0
52.7563 0 1 0 0 0 0 0 0 0
57.621 0 0 0 1 0 0 0 0 0
60.6093 0 0 0 0 1 0 0 0 0
66.0619 1 0 0 0 0 0 0 0 0
66.1649 0 1 0 0 0 0 0 0 0
66.2468 1 0 1 0 0 0 0 0 0
66.3398 0 1 0 0 0 0 0 0 0
71.3785 1 0 0 0 0 0 0 0 0
88.9191 0 1 0 0 0 0 0 0 0
89.3729 0 0 0 1 0 0 0 0 0
89.5479 0 0 0 0 1 0 0 0 0
90.5377 0 0 0 1 0 0 0 0 0
90.6716 0 0 0 0 1 0 0 0 0
90.7326 0 0 0 1 0 0 0 0 0
90.8466 0 0 0 0 1 0 0 0 0
91.3724 0 0 0 1 0 0 0 0 0
93.041 0 0 0 0 1 0 0 0 0
93.6089 1 0 0 0 0 0 0 0 0
94.3507 0 1 0 0 0 0 0 0 0
95.0095 0 0 0 1 0 0 0 0 0
95.1235 0 0 0 0 1 0 0 0 0
95.1855 0 0 0 1 0 0 0 0 0
96.7931 0 0 0 0 1 0 0 0 0
99.1934 1 0 0 0 0 0 0 0 0
99.6884 0 1 0 0 0 0 0 0 0
100.152 1 0 0 0 0 0 0 0 0
101.709 0 1 0 0 0 0 0 0 0
103.285 0 0 0 1 0 0 0 0 0
105.315 0 0 0 0 1 0 0 0 0
105.501 1 0 0 0 0 0 0 0 0
105.779 0 1 0 0 0 0 0 0 0
106.326 1 0 0 0 0 0 0 0 0
106.45 0 1 0 0 0 0 0 0 0
106.511 1 0 1 0 0 0 0 0 0
106.625 0 1 0 0 0 0 0 0 0
109.469 1 0 0 0 0 0 0 0 0
120.001 0 1 0 0 0 0 0 0 0
120.526 0 0 0 1 0 0 0 0 0
121.371 0 0 0 0 1 0 0 0 0
123.669 0 0 0 1 0 0 0 0 0
123.947 0 0 0 0 1 0 0 0 0
125.865 0 0 0 1 0 0 0 0 0
129.606 0 0 0 0 1 0 0 0 0
130.204 0 0 0 1 0 0 0 0 0
131.605 0 0 0 0 1 0 0 0 0
132.481 0 0 0 1 0 0 0 0 0
134.799 0 0 0 0 1 0 0 0 0
135.006 1 0 0 0 0 0 0 0 0
136.562 0 1 0 0 0 0 0 0 0
137.046 0 0 0 1 0 0 0 0 0
137.428 0 0 0 0 1 0 0 0 0
141.746 1 0 0 0 0 0 0 0 0
142.435 0 1 0 0 0 0 0 0 0
142.868 0 0 0 1 0 0 0 0 0
145.971 0 0 0 0 1 0 0 0 0
146.156 0 0 0 1 0 0 0 0 0
146.619 0 0 0 0 1 0 0 0 0
146.743 0 0 0 1 0 0 0 0 0
146.805 0 0 0 0 1 0 0 0 0
147.372 0 0 0 1 0 0 0 0 0
155.327 0 0 0 0 1 0 0 0 0
155.699 1 0 0 0 0 0 0 0 0
156.132 0 1 0 0 0 0 0 0 0
157.668 0 0 0 1 0 0 0 0 0
162.84 0 0 0 0 1 0 0 0 0
163.428 1 0 0 0 0 0 0 0 0
163.552 0 1 0 0 0 0 0 0 0
163.933 1 0 0 0 0 0 0 0 0
164.036 0 1 0 0 0 0 0 0 0
164.118 1 0 1 0 0 0 0 0 0
164.222 0 1 0 0 0 0 0 0 0
175.94 0 0 0 1 0 0 0 0 0
176.084 0 0 0 0 1 0 0 0 0
176.445 1 0 0 0 0 0 0 0 0
176.579 0 1 0 0 0 0 0 0 0
176.641 1 0 1 0 0 0 0 0 0
176.744 0 1 0 0 0 0 0 0 0
178.001 1 0 0 0 0 0 0 0 0
181.752 0 1 0 0 0 0 0 0 0
183.113 0 0 0 0 0 1 0 0 0
184.504 0 0 0 0 0 0 1 0 0
192.13 0 0 0 0 0 1 0 0 0
192.791 0 0 0 0 0 0 1 0 0
214.679 1 0 0 0 0 0 0 0 0
217.461 0 1 0 0 0 0 0 0 0
219.677 1 0 0 0 0 0 0 0 0
228.365 0 1 0 0 0 0 0 0 0
228.972 0 0 0 1 0 0 0 0 0
229.054 0 0 0 0 1 0 0 0 0
229.157 0 0 0 1 0 0 0 0 0
229.24 0 0 0 0 1 0 0 0 0
230.033 0 0 0 1 0 0 0 0 0
233.249 0 0 0 0 1 0 0 0 0
234.702 1 0 0 0 0 0 0 0 0
235.64 0 1 0 0 0 0 0 0 0
236.289 1 0 0 0 0 0 0 0 0
237.453 0 1 0 0 0 0 0 0 0
238.133 1 0 0 0 0 0 0 0 0
238.917 0 1 0 0 0 0 0 0 0
239.659 1 0 0 0 0 0 0 0 0
240.606 0 1 0 0 0 0 0 0 0
241.369 1 0 0 0 0 0 0 0 0
242.586 0 1 0 0 0 0 0 0 0
242.905 0 0 0 1 0 0 0 0 0
245.904 0 0 0 0 1 0 0 0 0
247.934 1 0 0 0 0 0 0 0 0
248.583 0 1 0 0 0 0 0 0 0
249.026 1 0 0 0 0 0 0 0 0
253.283 0 1 0 0 0 0 0 0 0
253.54 0 0 0 1 0 0 0 0 0
255.952 0 0 0 0 1 0 0 0 0
262.805 1 0 0 0 0 0 0 0 0
263.362 0 1 0 0 0 0 0 0 0
264.413 1 0 0 0 0 0 0 0 0
265.072 0 1 0 0 0 0 0 0 0
265.257 0 0 0 1 0 0 0 0 0
268.122 0 0 0 0 1 0 0 0 0
268.813 1 0 0 0 0 0 0 0 0
270.916 0 1 0 0 0 0 0 0 0
271.246 0 0 0 1 0 0 0 0 0
271.863 0 0 0 0 1 0 0 0 0
275.255 1 0 0 0 0 0 0 0 0
276.326 0 1 0 0 0 0 0 0 0
276.532 0 0 0 1 0 0 0 0 0
280.851 0 0 0 0 1 0 0 0 0
281.201 1 0 0 0 0 0 0 0 0
281.603 0 1 0 0 0 0 0 0 0
282.088 1 0 0 0 0 0 0 0 0
282.448 0 1 0 0 0 0 0 0 0
282.634 0 0 0 1 0 0 0 0 0
292.661 0 0 0 0 1 0 0 0 0
292.991 1 0 0 0 0 0 0 0 0
294.198 0 1 0 0 0 0 0 0 0
294.609 1 0 0 0 0 0 0 0 0
295.093 0 1 0 0 0 0 0 0 0
295.835 0 0 0 1 0 0 0 0 0
300.751 0 0 0 0 1 0 0 0 0
302.792 0 0 0 1 0 0 0 0 0
303.048 0 0 0 0 1 0 0 0 0
314.293 1 0 0 0 0 0 0 0 0
315.158 0 1 0 0 0 0 0 0 0
315.385 1 0 0 0 0 0 0 0 0
315.468 0 1 0 0 0 0 0 0 0
315.581 1 0 1 0 0 0 0 0 0
315.674 0 1 0 0 0 0 0 0 0
318.333 1 0 0 0 0 0 0 0 0
318.416 0 1 0 0 0 0 0 0 0
318.55 1 0 1 0 0 0 0 0 0
318.632 0 1 0 0 0 0 0 0 0
320.28 0 0 0 1 0 0 0 0 0
322.918 0 0 0 0 1 0 0 0 0
323.567 1 0 0 0 0 0 0 0 0
327.236 0 1 0 0 0 0 0 0 0
327.875 1 0 0 0 0 0 0 0 0
328.72 0 1 0 0 0 0 0 0 0
329.246 0 0 0 1 0 0 0 0 0
332.987 0 0 0 0 1 0 0 0 0
333.327 1 0 0 0 0 0 0 0 0
334.389 0 1 0 0 0 0 0 0 0
334.728 1 0 0 0 0 0 0 0 0
337.182 0 1 0 0 0 0 0 0 0
337.553 0 0 0 1 0 0 0 0 0
338.562 0 0 0 0 1 0 0 0 0
339.335 0 0 0 1 0 0 0 0 0
339.469 0 0 0 0 1 0 0 0 0
339.582 0 0 0 1 0 0 0 0 0
339.665 0 0 0 0 1 0 0 0 0
339.799 0 0 0 1 0 0 0 0 0
341.819 0 0 0 0 1 0 0 0 0
342.18 1 0 0 0 0 0 0 0 0
342.798 0 1 0 0 0 0 0 0 0
343.705 1 0 0 0 0 0 0 0 0
345.375 0 1 0 0 0 0 0 0 0
345.663 0 0 0 1 0 0 0 0 0
348.57 0 0 0 0 1 0 0 0 0
348.961 0 0 0 1 0 0 0 0 0
349.641 0 0 0 0 1 0 0 0 0
350.971 0 0 0 1 0 0 0 0 0
352.485 0 0 0 0 1 0 0 0 0
353.815 1 0 0 0 0 0 0 0 0
354.937 0 1 0 0 0 0 0 0 0
355.381 0 0 0 1 0 0 0 0 0
361.018 0 0 0 0 1 0 0 0 0
