3.0409 0 0 0 0 0 1 0 0 0
3.94667 0 0 0 0 0 0 1 0 0
6.51404 0 0 0 0 0 1 0 0 0
7.75069 0 0 0 0 0 0 1 0 0
10.543 0 0 0 0 0 1 0 0 0
11.9347 0 0 0 0 0 0 1 0 0
34.3609 1 0 0 0 0 0 0 0 0
34.5768 0 1 0 0 0 0 0 0 0
34.6488 1 0 1 0 0 0 0 0 0
34.7937 0 1 0 0 0 0 0 0 0
35.5765 0 0 0 1 0 0 0 0 0
36.5353 0 0 0 0 1 0 0 0 0
36.6483 0 0 0 1 0 0 0 0 0
36.7723 0 0 0 0 1 0 0 0 0
37.1332 0 0 0 1 0 0 0 0 0
38.5548 0 0 0 0 1 0 0 0 0
40.6682 0 0 0 1 0 0 0 0 0
43.9464 0 0 0 0 1 0 0 0 0
44.4712 0 0 0 1 0 0 0 0 0
45.522 0 0 0 0 1 0 0 0 0
46.2948 0 0 0 1 0 0 0 0 0
47.3975 0 0 0 0 1 0 0 0 0
47.6764 0 0 0 1 0 0 0 0 0
49.098 0 0 0 0 1 0 0 0 0
49.5519 0 0 0 1 0 0 0 0 0
54.5609 0 0 0 0 1 0 0 0 0
55.1165 0 0 0 1 0 0 0 0 0
58.3117 0 0 0 0 1 0 0 0 0
58.4256 0 0 0 1 0 0 0 0 0
58.4976 0 0 0 0 1 0 0 0 0
59.2704 1 0 0 0 0 0 0 0 0
60.5692 0 1 0 0 0 0 0 0 0
60.796 0 0 0 1 0 0 0 0 0
66.4746 0 0 0 0 1 0 0 0 0
66.7935 1 0 0 0 0 0 0 0 0
67.0614 0 1 0 0 0 0 0 0 0
68.577 1 0 0 0 0 0 0 0 0
70.4726 0 1 0 0 0 0 0 0 0
70.8335 1 0 0 0 0 0 0 0 0
71.6992 0 1 0 0 0 0 0 0 0
72.3483 1 0 0 0 0 0 0 0 0
73.1529 0 1 0 0 0 0 0 0 0
74.0076 1 0 0 0 0 0 0 0 0
74.8744 0 1 0 0 0 0 0 0 0
75.7192 0 0 0 1 0 0 0 0 0
79.4912 0 0 0 0 1 0 0 0 0
80.1511 0 0 0 1 0 0 0 0 0
80.8719 0 0 0 0 1 0 0 0 0
81.3149 1 0 0 0 0 0 0 0 0
83.5922 0 1 0 0 0 0 0 0 0
84.0051 0 0 0 1 0 0 0 0 0
86.6024 0 0 0 0 1 0 0 0 0
86.9623 1 0 0 0 0 0 0 0 0
92.8168 0 1 0 0 0 0 0 0 0
94.5684 0 0 0 1 0 0 0 0 0
97.0728 0 0 0 0 1 0 0 0 0
97.4746 0 0 0 1 0 0 0 0 0
98.8463 0 0 0 0 1 0 0 0 0
99.0943 1 0 0 0 0 0 0 0 0
100.299 0 1 0 0 0 0 0 0 0
100.619 0 0 0 1 0 0 0 0 0
103.566 0 0 0 0 1 0 0 0 0
104.659 1 0 0 0 0 0 0 0 0
105.37 0 1 0 0 0 0 0 0 0
105.772 0 0 0 1 0 0 0 0 0
105.977 0 0 0 0 1 0 0 0 0
107.379 1 0 0 0 0 0 0 0 0
108.471 0 1 0 0 0 0 0 0 0
109.369 0 0 0 1 0 0 0 0 0
113.572 0 0 0 0 1 0 0 0 0
113.82 1 0 0 0 0 0 0 0 0
115.098 0 1 0 0 0 0 0 0 0
115.428 0 0 0 1 0 0 0 0 0
119.797 0 0 0 0 1 0 0 0 0
120.282 0 0 0 1 0 0 0 0 0
121.921 0 0 0 0 1 0 0 0 0
129.567 1 0 0 0 0 0 0 0 0
129.65 0 1 0 0 0 0 0 0 0
129.763 1 0 1 0 0 0 0 0 0
129.836 0 1 0 0 0 0 0 0 0
134.844 1 0 0 0 0 0 0 0 0
143.976 0 1 0 0 0 0 0 0 0
144.841 1 0 0 0 0 0 0 0 0
145.233 0 1 0 0 0 0 0 0 0
145.5 0 0 0 1 0 0 0 0 0
147.924 0 0 0 0 1 0 0 0 0
147.995 0 0 0 1 0 0 0 0 0
148.151 0 0 0 0 1 0 0 0 0
149.551 0 0 0 1 0 0 0 0 0
151.561 0 0 0 0 1 0 0 0 0
152.478 0 0 0 1 0 0 0 0 0
153.921 0 0 0 0 1 0 0 0 0
154.436 0 0 0 1 0 0 0 0 0
157.456 0 0 0 0 1 0 0 0 0
158.538 0 0 0 1 0 0 0 0 0
160.125 0 0 0 0 1 0 0 0 0
161.001 0 0 0 1 0 0 0 0 0
162.052 0 0 0 0 1 0 0 0 0
163.351 1 0 0 0 0 0 0 0 0
164.288 0 1 0 0 0 0 0 0 0
171.225 1 0 0 0 0 0 0 0 0
177.573 0 1 0 0 0 0 0 0 0
177.892 1 0 0 0 0 0 0 0 0
177.997 0 1 0 0 0 0 0 0 0
178.098 1 0 1 0 0 0 0 0 0
178.171 0 1 0 0 0 0 0 0 0
186.838 0 0 0 0 0 1 0 0 0
187.672 0 0 0 0 0 0 1 0 0
189.331 0 0 0 0 0 1 0 0 0
189.868 0 0 0 0 0 0 1 0 0
215.889 1 0 0 0 0 0 0 0 0
216.796 0 1 0 0 0 0 0 0 0
216.858 1 0 0 0 0 0 0 0 0
216.961 0 1 0 0 0 0 0 0 0
217.703 1 0 0 0 0 0 0 0 0
218.3 0 1 0 0 0 0 0 0 0
219.073 1 0 0 0 0 0 0 0 0
219.444 0 1 0 0 0 0 0 0 0
220.011 1 0 0 0 0 0 0 0 0
220.454 0 1 0 0 0 0 0 0 0
221.32 1 0 0 0 0 0 0 0 0
221.846 0 1 0 0 0 0 0 0 0
222.526 1 0 0 0 0 0 0 0 0
223.072 0 1 0 0 0 0 0 0 0
224.195 1 0 0 0 0 0 0 0 0
225.629 0 1 0 0 0 0 0 0 0
227.71 1 0 0 0 0 0 0 0 0
228.679 0 1 0 0 0 0 0 0 0
229.091 1 0 0 0 0 0 0 0 0
229.781 0 1 0 0 0 0 0 0 0
230.296 1 0 0 0 0 0 0 0 0
231.079 0 1 0 0 0 0 0 0 0
231.884 1 0 0 0 0 0 0 0 0
241.901 0 1 0 0 0 0 0 0 0
243.9 1 0 0 0 0 0 0 0 0
244.447 0 1 0 0 0 0 0 0 0
245.26 1 0 0 0 0 0 0 0 0
248.105 0 1 0 0 0 0 0 0 0
251.754 0 0 0 1 0 0 0 0 0
251.857 0 0 0 0 1 0 0 0 0
252.516 0 0 0 1 0 0 0 0 0
253.413 0 0 0 0 1 0 0 0 0
255.897 1 0 0 0 0 0 0 0 0
256.062 0 1 0 0 0 0 0 0 0
256.484 1 0 0 0 0 0 0 0 0
256.628 0 1 0 0 0 0 0 0 0
256.69 1 0 1 0 0 0 0 0 0
256.804 0 1 0 0 0 0 0 0 0
259.844 1 0 0 0 0 0 0 0 0
261.059 0 1 0 0 0 0 0 0 0
262.481 1 0 0 0 0 0 0 0 0
273.477 0 1 0 0 0 0 0 0 0
276.27 1 0 0 0 0 0 0 0 0
276.394 0 1 0 0 0 0 0 0 0
276.465 1 0 1 0 0 0 0 0 0
276.569 0 1 0 0 0 0 0 0 0
278.022 1 0 0 0 0 0 0 0 0
279.579 0 1 0 0 0 0 0 0 0
280.526 1 0 0 0 0 0 0 0 0
280.619 0 1 0 0 0 0 0 0 0
280.66 1 0 1 0 0 0 0 0 0
287.225 0 1 0 0 0 0 0 0 0
288.142 1 0 0 0 0 0 0 0 0
288.266 0 1 0 0 0 0 0 0 0
288.327 1 0 1 0 0 0 0 0 0
288.441 0 1 0 0 0 0 0 0 0
289.708 1 0 0 0 0 0 0 0 0
290.853 0 1 0 0 0 0 0 0 0
292.367 1 0 0 0 0 0 0 0 0
300.2 0 1 0 0 0 0 0 0 0
308.786 1 0 0 0 0 0 0 0 0
312.577 0 1 0 0 0 0 0 0 0
316.123 1 0 0 0 0 0 0 0 0
316.463 0 1 0 0 0 0 0 0 0
346.586 1 0 0 0 0 0 0 0 0
348.607 0 1 0 0 0 0 0 0 0
348.988 1 0 0 0 0 0 0 0 0
349.739 0 1 0 0 0 0 0 0 0
350.399 1 0 0 0 0 0 0 0 0
351.75 0 1 0 0 0 0 0 0 0
352.77 1 0 0 0 0 0 0 0 0
354.398 0 1 0 0 0 0 0 0 0
355.172 1 0 0 0 0 0 0 0 0
361.468 0 1 0 0 0 0 0 0 0
362.55 1 0 0 0 0 0 0 0 0
364.251 0 1 0 0 0 0 0 0 0
