4.06459 0 0 0 0 0 1 0 0 0
5.20932 0 0 0 0 0 0 1 0 0
8.41349 0 0 0 0 0 1 0 0 0
8.88735 0 0 0 0 0 0 1 0 0
34.4039 1 0 0 0 0 0 0 0 0
35.2077 0 1 0 0 0 0 0 0 0
35.8365 0 0 0 1 0 0 0 0 0
40.7513 0 0 0 0 1 0 0 0 0
41.3802 1 0 0 0 0 0 0 0 0
43.6786 0 1 0 0 0 0 0 0 0
44.1214 1 0 0 0 0 0 0 0 0
45.5231 0 1 0 0 0 0 0 0 0
46.3889 1 0 0 0 0 0 0 0 0
47.4496 0 1 0 0 0 0 0 0 0
47.8515 1 0 0 0 0 0 0 0 0
48.8313 0 1 0 0 0 0 0 0 0
49.872 1 0 0 0 0 0 0 0 0
51.2737 0 1 0 0 0 0 0 0 0
51.6236 0 0 0 1 0 0 0 0 0
53.2822 0 0 0 0 1 0 0 0 0
56.0035 1 0 0 0 0 0 0 0 0
58.5798 0 1 0 0 0 0 0 0 0
60.7643 1 0 0 0 0 0 0 0 0
65.453 0 1 0 0 0 0 0 0 0
66.0919 1 0 0 0 0 0 0 0 0
66.2358 0 1 0 0 0 0 0 0 0
66.2878 1 0 1 0 0 0 0 0 0
66.4218 0 1 0 0 0 0 0 0 0
70.8636 1 0 0 0 0 0 0 0 0
73.2021 0 1 0 0 0 0 0 0 0
74.3568 1 0 0 0 0 0 0 0 0
75.3565 0 1 0 0 0 0 0 0 0
76.5922 0 0 0 1 0 0 0 0 0
83.0946 0 0 0 0 1 0 0 0 0
83.3635 1 0 0 0 0 0 0 0 0
85.8668 0 1 0 0 0 0 0 0 0
86.3827 0 0 0 1 0 0 0 0 0
89.154 0 0 0 0 1 0 0 0 0
92.7611 1 0 0 0 0 0 0 0 0
96.3781 0 1 0 0 0 0 0 0 0
96.852 0 0 0 1 0 0 0 0 0
102.211 0 0 0 0 1 0 0 0 0
103.045 1 0 0 0 0 0 0 0 0
105.92 0 1 0 0 0 0 0 0 0
106.642 1 0 0 0 0 0 0 0 0
107.981 0 1 0 0 0 0 0 0 0
108.156 0 0 0 1 0 0 0 0 0
109.713 0 0 0 0 1 0 0 0 0
109.97 1 0 0 0 0 0 0 0 0
110.897 0 1 0 0 0 0 0 0 0
111.031 0 0 0 1 0 0 0 0 0
112.804 0 0 0 0 1 0 0 0 0
113.566 1 0 0 0 0 0 0 0 0
115.596 0 1 0 0 0 0 0 0 0
115.761 1 0 0 0 0 0 0 0 0
115.915 0 1 0 0 0 0 0 0 0
115.998 1 0 1 0 0 0 0 0 0
116.122 0 1 0 0 0 0 0 0 0
119.718 1 0 0 0 0 0 0 0 0
119.862 0 1 0 0 0 0 0 0 0
119.914 1 0 1 0 0 0 0 0 0
120.048 0 1 0 0 0 0 0 0 0
120.811 1 0 0 0 0 0 0 0 0
121.141 0 1 0 0 0 0 0 0 0
121.636 1 0 0 0 0 0 0 0 0
123.098 0 1 0 0 0 0 0 0 0
124.964 0 0 0 0 0 1 0 0 0
125.634 0 0 0 0 0 0 1 0 0
127.787 0 0 0 0 0 1 0 0 0
128.086 0 0 0 0 0 0 1 0 0
151.871 1 0 0 0 0 0 0 0 0
154.137 0 1 0 0 0 0 0 0 0
156.683 1 0 0 0 0 0 0 0 0
159.166 0 1 0 0 0 0 0 0 0
160.413 1 0 0 0 0 0 0 0 0
162.093 0 1 0 0 0 0 0 0 0
163.381 1 0 0 0 0 0 0 0 0
164.31 0 1 0 0 0 0 0 0 0
164.763 0 0 0 1 0 0 0 0 0
166.132 0 0 0 0 1 0 0 0 0
167.411 1 0 0 0 0 0 0 0 0
168.482 0 1 0 0 0 0 0 0 0
169.153 1 0 0 0 0 0 0 0 0
170.667 0 1 0 0 0 0 0 0 0
171.255 1 0 0 0 0 0 0 0 0
172.172 0 1 0 0 0 0 0 0 0
172.965 1 0 0 0 0 0 0 0 0
174.273 0 1 0 0 0 0 0 0 0
175.294 1 0 0 0 0 0 0 0 0
182.229 0 1 0 0 0 0 0 0 0
182.652 0 0 0 1 0 0 0 0 0
187.835 0 0 0 0 1 0 0 0 0
188.227 1 0 0 0 0 0 0 0 0
190.205 0 1 0 0 0 0 0 0 0
191.112 1 0 0 0 0 0 0 0 0
194.719 0 1 0 0 0 0 0 0 0
194.966 0 0 0 1 0 0 0 0 0
195.884 0 0 0 0 1 0 0 0 0
196.234 0 0 0 1 0 0 0 0 0
197.717 0 0 0 0 1 0 0 0 0
198.151 1 0 0 0 0 0 0 0 0
200.078 0 1 0 0 0 0 0 0 0
200.458 1 0 0 0 0 0 0 0 0
202.169 0 1 0 0 0 0 0 0 0
202.983 1 0 0 0 0 0 0 0 0
203.942 0 1 0 0 0 0 0 0 0
211.63 1 0 0 0 0 0 0 0 0
212.733 0 1 0 0 0 0 0 0 0
213.031 1 0 0 0 0 0 0 0 0
214.783 0 1 0 0 0 0 0 0 0
217.957 1 0 0 0 0 0 0 0 0
219.369 0 1 0 0 0 0 0 0 0
224.872 1 0 0 0 0 0 0 0 0
225.943 0 1 0 0 0 0 0 0 0
234.517 1 0 0 0 0 0 0 0 0
236.145 0 1 0 0 0 0 0 0 0
236.362 1 0 0 0 0 0 0 0 0
237.062 0 1 0 0 0 0 0 0 0
237.423 1 0 0 0 0 0 0 0 0
240.999 0 1 0 0 0 0 0 0 0
243.348 0 0 0 0 0 1 0 0 0
244.039 0 0 0 0 0 0 1 0 0
244.615 0 0 0 0 0 1 0 0 0
251.076 0 0 0 0 0 0 1 0 0
279.528 1 0 0 0 0 0 0 0 0
281.599 0 1 0 0 0 0 0 0 0
283.609 1 0 0 0 0 0 0 0 0
287.813 0 1 0 0 0 0 0 0 0
288.349 1 0 0 0 0 0 0 0 0
289.472 0 1 0 0 0 0 0 0 0
290.152 1 0 0 0 0 0 0 0 0
290.235 0 1 0 0 0 0 0 0 0
290.327 1 0 1 0 0 0 0 0 0
290.42 0 1 0 0 0 0 0 0 0
292.605 1 0 0 0 0 0 0 0 0
293.172 0 1 0 0 0 0 0 0 0
293.697 1 0 0 0 0 0 0 0 0
294.821 0 1 0 0 0 0 0 0 0
295.387 0 0 0 1 0 0 0 0 0
303.199 0 0 0 0 1 0 0 0 0
303.498 1 0 0 0 0 0 0 0 0
310.309 0 1 0 0 0 0 0 0 0
310.463 0 0 0 1 0 0 0 0 0
322.097 0 0 0 0 1 0 0 0 0
322.973 0 0 0 1 0 0 0 0 0
326.652 0 0 0 0 1 0 0 0 0
327.456 0 0 0 1 0 0 0 0 0
329.424 0 0 0 0 1 0 0 0 0
329.661 1 0 0 0 0 0 0 0 0
329.785 0 1 0 0 0 0 0 0 0
329.899 1 0 1 0 0 0 0 0 0
334.102 0 1 0 0 0 0 0 0 0
335.298 0 0 0 1 0 0 0 0 0
340.872 0 0 0 0 1 0 0 0 0
341.161 1 0 0 0 0 0 0 0 0
342.078 0 1 0 0 0 0 0 0 0
342.254 0 0 0 1 0 0 0 0 0
346.757 0 0 0 0 1 0 0 0 0
347.365 1 0 0 0 0 0 0 0 0
348.374 0 1 0 0 0 0 0 0 0
349.167 1 0 0 0 0 0 0 0 0
352.321 0 1 0 0 0 0 0 0 0
367.149 1 0 0 0 0 0 0 0 0
368.799 0 1 0 0 0 0 0 0 0
