0.000000 0.000000
1.000000 0.000000
2.000000 0.000000
3.000000 0.000000
4.000000 0.148899
5.000000 0.148899
6.000000 0.000000
7.000000 0.000000
8.000000 0.000000
9.000000 0.000000
10.000000 0.538421
11.000000 0.538421
12.000000 0.442565
13.000000 0.442565
14.000000 0.475588
15.000000 0.475588
16.000000 0.680279
17.000000 0.680279
18.000000 0.593798
19.000000 0.593798
20.000000 0.543323
21.000000 0.543323
22.000000 0.507868
23.000000 0.507868
24.000000 0.582802
25.000000 0.582802
26.000000 0.489908
27.000000 0.489908
28.000000 0.538489
29.000000 0.538489
30.000000 0.517390
31.000000 0.517390
32.000000 0.715527
33.000000 0.715527
34.000000 0.668726
35.000000 0.668726
36.000000 0.541738
37.000000 0.541738
38.000000 0.628081
39.000000 0.628081
40.000000 0.525743
41.000000 0.525743
42.000000 0.517390
43.000000 0.517390
44.000000 0.515965
45.000000 0.000000
46.000000 0.061978
47.000000 0.061978
48.000000 0.006939
49.000000 0.006939
50.000000 0.000000
51.000000 0.000000
52.000000 0.000000
53.000000 0.000000
54.000000 0.000000
55.000000 0.000000
56.000000 0.000000
57.000000 0.000000
58.000000 0.000000
59.000000 0.000000
60.000000 0.062569
61.000000 0.062569
62.000000 0.157353
63.000000 0.157353
64.000000 0.095884
65.000000 0.095884
66.000000 0.047649
67.000000 0.047649
68.000000 0.088754
69.000000 0.088754
70.000000 0.086386
71.000000 0.086386
72.000000 0.030111
73.000000 0.030111
74.000000 0.095570
75.000000 0.095570
76.000000 0.000000
77.000000 0.000000
78.000000 0.036852
79.000000 0.036852
80.000000 0.000000
81.000000 0.000000
82.000000 0.000000
83.000000 0.000000
84.000000 0.000000
85.000000 0.000000
86.000000 0.000000
87.000000 0.000000
88.000000 0.000000
89.000000 0.000000
90.000000 0.000000
91.000000 0.000000
92.000000 0.000000
93.000000 0.000000
94.000000 0.115153
95.000000 0.115153
96.000000 0.083720
97.000000 0.083720
98.000000 0.000000
99.000000 0.000000
100.000000 0.112222
101.000000 0.112222
102.000000 0.000000
103.000000 0.000000
104.000000 0.000000
105.000000 0.000000
106.000000 0.056972
107.000000 0.056972
108.000000 0.159102
109.000000 0.159102
110.000000 0.110098
111.000000 0.110098
112.000000 0.043138
113.000000 0.043138
114.000000 0.000000
115.000000 0.000000
116.000000 0.000000
117.000000 0.000000
118.000000 0.000000
119.000000 0.000000
120.000000 0.000000
121.000000 0.000000
122.000000 0.132216
123.000000 0.132216
124.000000 0.000000
125.000000 0.000000
126.000000 0.068757
127.000000 0.068757
128.000000 0.000000
129.000000 0.000000
130.000000 0.531744
131.000000 0.531744
132.000000 0.651835
133.000000 0.651835
134.000000 0.747401
135.000000 0.747401
136.000000 0.737576
137.000000 0.737576
138.000000 0.774013
139.000000 0.774013
140.000000 0.450509
141.000000 0.450509
142.000000 0.470367
143.000000 0.470367
144.000000 0.768549
145.000000 0.768549
146.000000 0.456585
147.000000 0.456585
148.000000 0.665156
149.000000 0.665156
150.000000 0.150138
151.000000 0.150138
152.000000 0.000000
153.000000 0.000000
154.000000 0.134545
155.000000 0.134545
156.000000 0.000000
157.000000 0.000000
158.000000 0.000000
159.000000 0.000000
160.000000 0.000000
161.000000 0.000000
162.000000 0.169597
163.000000 0.169597
164.000000 0.121309
165.000000 0.121309
166.000000 0.103079
167.000000 0.103079
168.000000 0.140097
169.000000 0.140097
170.000000 0.098037
171.000000 0.098037
172.000000 0.117779
173.000000 0.117779
174.000000 0.000000
175.000000 0.000000
176.000000 0.084961
177.000000 0.084961
178.000000 0.057573
179.000000 0.057573
180.000000 0.000000
181.000000 0.000000
182.000000 0.000000
183.000000 0.000000
184.000000 0.143023
185.000000 0.143023
186.000000 0.000000
187.000000 0.000000
188.000000 0.068725
189.000000 0.068725
190.000000 0.000000
191.000000 0.000000
192.000000 0.113452
193.000000 0.113452
194.000000 0.000000
195.000000 0.000000
196.000000 0.000000
197.000000 0.000000
198.000000 0.041827
199.000000 0.041827
200.000000 0.000000
201.000000 0.000000
202.000000 0.104672
203.000000 0.104672
204.000000 0.141024
205.000000 0.141024
206.000000 0.000000
207.000000 0.000000
208.000000 0.000000
209.000000 0.000000
210.000000 0.000000
211.000000 0.000000
212.000000 0.000000
213.000000 0.000000
214.000000 0.170969
215.000000 0.170969
216.000000 0.083279
217.000000 0.083279
218.000000 0.000000
219.000000 0.000000
220.000000 0.035143
221.000000 0.035143
222.000000 0.098588
223.000000 0.098588
224.000000 0.000000
225.000000 0.000000
226.000000 0.027765
227.000000 0.027765
228.000000 0.129630
229.000000 0.129630
230.000000 0.066422
231.000000 0.066422
232.000000 0.000000
233.000000 0.000000
234.000000 0.000000
235.000000 0.000000
236.000000 0.015904
237.000000 0.015904
238.000000 0.000000
239.000000 0.000000
240.000000 0.418657
241.000000 0.418657
242.000000 0.358129
243.000000 0.358129
244.000000 0.446141
245.000000 0.446141
246.000000 0.557123
247.000000 0.557123
248.000000 0.407247
249.000000 0.407247
250.000000 0.456292
251.000000 0.456292
252.000000 0.308109
253.000000 0.308109
254.000000 0.593183
255.000000 0.593183
256.000000 0.347671
257.000000 0.347671
258.000000 0.408723
259.000000 0.408723
260.000000 0.056098
261.000000 0.056098
262.000000 0.090431
263.000000 0.090431
264.000000 0.000000
265.000000 0.000000
266.000000 0.006083
267.000000 0.006083
268.000000 0.173368
269.000000 0.173368
270.000000 0.072663
271.000000 0.072663
272.000000 0.000000
273.000000 0.000000
274.000000 0.000000
275.000000 0.000000
276.000000 0.000000
277.000000 0.000000
278.000000 0.000000
279.000000 0.000000
280.000000 0.000000
281.000000 0.000000
282.000000 0.000000
283.000000 0.000000
284.000000 0.000000
285.000000 0.000000
286.000000 0.133253
287.000000 0.133253
288.000000 0.085523
289.000000 0.085523
290.000000 0.000000
291.000000 0.000000
292.000000 0.142574
293.000000 0.142574
294.000000 0.000000
295.000000 0.000000
296.000000 0.000000
297.000000 0.000000
298.000000 0.156306
299.000000 0.156306
300.000000 0.000000
