12.0792 1 0 0 0 0 0 0 0 0
12.6669 0 1 0 0 0 0 0 0 0
13.2647 0 0 0 1 0 0 0 0 0
21.0543 0 0 0 0 1 0 0 0 0
21.9931 1 0 0 0 0 0 0 0 0
22.353 0 1 0 0 0 0 0 0 0
22.6009 0 0 0 1 0 0 0 0 0
23.2907 0 0 0 0 1 0 0 0 0
24.0125 1 0 0 0 0 0 0 0 0
25.2071 0 1 0 0 0 0 0 0 0
25.723 1 0 0 0 0 0 0 0 0
26.7636 0 1 0 0 0 0 0 0 0
27.1865 1 0 0 0 0 0 0 0 0
28.1132 0 1 0 0 0 0 0 0 0
28.763 1 0 0 0 0 0 0 0 0
29.5978 0 1 0 0 0 0 0 0 0
30.0616 1 0 0 0 0 0 0 0 0
32.4939 0 1 0 0 0 0 0 0 0
33.0188 1 0 0 0 0 0 0 0 0
34.2555 0 1 0 0 0 0 0 0 0
34.7502 1 0 0 0 0 0 0 0 0
36.1928 0 1 0 0 0 0 0 0 0
36.3887 0 0 0 1 0 0 0 0 0
39.0679 0 0 0 0 1 0 0 0 0
39.5428 1 0 0 0 0 0 0 0 0
40.2736 0 1 0 0 0 0 0 0 0
40.7064 0 0 0 1 0 0 0 0 0
46.4047 0 0 0 0 1 0 0 0 0
46.6737 0 0 0 1 0 0 0 0 0
50.7844 0 0 0 0 1 0 0 0 0
51.5991 1 0 0 0 0 0 0 0 0
51.7221 0 1 0 0 0 0 0 0 0
52.2789 0 0 0 1 0 0 0 0 0
55.8338 0 0 0 0 1 0 0 0 0
57.8743 1 0 0 0 0 0 0 0 0
59.2449 0 1 0 0 0 0 0 0 0
59.9766 1 0 0 0 0 0 0 0 0
60.3995 0 1 0 0 0 0 0 0 0
60.6154 0 0 0 1 0 0 0 0 0
63.0057 0 0 0 0 1 0 0 0 0
63.4906 1 0 0 0 0 0 0 0 0
64.2534 0 1 0 0 0 0 0 0 0
64.9331 0 0 0 1 0 0 0 0 0
65.51 0 0 0 0 1 0 0 0 0
65.8609 1 0 0 0 0 0 0 0 0
66.6436 0 1 0 0 0 0 0 0 0
66.9327 0 0 0 1 0 0 0 0 0
69.7047 0 0 0 0 1 0 0 0 0
70.1786 0 0 0 1 0 0 0 0 0
71.0333 0 0 0 0 1 0 0 0 0
71.4661 1 0 0 0 0 0 0 0 0
72.013 0 1 0 0 0 0 0 0 0
72.8268 1 0 0 0 0 0 0 0 0
73.3416 0 1 0 0 0 0 0 0 0
73.9604 1 0 0 0 0 0 0 0 0
74.9701 0 1 0 0 0 0 0 0 0
86.3776 1 0 0 0 0 0 0 0 0
87.2644 0 1 0 0 0 0 0 0 0
87.8202 1 0 0 0 0 0 0 0 0
88.9748 0 1 0 0 0 0 0 0 0
89.4588 1 0 0 0 0 0 0 0 0
90.2315 0 1 0 0 0 0 0 0 0
90.5614 0 0 0 1 0 0 0 0 0
91.5711 0 0 0 0 1 0 0 0 0
93.0037 0 0 0 0 0 1 0 0 0
94.1683 0 0 0 0 0 0 1 0 0
116.046 1 0 0 0 0 0 0 0 0
116.458 0 1 0 0 0 0 0 0 0
127.896 1 0 0 0 0 0 0 0 0
128.886 0 1 0 0 0 0 0 0 0
129.649 1 0 0 0 0 0 0 0 0
130.307 0 1 0 0 0 0 0 0 0
135.811 1 0 0 0 0 0 0 0 0
136.49 0 1 0 0 0 0 0 0 0
136.727 0 0 0 1 0 0 0 0 0
139.851 0 0 0 0 1 0 0 0 0
140.21 1 0 0 0 0 0 0 0 0
140.849 0 1 0 0 0 0 0 0 0
141.282 0 0 0 1 0 0 0 0 0
142.395 0 0 0 0 1 0 0 0 0
142.694 1 0 0 0 0 0 0 0 0
143.394 0 1 0 0 0 0 0 0 0
144.085 1 0 0 0 0 0 0 0 0
144.879 0 1 0 0 0 0 0 0 0
145.343 1 0 0 0 0 0 0 0 0
145.92 0 1 0 0 0 0 0 0 0
146.434 1 0 0 0 0 0 0 0 0
147.115 0 1 0 0 0 0 0 0 0
147.568 1 0 0 0 0 0 0 0 0
148.238 0 1 0 0 0 0 0 0 0
148.888 0 0 0 1 0 0 0 0 0
150.577 0 0 0 0 1 0 0 0 0
151.484 0 0 0 1 0 0 0 0 0
153.41 0 0 0 0 1 0 0 0 0
153.761 0 0 0 1 0 0 0 0 0
160.79 0 0 0 0 1 0 0 0 0
161.087 1 0 0 0 0 0 0 0 0
161.923 0 1 0 0 0 0 0 0 0
162.14 0 0 0 1 0 0 0 0 0
165.684 0 0 0 0 1 0 0 0 0
174.649 0 0 0 0 0 1 0 0 0
176.031 0 0 0 0 0 0 1 0 0
194.279 0 0 0 1 0 0 0 0 0
197.721 0 0 0 0 1 0 0 0 0
198.649 1 0 0 0 0 0 0 0 0
200.153 0 1 0 0 0 0 0 0 0
201.246 1 0 0 0 0 0 0 0 0
201.741 0 1 0 0 0 0 0 0 0
202.874 1 0 0 0 0 0 0 0 0
203.853 0 1 0 0 0 0 0 0 0
204.595 1 0 0 0 0 0 0 0 0
205.141 0 1 0 0 0 0 0 0 0
205.389 1 0 0 0 0 0 0 0 0
205.667 0 1 0 0 0 0 0 0 0
206.563 0 0 0 1 0 0 0 0 0
207.327 0 0 0 0 1 0 0 0 0
208.862 1 0 0 0 0 0 0 0 0
210.324 0 1 0 0 0 0 0 0 0
210.511 0 0 0 1 0 0 0 0 0
214.21 0 0 0 0 1 0 0 0 0
214.602 0 0 0 1 0 0 0 0 0
218.991 0 0 0 0 1 0 0 0 0
219.64 1 0 0 0 0 0 0 0 0
220.516 0 1 0 0 0 0 0 0 0
220.763 0 0 0 1 0 0 0 0 0
222.762 0 0 0 0 1 0 0 0 0
223.711 1 0 0 0 0 0 0 0 0
225.452 0 1 0 0 0 0 0 0 0
226.163 1 0 0 0 0 0 0 0 0
227.049 0 1 0 0 0 0 0 0 0
227.637 0 0 0 1 0 0 0 0 0
230.017 0 0 0 0 1 0 0 0 0
230.533 0 0 0 1 0 0 0 0 0
230.697 0 0 0 0 1 0 0 0 0
234.676 1 0 0 0 0 0 0 0 0
235.036 0 1 0 0 0 0 0 0 0
237.313 0 0 0 1 0 0 0 0 0
239.333 0 0 0 0 1 0 0 0 0
239.817 0 0 0 1 0 0 0 0 0
240.724 0 0 0 0 1 0 0 0 0
241.281 0 0 0 1 0 0 0 0 0
241.911 0 0 0 0 1 0 0 0 0
243.063 0 0 0 1 0 0 0 0 0
244.702 0 0 0 0 1 0 0 0 0
245.773 0 0 0 1 0 0 0 0 0
246.258 0 0 0 0 1 0 0 0 0
246.856 0 0 0 1 0 0 0 0 0
247.464 0 0 0 0 1 0 0 0 0
248.207 1 0 0 0 0 0 0 0 0
248.907 0 1 0 0 0 0 0 0 0
249.596 1 0 0 0 0 0 0 0 0
250.308 0 1 0 0 0 0 0 0 0
266.93 0 0 0 0 0 1 0 0 0
268.115 0 0 0 0 0 0 1 0 0
288.107 1 0 0 0 0 0 0 0 0
291.147 0 1 0 0 0 0 0 0 0
291.734 0 0 0 1 0 0 0 0 0
295.546 0 0 0 0 1 0 0 0 0
296.515 0 0 0 1 0 0 0 0 0
296.732 0 0 0 0 1 0 0 0 0
297.692 1 0 0 0 0 0 0 0 0
298.701 0 1 0 0 0 0 0 0 0
299.153 1 0 0 0 0 0 0 0 0
299.617 0 1 0 0 0 0 0 0 0
300.153 1 0 0 0 0 0 0 0 0
300.855 0 1 0 0 0 0 0 0 0
301.287 1 0 0 0 0 0 0 0 0
301.895 0 1 0 0 0 0 0 0 0
302.359 1 0 0 0 0 0 0 0 0
302.946 0 1 0 0 0 0 0 0 0
303.152 0 0 0 1 0 0 0 0 0
304.822 0 0 0 0 1 0 0 0 0
305.419 0 0 0 1 0 0 0 0 0
307.522 0 0 0 0 1 0 0 0 0
307.676 0 0 0 1 0 0 0 0 0
308.326 0 0 0 0 1 0 0 0 0
309.211 0 0 0 1 0 0 0 0 0
311.367 0 0 0 0 1 0 0 0 0
312.416 0 0 0 1 0 0 0 0 0
312.983 0 0 0 0 1 0 0 0 0
313.498 1 0 0 0 0 0 0 0 0
314.447 0 1 0 0 0 0 0 0 0
315.137 1 0 0 0 0 0 0 0 0
315.446 0 1 0 0 0 0 0 0 0
315.714 0 0 0 1 0 0 0 0 0
318.321 0 0 0 0 1 0 0 0 0
318.774 1 0 0 0 0 0 0 0 0
319.124 0 1 0 0 0 0 0 0 0
319.341 0 0 0 1 0 0 0 0 0
320.691 0 0 0 0 1 0 0 0 0
330.625 1 0 0 0 0 0 0 0 0
331.439 0 1 0 0 0 0 0 0 0
331.996 1 0 0 0 0 0 0 0 0
333.077 0 1 0 0 0 0 0 0 0
336.055 1 0 0 0 0 0 0 0 0
336.818 0 1 0 0 0 0 0 0 0
337.344 1 0 0 0 0 0 0 0 0
338.797 0 1 0 0 0 0 0 0 0
339.198 0 0 0 1 0 0 0 0 0
341.218 0 0 0 0 1 0 0 0 0
341.713 0 0 0 1 0 0 0 0 0
342.939 0 0 0 0 1 0 0 0 0
344 0 0 0 1 0 0 0 0 0
345.493 0 0 0 0 1 0 0 0 0
346.091 1 0 0 0 0 0 0 0 0
347.102 0 1 0 0 0 0 0 0 0
348.091 1 0 0 0 0 0 0 0 0
348.576 0 1 0 0 0 0 0 0 0
349.121 0 0 0 1 0 0 0 0 0
353.49 0 0 0 0 1 0 0 0 0
353.624 0 0 0 1 0 0 0 0 0
357.323 0 0 0 0 1 0 0 0 0
357.901 1 0 0 0 0 0 0 0 0
359.456 0 1 0 0 0 0 0 0 0
360.167 1 0 0 0 0 0 0 0 0
360.776 0 1 0 0 0 0 0 0 0
