2.94615 0 0 0 0 0 1 0 0 0
3.98682 0 0 0 0 0 0 1 0 0
26.5759 0 0 0 1 0 0 0 0 0
29.6051 0 0 0 0 1 0 0 0 0
29.9868 0 0 0 1 0 0 0 0 0
34.8714 0 0 0 0 1 0 0 0 0
35.1904 1 0 0 0 0 0 0 0 0
35.9021 0 1 0 0 0 0 0 0 0
36.1281 0 0 0 1 0 0 0 0 0
42.5491 0 0 0 0 1 0 0 0 0
42.9399 1 0 0 0 0 0 0 0 0
43.5588 0 1 0 0 0 0 0 0 0
44.1666 0 0 0 1 0 0 0 0 0
44.6095 0 0 0 0 1 0 0 0 0
45.8981 1 0 0 0 0 0 0 0 0
46.5888 0 1 0 0 0 0 0 0 0
47.1548 1 0 0 0 0 0 0 0 0
47.9185 0 1 0 0 0 0 0 0 0
48.2994 0 0 0 1 0 0 0 0 0
51.3805 0 0 0 0 1 0 0 0 0
51.8443 1 0 0 0 0 0 0 0 0
52.875 0 1 0 0 0 0 0 0 0
53.6468 1 0 0 0 0 0 0 0 0
54.5135 0 1 0 0 0 0 0 0 0
54.7704 0 0 0 1 0 0 0 0 0
56.7798 0 0 0 0 1 0 0 0 0
57.1507 0 0 0 1 0 0 0 0 0
59.2941 0 0 0 0 1 0 0 0 0
59.6859 1 0 0 0 0 0 0 0 0
60.6236 0 1 0 0 0 0 0 0 0
60.9735 0 0 0 1 0 0 0 0 0
63.2819 0 0 0 0 1 0 0 0 0
63.8907 1 0 0 0 0 0 0 0 0
64.5494 0 1 0 0 0 0 0 0 0
65.0963 0 0 0 1 0 0 0 0 0
66.4769 0 0 0 0 1 0 0 0 0
66.9607 1 0 0 0 0 0 0 0 0
67.6925 0 1 0 0 0 0 0 0 0
68.3623 0 0 0 1 0 0 0 0 0
69.9498 0 0 0 0 1 0 0 0 0
70.4027 1 0 0 0 0 0 0 0 0
70.8565 0 1 0 0 0 0 0 0 0
71.4024 1 0 0 0 0 0 0 0 0
73.1858 0 1 0 0 0 0 0 0 0
73.7627 0 0 0 1 0 0 0 0 0
75.4012 0 0 0 0 1 0 0 0 0
75.6071 0 0 0 1 0 0 0 0 0
76.5339 0 0 0 0 1 0 0 0 0
77.0396 1 0 0 0 0 0 0 0 0
77.6575 0 1 0 0 0 0 0 0 0
79.265 1 0 0 0 0 0 0 0 0
80.1617 0 1 0 0 0 0 0 0 0
80.4806 0 0 0 1 0 0 0 0 0
83.5007 0 0 0 0 1 0 0 0 0
84.2526 0 0 0 1 0 0 0 0 0
86.4998 0 0 0 0 1 0 0 0 0
86.8187 1 0 0 0 0 0 0 0 0
86.9427 0 1 0 0 0 0 0 0 0
87.0146 1 0 1 0 0 0 0 0 0
87.1376 0 1 0 0 0 0 0 0 0
89.231 1 0 0 0 0 0 0 0 0
89.8688 0 1 0 0 0 0 0 0 0
91.0025 1 0 0 0 0 0 0 0 0
92.62 0 1 0 0 0 0 0 0 0
92.6619 1 0 0 0 0 0 0 0 0
92.9518 0 1 0 0 0 0 0 0 0
93.3517 0 0 0 1 0 0 0 0 0
96.0009 0 0 0 0 1 0 0 0 0
96.4028 0 0 0 1 0 0 0 0 0
100.731 0 0 0 0 1 0 0 0 0
112.468 1 0 0 0 0 0 0 0 0
113.293 0 1 0 0 0 0 0 0 0
113.684 1 0 0 0 0 0 0 0 0
114.601 0 1 0 0 0 0 0 0 0
114.9 0 0 0 1 0 0 0 0 0
116.24 0 0 0 0 1 0 0 0 0
116.281 0 0 0 1 0 0 0 0 0
117.363 0 0 0 0 1 0 0 0 0
118.476 1 0 0 0 0 0 0 0 0
119.321 0 1 0 0 0 0 0 0 0
119.703 0 0 0 1 0 0 0 0 0
120.981 0 0 0 0 1 0 0 0 0
121.691 0 0 0 0 0 1 0 0 0
122.774 0 0 0 0 0 0 1 0 0
132.831 0 0 0 0 0 1 0 0 0
133.666 0 0 0 0 0 0 1 0 0
165.394 1 0 0 0 0 0 0 0 0
166.909 0 1 0 0 0 0 0 0 0
173.339 0 0 0 1 0 0 0 0 0
176.277 0 0 0 0 1 0 0 0 0
176.431 0 0 0 1 0 0 0 0 0
180.625 0 0 0 0 1 0 0 0 0
182.037 0 0 0 1 0 0 0 0 0
184.263 0 0 0 0 1 0 0 0 0
184.737 1 0 0 0 0 0 0 0 0
185.325 0 1 0 0 0 0 0 0 0
185.727 0 0 0 1 0 0 0 0 0
188.932 0 0 0 0 1 0 0 0 0
189.674 1 0 0 0 0 0 0 0 0
190.559 0 1 0 0 0 0 0 0 0
191.034 1 0 0 0 0 0 0 0 0
191.642 0 1 0 0 0 0 0 0 0
191.89 0 0 0 1 0 0 0 0 0
194.145 0 0 0 0 1 0 0 0 0
194.187 0 0 0 1 0 0 0 0 0
194.476 0 0 0 0 1 0 0 0 0
195.311 0 0 0 1 0 0 0 0 0
196.135 0 0 0 0 1 0 0 0 0
196.517 0 0 0 1 0 0 0 0 0
200.648 0 0 0 0 1 0 0 0 0
201.37 0 0 0 1 0 0 0 0 0
202.452 0 0 0 0 1 0 0 0 0
203.255 0 0 0 1 0 0 0 0 0
204.884 0 0 0 0 1 0 0 0 0
205.348 1 0 0 0 0 0 0 0 0
205.585 0 1 0 0 0 0 0 0 0
206.007 1 0 0 0 0 0 0 0 0
206.584 0 1 0 0 0 0 0 0 0
206.821 0 0 0 1 0 0 0 0 0
207.8 0 0 0 0 1 0 0 0 0
209.171 0 0 0 1 0 0 0 0 0
209.85 0 0 0 0 1 0 0 0 0
210.572 1 0 0 0 0 0 0 0 0
211.469 0 1 0 0 0 0 0 0 0
212.561 1 0 0 0 0 0 0 0 0
213.231 0 1 0 0 0 0 0 0 0
213.529 0 0 0 1 0 0 0 0 0
216.055 0 0 0 0 1 0 0 0 0
216.569 1 0 0 0 0 0 0 0 0
217.734 0 1 0 0 0 0 0 0 0
218.405 1 0 0 0 0 0 0 0 0
218.94 0 1 0 0 0 0 0 0 0
219.208 0 0 0 1 0 0 0 0 0
223.948 0 0 0 0 1 0 0 0 0
224.216 0 0 0 1 0 0 0 0 0
227.008 0 0 0 0 1 0 0 0 0
227.719 0 0 0 1 0 0 0 0 0
238.612 0 0 0 0 1 0 0 0 0
238.725 0 0 0 1 0 0 0 0 0
240.24 0 0 0 0 1 0 0 0 0
240.528 1 0 0 0 0 0 0 0 0
240.631 0 1 0 0 0 0 0 0 0
241.085 1 0 0 0 0 0 0 0 0
241.641 0 1 0 0 0 0 0 0 0
242.342 0 0 0 0 0 1 0 0 0
243.548 0 0 0 0 0 0 1 0 0
263.405 0 0 0 1 0 0 0 0 0
266.115 0 0 0 0 1 0 0 0 0
266.713 1 0 0 0 0 0 0 0 0
267.981 0 1 0 0 0 0 0 0 0
268.373 1 0 0 0 0 0 0 0 0
269.948 0 1 0 0 0 0 0 0 0
270.361 1 0 0 0 0 0 0 0 0
270.711 0 1 0 0 0 0 0 0 0
271.165 1 0 0 0 0 0 0 0 0
271.825 0 1 0 0 0 0 0 0 0
272.165 0 0 0 1 0 0 0 0 0
273.493 0 0 0 0 1 0 0 0 0
273.969 1 0 0 0 0 0 0 0 0
274.679 0 1 0 0 0 0 0 0 0
276.358 0 0 0 1 0 0 0 0 0
280.346 0 0 0 0 1 0 0 0 0
280.738 0 0 0 1 0 0 0 0 0
282.964 0 0 0 0 1 0 0 0 0
283.923 0 0 0 1 0 0 0 0 0
285.746 0 0 0 0 1 0 0 0 0
285.838 0 0 0 1 0 0 0 0 0
286.209 0 0 0 0 1 0 0 0 0
286.931 1 0 0 0 0 0 0 0 0
288.034 0 1 0 0 0 0 0 0 0
288.478 0 0 0 1 0 0 0 0 0
290.795 0 0 0 0 1 0 0 0 0
291.569 0 0 0 1 0 0 0 0 0
292.95 0 0 0 0 1 0 0 0 0
293.402 0 0 0 1 0 0 0 0 0
294.547 0 0 0 0 1 0 0 0 0
294.928 0 0 0 1 0 0 0 0 0
296.401 0 0 0 0 1 0 0 0 0
296.609 1 0 0 0 0 0 0 0 0
298.289 0 1 0 0 0 0 0 0 0
298.545 0 0 0 1 0 0 0 0 0
301.276 0 0 0 0 1 0 0 0 0
301.503 1 0 0 0 0 0 0 0 0
302.656 0 1 0 0 0 0 0 0 0
302.997 1 0 0 0 0 0 0 0 0
303.935 0 1 0 0 0 0 0 0 0
304.151 0 0 0 1 0 0 0 0 0
306.634 0 0 0 0 1 0 0 0 0
307.057 0 0 0 1 0 0 0 0 0
310.674 0 0 0 0 1 0 0 0 0
319.63 1 0 0 0 0 0 0 0 0
320.156 0 1 0 0 0 0 0 0 0
320.362 1 0 0 0 0 0 0 0 0
321.135 0 1 0 0 0 0 0 0 0
322.155 0 0 0 1 0 0 0 0 0
324.824 0 0 0 0 1 0 0 0 0
325.175 1 0 0 0 0 0 0 0 0
326.143 0 1 0 0 0 0 0 0 0
326.535 0 0 0 1 0 0 0 0 0
330.028 0 0 0 0 1 0 0 0 0
330.832 0 0 0 1 0 0 0 0 0
331.389 0 0 0 0 1 0 0 0 0
332.439 1 0 0 0 0 0 0 0 0
333.501 0 1 0 0 0 0 0 0 0
333.728 0 0 0 1 0 0 0 0 0
334.913 0 0 0 0 1 0 0 0 0
335.365 1 0 0 0 0 0 0 0 0
336.149 0 1 0 0 0 0 0 0 0
336.767 1 0 0 0 0 0 0 0 0
337.768 0 1 0 0 0 0 0 0 0
338.231 0 0 0 1 0 0 0 0 0
340.343 0 0 0 0 1 0 0 0 0
340.88 1 0 0 0 0 0 0 0 0
341.477 0 1 0 0 0 0 0 0 0
341.817 0 0 0 1 0 0 0 0 0
343.105 0 0 0 0 1 0 0 0 0
343.6 0 0 0 1 0 0 0 0 0
344.321 0 0 0 0 1 0 0 0 0
345.063 1 0 0 0 0 0 0 0 0
345.722 0 1 0 0 0 0 0 0 0
346.444 1 0 0 0 0 0 0 0 0
347.145 0 1 0 0 0 0 0 0 0
348.351 0 0 0 1 0 0 0 0 0
349.628 0 0 0 0 1 0 0 0 0
350.37 0 0 0 1 0 0 0 0 0
350.473 0 0 0 0 1 0 0 0 0
