2.25837 0 0 0 0 0 1 0 0 0
3.06117 0 0 0 0 0 0 1 0 0
29.936 0 0 0 1 0 0 0 0 0
34.4296 0 0 0 0 1 0 0 0 0
34.9034 1 0 0 0 0 0 0 0 0
35.8622 0 1 0 0 0 0 0 0 0
36.8098 1 0 0 0 0 0 0 0 0
37.4387 0 1 0 0 0 0 0 0 0
40.6327 1 0 0 0 0 0 0 0 0
40.7877 0 1 0 0 0 0 0 0 0
41.0866 0 0 0 1 0 0 0 0 0
43.147 0 0 0 0 1 0 0 0 0
43.6318 1 0 0 0 0 0 0 0 0
44.6007 0 1 0 0 0 0 0 0 0
44.8275 0 0 0 1 0 0 0 0 0
47.0427 0 0 0 0 1 0 0 0 0
47.4338 0 0 0 1 0 0 0 0 0
55.2453 0 0 0 0 1 0 0 0 0
55.7921 1 0 0 0 0 0 0 0 0
56.5539 0 1 0 0 0 0 0 0 0
57.3166 1 0 0 0 0 0 0 0 0
58.1934 0 1 0 0 0 0 0 0 0
58.8113 0 0 0 1 0 0 0 0 0
59.502 0 0 0 0 1 0 0 0 0
59.9659 0 0 0 1 0 0 0 0 0
64.8914 0 0 0 0 1 0 0 0 0
65.4272 1 0 0 0 0 0 0 0 0
66.252 0 1 0 0 0 0 0 0 0
67.0557 1 0 0 0 0 0 0 0 0
67.7466 0 1 0 0 0 0 0 0 0
68.0764 1 0 0 0 0 0 0 0 0
68.7972 0 1 0 0 0 0 0 0 0
69.1681 0 0 0 1 0 0 0 0 0
71.4354 0 0 0 0 1 0 0 0 0
72.2401 1 0 0 0 0 0 0 0 0
72.672 0 1 0 0 0 0 0 0 0
73.0119 0 0 0 1 0 0 0 0 0
74.9293 0 0 0 0 1 0 0 0 0
75.1453 0 0 0 1 0 0 0 0 0
75.898 0 0 0 0 1 0 0 0 0
76.351 1 0 0 0 0 0 0 0 0
76.8458 0 1 0 0 0 0 0 0 0
77.2278 1 0 0 0 0 0 0 0 0
77.4436 0 1 0 0 0 0 0 0 0
78.6184 1 0 0 0 0 0 0 0 0
80.0508 0 1 0 0 0 0 0 0 0
80.5356 0 0 0 1 0 0 0 0 0
82.565 0 0 0 0 1 0 0 0 0
92.8709 0 0 0 1 0 0 0 0 0
93.7567 0 0 0 0 1 0 0 0 0
94.6944 0 0 0 1 0 0 0 0 0
95.6431 0 0 0 0 1 0 0 0 0
97.0857 0 0 0 1 0 0 0 0 0
97.6935 0 0 0 0 1 0 0 0 0
98.5802 0 0 0 1 0 0 0 0 0
100.775 0 0 0 0 1 0 0 0 0
101.259 0 0 0 1 0 0 0 0 0
102.217 0 0 0 0 1 0 0 0 0
102.62 0 0 0 1 0 0 0 0 0
103.537 0 0 0 0 1 0 0 0 0
104.939 0 0 0 1 0 0 0 0 0
105.608 0 0 0 0 1 0 0 0 0
106.381 0 0 0 1 0 0 0 0 0
107.463 0 0 0 0 1 0 0 0 0
107.844 1 0 0 0 0 0 0 0 0
108.153 0 1 0 0 0 0 0 0 0
108.905 0 0 0 1 0 0 0 0 0
109.647 0 0 0 0 1 0 0 0 0
110.73 1 0 0 0 0 0 0 0 0
110.987 0 1 0 0 0 0 0 0 0
111.183 1 0 1 0 0 0 0 0 0
111.297 0 1 0 0 0 0 0 0 0
111.729 0 0 0 1 0 0 0 0 0
113.182 0 0 0 0 1 0 0 0 0
115.274 1 0 0 0 0 0 0 0 0
116.583 0 1 0 0 0 0 0 0 0
116.83 1 0 0 0 0 0 0 0 0
117.685 0 1 0 0 0 0 0 0 0
118.035 0 0 0 1 0 0 0 0 0
120.726 0 0 0 0 1 0 0 0 0
121.004 0 0 0 1 0 0 0 0 0
121.633 0 0 0 0 1 0 0 0 0
122.777 0 0 0 0 0 1 0 0 0
123.942 0 0 0 0 0 0 1 0 0
128.475 0 0 0 0 0 1 0 0 0
129.125 0 0 0 0 0 0 1 0 0
132.154 0 0 0 0 0 1 0 0 0
132.897 0 0 0 0 0 0 1 0 0
157.154 0 0 0 1 0 0 0 0 0
159.773 0 0 0 0 1 0 0 0 0
160.72 0 0 0 1 0 0 0 0 0
162.638 0 0 0 0 1 0 0 0 0
163.019 1 0 0 0 0 0 0 0 0
163.76 0 1 0 0 0 0 0 0 0
164.224 1 0 0 0 0 0 0 0 0
166.595 0 1 0 0 0 0 0 0 0
167.047 1 0 0 0 0 0 0 0 0
168.027 0 1 0 0 0 0 0 0 0
169.027 0 0 0 1 0 0 0 0 0
174.2 0 0 0 0 1 0 0 0 0
174.767 1 0 0 0 0 0 0 0 0
175.581 0 1 0 0 0 0 0 0 0
176.014 0 0 0 1 0 0 0 0 0
176.683 0 0 0 0 1 0 0 0 0
179.632 1 0 0 0 0 0 0 0 0
180.146 0 1 0 0 0 0 0 0 0
181.909 1 0 0 0 0 0 0 0 0
182.444 0 1 0 0 0 0 0 0 0
182.63 0 0 0 1 0 0 0 0 0
190.008 0 0 0 0 1 0 0 0 0
191.121 0 0 0 1 0 0 0 0 0
192.018 0 0 0 0 1 0 0 0 0
192.492 0 0 0 1 0 0 0 0 0
192.915 0 0 0 0 1 0 0 0 0
193.378 1 0 0 0 0 0 0 0 0
194.048 0 1 0 0 0 0 0 0 0
194.852 1 0 0 0 0 0 0 0 0
195.522 0 1 0 0 0 0 0 0 0
195.79 0 0 0 1 0 0 0 0 0
196.656 0 0 0 0 1 0 0 0 0
197.335 0 0 0 1 0 0 0 0 0
198.304 0 0 0 0 1 0 0 0 0
198.541 1 0 0 0 0 0 0 0 0
199.675 0 1 0 0 0 0 0 0 0
199.963 1 0 0 0 0 0 0 0 0
201.117 0 1 0 0 0 0 0 0 0
203.261 1 0 0 0 0 0 0 0 0
203.704 0 1 0 0 0 0 0 0 0
204.147 1 0 0 0 0 0 0 0 0
204.353 0 1 0 0 0 0 0 0 0
205.796 1 0 0 0 0 0 0 0 0
206.229 0 1 0 0 0 0 0 0 0
211.041 1 0 0 0 0 0 0 0 0
212.257 0 1 0 0 0 0 0 0 0
212.526 0 0 0 1 0 0 0 0 0
216.112 0 0 0 0 1 0 0 0 0
216.791 0 0 0 1 0 0 0 0 0
217.585 0 0 0 0 1 0 0 0 0
218.142 0 0 0 1 0 0 0 0 0
219.337 0 0 0 0 1 0 0 0 0
219.831 0 0 0 1 0 0 0 0 0
220.522 0 0 0 0 1 0 0 0 0
220.563 0 0 0 1 0 0 0 0 0
220.955 0 0 0 0 1 0 0 0 0
221.614 0 0 0 1 0 0 0 0 0
223.098 0 0 0 0 1 0 0 0 0
223.264 0 0 0 1 0 0 0 0 0
225.087 0 0 0 0 1 0 0 0 0
225.294 0 0 0 1 0 0 0 0 0
225.778 0 0 0 0 1 0 0 0 0
231.796 1 0 0 0 0 0 0 0 0
232.92 0 1 0 0 0 0 0 0 0
233.166 0 0 0 1 0 0 0 0 0
236.247 0 0 0 0 1 0 0 0 0
237.01 0 0 0 1 0 0 0 0 0
238.638 0 0 0 0 1 0 0 0 0
239.247 0 0 0 1 0 0 0 0 0
240.184 0 0 0 0 1 0 0 0 0
242.278 0 0 0 0 0 1 0 0 0
243.575 0 0 0 0 0 0 1 0 0
271.192 1 0 0 0 0 0 0 0 0
271.749 0 1 0 0 0 0 0 0 0
273.768 0 0 0 1 0 0 0 0 0
278.787 0 0 0 0 1 0 0 0 0
279.281 1 0 0 0 0 0 0 0 0
280.961 0 1 0 0 0 0 0 0 0
281.425 0 0 0 1 0 0 0 0 0
283.187 0 0 0 0 1 0 0 0 0
283.785 0 0 0 1 0 0 0 0 0
287.299 0 0 0 0 1 0 0 0 0
287.381 0 0 0 1 0 0 0 0 0
292.378 0 0 0 0 1 0 0 0 0
292.904 0 0 0 1 0 0 0 0 0
293.43 0 0 0 0 1 0 0 0 0
293.955 1 0 0 0 0 0 0 0 0
295.223 0 1 0 0 0 0 0 0 0
296.006 1 0 0 0 0 0 0 0 0
296.15 0 1 0 0 0 0 0 0 0
296.212 1 0 1 0 0 0 0 0 0
296.346 0 1 0 0 0 0 0 0 0
298.315 0 0 0 1 0 0 0 0 0
299.097 0 0 0 0 1 0 0 0 0
299.468 0 0 0 1 0 0 0 0 0
302.962 0 0 0 0 1 0 0 0 0
303.446 0 0 0 1 0 0 0 0 0
304.085 0 0 0 0 1 0 0 0 0
304.487 0 0 0 1 0 0 0 0 0
306.827 0 0 0 0 1 0 0 0 0
306.868 0 0 0 1 0 0 0 0 0
307.105 0 0 0 0 1 0 0 0 0
307.146 0 0 0 1 0 0 0 0 0
307.208 0 0 0 0 1 0 0 0 0
307.27 0 0 0 1 0 0 0 0 0
307.322 0 0 0 0 1 0 0 0 0
308.372 0 0 0 1 0 0 0 0 0
310.103 0 0 0 0 1 0 0 0 0
310.433 0 0 0 1 0 0 0 0 0
314.844 0 0 0 0 1 0 0 0 0
315.298 1 0 0 0 0 0 0 0 0
316.286 0 1 0 0 0 0 0 0 0
316.987 1 0 0 0 0 0 0 0 0
318.028 0 1 0 0 0 0 0 0 0
319.254 1 0 0 0 0 0 0 0 0
320.078 0 1 0 0 0 0 0 0 0
321.222 1 0 0 0 0 0 0 0 0
321.686 0 1 0 0 0 0 0 0 0
321.975 0 0 0 1 0 0 0 0 0
327.57 0 0 0 0 1 0 0 0 0
328.003 1 0 0 0 0 0 0 0 0
328.621 0 1 0 0 0 0 0 0 0
329.064 1 0 0 0 0 0 0 0 0
329.538 0 1 0 0 0 0 0 0 0
329.826 0 0 0 1 0 0 0 0 0
332.258 0 0 0 0 1 0 0 0 0
337.329 1 0 0 0 0 0 0 0 0
338.504 0 1 0 0 0 0 0 0 0
338.977 0 0 0 1 0 0 0 0 0
341.255 0 0 0 0 1 0 0 0 0
341.296 0 0 0 1 0 0 0 0 0
341.399 0 0 0 0 1 0 0 0 0
341.461 0 0 0 1 0 0 0 0 0
341.626 0 0 0 0 1 0 0 0 0
341.76 0 0 0 1 0 0 0 0 0
342.821 0 0 0 0 1 0 0 0 0
343.594 1 0 0 0 0 0 0 0 0
343.727 0 1 0 0 0 0 0 0 0
343.81 1 0 1 0 0 0 0 0 0
343.934 0 1 0 0 0 0 0 0 0
347.994 0 0 0 1 0 0 0 0 0
353.877 0 0 0 0 1 0 0 0 0
354.548 0 0 0 1 0 0 0 0 0
356.381 0 0 0 0 1 0 0 0 0
356.67 0 0 0 1 0 0 0 0 0
359.102 0 0 0 0 1 0 0 0 0
359.267 0 0 0 1 0 0 0 0 0
361.524 0 0 0 0 1 0 0 0 0
371.169 1 0 0 0 0 0 0 0 0
371.941 0 1 0 0 0 0 0 0 0
372.065 1 0 0 0 0 0 0 0 0
373.127 0 1 0 0 0 0 0 0 0
