3.34781 0 0 0 0 0 1 0 0 0
4.54337 0 0 0 0 0 0 1 0 0
6.95462 0 0 0 0 0 1 0 0 0
7.70736 0 0 0 0 0 0 1 0 0
10.3346 0 0 0 0 0 1 0 0 0
11.4793 0 0 0 0 0 0 1 0 0
26.8311 0 0 0 1 0 0 0 0 0
27.7193 0 0 0 0 1 0 0 0 0
27.7614 0 0 0 1 0 0 0 0 0
27.8123 0 0 0 0 1 0 0 0 0
28.4101 0 0 0 1 0 0 0 0 0
30.4714 0 0 0 0 1 0 0 0 0
31.3782 1 0 0 0 0 0 0 0 0
32.1509 0 1 0 0 0 0 0 0 0
32.2539 1 0 0 0 0 0 0 0 0
32.3989 0 1 0 0 0 0 0 0 0
33.4606 1 0 0 0 0 0 0 0 0
34.9851 0 1 0 0 0 0 0 0 0
35.7579 1 0 0 0 0 0 0 0 0
36.8085 0 1 0 0 0 0 0 0 0
37.2934 1 0 0 0 0 0 0 0 0
38.2931 0 1 0 0 0 0 0 0 0
38.9209 1 0 0 0 0 0 0 0 0
39.6947 0 1 0 0 0 0 0 0 0
41.0242 0 0 0 1 0 0 0 0 0
41.6521 0 0 0 0 1 0 0 0 0
42.3429 0 0 0 1 0 0 0 0 0
42.9816 0 0 0 0 1 0 0 0 0
43.7544 1 0 0 0 0 0 0 0 0
44.3423 0 1 0 0 0 0 0 0 0
45.28 1 0 0 0 0 0 0 0 0
47.6292 0 1 0 0 0 0 0 0 0
49.1658 1 0 0 0 0 0 0 0 0
49.8646 0 1 0 0 0 0 0 0 0
52.1949 1 0 0 0 0 0 0 0 0
52.9057 0 1 0 0 0 0 0 0 0
54.3283 1 0 0 0 0 0 0 0 0
54.8331 0 1 0 0 0 0 0 0 0
56.3476 1 0 0 0 0 0 0 0 0
57.0074 0 1 0 0 0 0 0 0 0
59.1198 1 0 0 0 0 0 0 0 0
59.2439 0 1 0 0 0 0 0 0 0
59.7586 1 0 0 0 0 0 0 0 0
60.2534 0 1 0 0 0 0 0 0 0
61.2022 1 0 0 0 0 0 0 0 0
61.758 0 1 0 0 0 0 0 0 0
62.6237 1 0 0 0 0 0 0 0 0
63.2216 0 1 0 0 0 0 0 0 0
65.8598 1 0 0 0 0 0 0 0 0
66.9935 0 1 0 0 0 0 0 0 0
67.7142 1 0 0 0 0 0 0 0 0
68.6929 0 1 0 0 0 0 0 0 0
68.9309 0 0 0 1 0 0 0 0 0
70.1874 0 0 0 0 1 0 0 0 0
70.7853 0 0 0 1 0 0 0 0 0
71.734 0 0 0 0 1 0 0 0 0
72.0939 0 0 0 1 0 0 0 0 0
73.0936 0 0 0 0 1 0 0 0 0
73.4335 0 0 0 1 0 0 0 0 0
77.5353 0 0 0 0 1 0 0 0 0
78.246 1 0 0 0 0 0 0 0 0
78.8748 0 1 0 0 0 0 0 0 0
79.2767 1 0 0 0 0 0 0 0 0
79.6576 0 1 0 0 0 0 0 0 0
81.5851 1 0 0 0 0 0 0 0 0
82.6767 0 1 0 0 0 0 0 0 0
83.0176 0 0 0 1 0 0 0 0 0
88.293 0 0 0 0 1 0 0 0 0
88.644 0 0 0 1 0 0 0 0 0
89.4686 0 0 0 0 1 0 0 0 0
89.9215 0 0 0 1 0 0 0 0 0
90.5093 0 0 0 0 1 0 0 0 0
91.7769 1 0 0 0 0 0 0 0 0
92.4158 0 1 0 0 0 0 0 0 0
92.9926 1 0 0 0 0 0 0 0 0
93.9513 0 1 0 0 0 0 0 0 0
94.6211 1 0 0 0 0 0 0 0 0
94.7241 0 1 0 0 0 0 0 0 0
94.828 1 0 1 0 0 0 0 0 0
94.94 0 1 0 0 0 0 0 0 0
98.8148 0 0 0 1 0 0 0 0 0
100.216 0 0 0 0 1 0 0 0 0
101.246 0 0 0 1 0 0 0 0 0
102.381 0 0 0 0 1 0 0 0 0
103.009 0 0 0 1 0 0 0 0 0
103.926 0 0 0 0 1 0 0 0 0
104.668 0 0 0 1 0 0 0 0 0
106.4 0 0 0 0 1 0 0 0 0
107.048 0 0 0 1 0 0 0 0 0
108.368 0 0 0 0 1 0 0 0 0
108.822 0 0 0 1 0 0 0 0 0
110.471 0 0 0 0 1 0 0 0 0
111.191 1 0 0 0 0 0 0 0 0
112.438 0 1 0 0 0 0 0 0 0
113.726 0 0 0 1 0 0 0 0 0
115.797 0 0 0 0 1 0 0 0 0
116.231 0 0 0 1 0 0 0 0 0
117.879 0 0 0 0 1 0 0 0 0
118.209 0 0 0 1 0 0 0 0 0
120.475 0 0 0 0 1 0 0 0 0
133.512 1 0 0 0 0 0 0 0 0
134.151 0 1 0 0 0 0 0 0 0
135.346 1 0 0 0 0 0 0 0 0
135.985 0 1 0 0 0 0 0 0 0
136.944 1 0 0 0 0 0 0 0 0
137.232 0 1 0 0 0 0 0 0 0
137.531 1 0 0 0 0 0 0 0 0
137.634 0 1 0 0 0 0 0 0 0
137.696 1 0 1 0 0 0 0 0 0
137.83 0 1 0 0 0 0 0 0 0
142.364 1 0 0 0 0 0 0 0 0
143.096 0 1 0 0 0 0 0 0 0
144.28 1 0 0 0 0 0 0 0 0
145.23 0 1 0 0 0 0 0 0 0
145.61 0 0 0 1 0 0 0 0 0
149.906 0 0 0 0 1 0 0 0 0
155.513 1 0 0 0 0 0 0 0 0
156.265 0 1 0 0 0 0 0 0 0
156.78 0 0 0 1 0 0 0 0 0
159.512 0 0 0 0 1 0 0 0 0
160.067 0 0 0 1 0 0 0 0 0
161.016 0 0 0 0 1 0 0 0 0
161.82 0 0 0 1 0 0 0 0 0
163.458 0 0 0 0 1 0 0 0 0
163.953 0 0 0 1 0 0 0 0 0
166.869 0 0 0 0 1 0 0 0 0
167.312 1 0 0 0 0 0 0 0 0
168.23 0 1 0 0 0 0 0 0 0
168.498 0 0 0 1 0 0 0 0 0
173.866 0 0 0 0 1 0 0 0 0
174.278 0 0 0 1 0 0 0 0 0
179.657 0 0 0 0 1 0 0 0 0
180.193 0 0 0 1 0 0 0 0 0
180.482 0 0 0 0 1 0 0 0 0
183.119 0 0 0 0 0 1 0 0 0
184.274 0 0 0 0 0 0 1 0 0
186.2 0 0 0 0 0 1 0 0 0
187.046 0 0 0 0 0 0 1 0 0
221.744 1 0 0 0 0 0 0 0 0
222.299 0 1 0 0 0 0 0 0 0
222.835 1 0 0 0 0 0 0 0 0
223.536 0 1 0 0 0 0 0 0 0
224.186 1 0 0 0 0 0 0 0 0
224.866 0 1 0 0 0 0 0 0 0
234.821 1 0 0 0 0 0 0 0 0
236.933 0 1 0 0 0 0 0 0 0
237.387 1 0 0 0 0 0 0 0 0
238.046 0 1 0 0 0 0 0 0 0
242.23 1 0 0 0 0 0 0 0 0
242.755 0 1 0 0 0 0 0 0 0
245.95 0 0 0 1 0 0 0 0 0
252.648 0 0 0 0 1 0 0 0 0
253.431 0 0 0 1 0 0 0 0 0
253.73 0 0 0 0 1 0 0 0 0
254.462 1 0 0 0 0 0 0 0 0
256.215 0 1 0 0 0 0 0 0 0
258.193 1 0 0 0 0 0 0 0 0
259.388 0 1 0 0 0 0 0 0 0
260.573 1 0 0 0 0 0 0 0 0
261.346 0 1 0 0 0 0 0 0 0
262.727 0 0 0 1 0 0 0 0 0
267.602 0 0 0 0 1 0 0 0 0
268.21 1 0 0 0 0 0 0 0 0
268.827 0 1 0 0 0 0 0 0 0
272.97 1 0 0 0 0 0 0 0 0
273.682 0 1 0 0 0 0 0 0 0
274.021 1 0 0 0 0 0 0 0 0
274.836 0 1 0 0 0 0 0 0 0
275.505 0 0 0 1 0 0 0 0 0
277.917 0 0 0 0 1 0 0 0 0
278.494 0 0 0 1 0 0 0 0 0
281.246 0 0 0 0 1 0 0 0 0
281.73 0 0 0 1 0 0 0 0 0
282.915 0 0 0 0 1 0 0 0 0
283.564 0 0 0 1 0 0 0 0 0
285.387 0 0 0 0 1 0 0 0 0
286.44 0 0 0 1 0 0 0 0 0
287.274 0 0 0 0 1 0 0 0 0
288.336 0 0 0 1 0 0 0 0 0
288.582 0 0 0 0 1 0 0 0 0
289.211 0 0 0 1 0 0 0 0 0
290.241 0 0 0 0 1 0 0 0 0
290.705 0 0 0 1 0 0 0 0 0
291.169 0 0 0 0 1 0 0 0 0
291.54 0 0 0 1 0 0 0 0 0
292.426 0 0 0 0 1 0 0 0 0
292.982 0 0 0 1 0 0 0 0 0
294.023 0 0 0 0 1 0 0 0 0
294.096 0 0 0 1 0 0 0 0 0
294.199 0 0 0 0 1 0 0 0 0
295.558 0 0 0 1 0 0 0 0 0
300.804 0 0 0 0 1 0 0 0 0
301.278 0 0 0 1 0 0 0 0 0
301.505 0 0 0 0 1 0 0 0 0
301.793 0 0 0 1 0 0 0 0 0
302.339 0 0 0 0 1 0 0 0 0
303.968 0 0 0 1 0 0 0 0 0
304.555 0 0 0 0 1 0 0 0 0
304.772 1 0 0 0 0 0 0 0 0
306.42 0 1 0 0 0 0 0 0 0
306.585 1 0 0 0 0 0 0 0 0
306.781 0 1 0 0 0 0 0 0 0
307.06 0 0 0 1 0 0 0 0 0
312.85 0 0 0 0 1 0 0 0 0
313.552 1 0 0 0 0 0 0 0 0
315.189 0 1 0 0 0 0 0 0 0
351.514 1 0 0 0 0 0 0 0 0
351.967 0 1 0 0 0 0 0 0 0
352.101 1 0 0 0 0 0 0 0 0
353.112 0 1 0 0 0 0 0 0 0
354.215 1 0 0 0 0 0 0 0 0
354.359 0 1 0 0 0 0 0 0 0
354.431 1 0 1 0 0 0 0 0 0
354.565 0 1 0 0 0 0 0 0 0
356.863 1 0 0 0 0 0 0 0 0
357.44 0 1 0 0 0 0 0 0 0
358.223 1 0 0 0 0 0 0 0 0
359.243 0 1 0 0 0 0 0 0 0
359.666 0 0 0 1 0 0 0 0 0
360.624 0 0 0 0 1 0 0 0 0
