1.65696 0 0 0 0 0 1 0 0 0
3.5644 0 0 0 0 0 0 1 0 0
30.0084 0 0 0 1 0 0 0 0 0
32.5626 0 0 0 0 1 0 0 0 0
33.2734 0 0 0 1 0 0 0 0 0
33.5003 0 0 0 0 1 0 0 0 0
37.4471 0 0 0 1 0 0 0 0 0
41.147 0 0 0 0 1 0 0 0 0
41.333 0 0 0 1 0 0 0 0 0
45.6806 0 0 0 0 1 0 0 0 0
46.2275 1 0 0 0 0 0 0 0 0
46.9483 0 1 0 0 0 0 0 0 0
47.4741 1 0 0 0 0 0 0 0 0
48.3398 0 1 0 0 0 0 0 0 0
48.7417 0 0 0 1 0 0 0 0 0
51.7818 0 0 0 0 1 0 0 0 0
53.5023 1 0 0 0 0 0 0 0 0
53.9771 0 1 0 0 0 0 0 0 0
54.193 0 0 0 1 0 0 0 0 0
61.5508 0 0 0 0 1 0 0 0 0
62.6225 1 0 0 0 0 0 0 0 0
64.8379 0 1 0 0 0 0 0 0 0
66.5903 1 0 0 0 0 0 0 0 0
67.3631 0 1 0 0 0 0 0 0 0
67.8879 1 0 0 0 0 0 0 0 0
69.4444 0 1 0 0 0 0 0 0 0
70.5572 1 0 0 0 0 0 0 0 0
71.4138 0 1 0 0 0 0 0 0 0
71.9897 0 0 0 1 0 0 0 0 0
73.2583 0 0 0 0 1 0 0 0 0
73.7421 0 0 0 1 0 0 0 0 0
73.8751 0 0 0 0 1 0 0 0 0
75.1018 0 0 0 1 0 0 0 0 0
75.3077 0 0 0 0 1 0 0 0 0
79.7294 1 0 0 0 0 0 0 0 0
80.2752 0 1 0 0 0 0 0 0 0
80.5941 0 0 0 1 0 0 0 0 0
84.4999 0 0 0 0 1 0 0 0 0
84.974 0 0 0 1 0 0 0 0 0
86.5933 0 0 0 0 1 0 0 0 0
87.355 1 0 0 0 0 0 0 0 0
88.0869 0 1 0 0 0 0 0 0 0
88.7877 1 0 0 0 0 0 0 0 0
89.1685 0 1 0 0 0 0 0 0 0
89.8384 1 0 0 0 0 0 0 0 0
90.3022 0 1 0 0 0 0 0 0 0
90.8691 1 0 0 0 0 0 0 0 0
91.4978 0 1 0 0 0 0 0 0 0
93.1564 0 0 0 1 0 0 0 0 0
93.7552 0 0 0 0 1 0 0 0 0
93.7961 0 0 0 1 0 0 0 0 0
93.8991 0 0 0 0 1 0 0 0 0
93.9402 0 0 0 1 0 0 0 0 0
95.1977 0 0 0 0 1 0 0 0 0
95.4237 0 0 0 1 0 0 0 0 0
98.8566 0 0 0 0 1 0 0 0 0
99.9783 1 0 0 0 0 0 0 0 0
100.958 0 1 0 0 0 0 0 0 0
101.576 1 0 0 0 0 0 0 0 0
102.122 0 1 0 0 0 0 0 0 0
102.833 0 0 0 1 0 0 0 0 0
106.12 0 0 0 0 1 0 0 0 0
107.11 1 0 0 0 0 0 0 0 0
108.944 0 1 0 0 0 0 0 0 0
109.201 0 0 0 1 0 0 0 0 0
111.511 0 0 0 0 1 0 0 0 0
111.922 0 0 0 1 0 0 0 0 0
115.765 0 0 0 0 1 0 0 0 0
116.425 0 0 0 1 0 0 0 0 0
118.858 0 0 0 0 1 0 0 0 0
119.331 0 0 0 1 0 0 0 0 0
121.485 0 0 0 0 1 0 0 0 0
136.51 1 0 0 0 0 0 0 0 0
137.263 0 1 0 0 0 0 0 0 0
137.747 1 0 0 0 0 0 0 0 0
139.499 0 1 0 0 0 0 0 0 0
140.427 0 0 0 1 0 0 0 0 0
145.651 0 0 0 0 1 0 0 0 0
146.321 1 0 0 0 0 0 0 0 0
147.568 0 1 0 0 0 0 0 0 0
148.063 1 0 0 0 0 0 0 0 0
148.578 0 1 0 0 0 0 0 0 0
149.082 1 0 0 0 0 0 0 0 0
150.03 0 1 0 0 0 0 0 0 0
150.381 1 0 0 0 0 0 0 0 0
150.958 0 1 0 0 0 0 0 0 0
151.628 1 0 0 0 0 0 0 0 0
151.712 0 1 0 0 0 0 0 0 0
151.814 1 0 1 0 0 0 0 0 0
152.266 0 1 0 0 0 0 0 0 0
152.668 0 0 0 1 0 0 0 0 0
155.574 0 0 0 0 1 0 0 0 0
155.761 0 0 0 1 0 0 0 0 0
156.729 0 0 0 0 1 0 0 0 0
159.089 1 0 0 0 0 0 0 0 0
159.944 0 1 0 0 0 0 0 0 0
160.284 0 0 0 1 0 0 0 0 0
165.416 0 0 0 0 1 0 0 0 0
166.106 1 0 0 0 0 0 0 0 0
166.714 0 1 0 0 0 0 0 0 0
167.209 1 0 0 0 0 0 0 0 0
167.725 0 1 0 0 0 0 0 0 0
168.116 0 0 0 1 0 0 0 0 0
169.754 0 0 0 0 1 0 0 0 0
170.197 0 0 0 1 0 0 0 0 0
173.155 0 0 0 0 1 0 0 0 0
173.639 0 0 0 1 0 0 0 0 0
174.165 0 0 0 0 1 0 0 0 0
174.557 0 0 0 1 0 0 0 0 0
175.968 0 0 0 0 1 0 0 0 0
176.432 0 0 0 1 0 0 0 0 0
176.669 0 0 0 0 1 0 0 0 0
177.493 0 0 0 1 0 0 0 0 0
180.739 0 0 0 0 1 0 0 0 0
182.491 0 0 0 0 0 1 0 0 0
183.511 0 0 0 0 0 0 1 0 0
190.642 0 0 0 0 0 1 0 0 0
191.344 0 0 0 0 0 0 1 0 0
197.495 0 0 0 0 0 1 0 0 0
198.341 0 0 0 0 0 0 1 0 0
207.738 0 0 0 0 0 1 0 0 0
208.459 0 0 0 0 0 0 1 0 0
229.698 1 0 0 0 0 0 0 0 0
231.151 0 1 0 0 0 0 0 0 0
234.397 1 0 0 0 0 0 0 0 0
234.499 0 1 0 0 0 0 0 0 0
234.881 0 0 0 1 0 0 0 0 0
239.374 0 0 0 0 1 0 0 0 0
240.611 1 0 0 0 0 0 0 0 0
241.342 0 1 0 0 0 0 0 0 0
242.218 1 0 0 0 0 0 0 0 0
242.898 0 1 0 0 0 0 0 0 0
243.476 1 0 0 0 0 0 0 0 0
244.032 0 1 0 0 0 0 0 0 0
245.031 1 0 0 0 0 0 0 0 0
245.804 0 1 0 0 0 0 0 0 0
246.557 1 0 0 0 0 0 0 0 0
247.268 0 1 0 0 0 0 0 0 0
