2.15313 0 0 0 0 0 1 0 0 0
3.18374 0 0 0 0 0 0 1 0 0
29.7707 1 0 0 0 0 0 0 0 0
30.6254 0 1 0 0 0 0 0 0 0
31.945 0 0 0 1 0 0 0 0 0
34.9121 0 0 0 0 1 0 0 0 0
35.4899 1 0 0 0 0 0 0 0 0
36.6346 0 1 0 0 0 0 0 0 0
37.8802 1 0 0 0 0 0 0 0 0
38.633 0 1 0 0 0 0 0 0 0
39.7356 0 0 0 1 0 0 0 0 0
40.5294 0 0 0 0 1 0 0 0 0
40.8483 1 0 0 0 0 0 0 0 0
40.9722 0 1 0 0 0 0 0 0 0
41.0442 1 0 1 0 0 0 0 0 0
41.1782 0 1 0 0 0 0 0 0 0
44.7022 1 0 0 0 0 0 0 0 0
45.208 0 1 0 0 0 0 0 0 0
45.7639 1 0 0 0 0 0 0 0 0
46.3616 0 1 0 0 0 0 0 0 0
47.8252 1 0 0 0 0 0 0 0 0
48.7219 0 1 0 0 0 0 0 0 0
49.5147 0 0 0 1 0 0 0 0 0
50.1745 0 0 0 0 1 0 0 0 0
50.7823 0 0 0 1 0 0 0 0 0
51.689 0 0 0 0 1 0 0 0 0
51.9159 0 0 0 1 0 0 0 0 0
52.5658 0 0 0 0 1 0 0 0 0
53.0496 0 0 0 1 0 0 0 0 0
53.7194 0 0 0 0 1 0 0 0 0
54.5132 1 0 0 0 0 0 0 0 0
55.152 0 1 0 0 0 0 0 0 0
56.0797 1 0 0 0 0 0 0 0 0
56.7495 0 1 0 0 0 0 0 0 0
56.9554 1 0 0 0 0 0 0 0 0
58.2021 0 1 0 0 0 0 0 0 0
59.0878 1 0 0 0 0 0 0 0 0
59.8406 0 1 0 0 0 0 0 0 0
60.8193 0 0 0 1 0 0 0 0 0
61.3352 0 0 0 0 1 0 0 0 0
62.3768 1 0 0 0 0 0 0 0 0
62.9836 0 1 0 0 0 0 0 0 0
63.7054 1 0 0 0 0 0 0 0 0
63.9734 0 1 0 0 0 0 0 0 0
64.5701 1 0 0 0 0 0 0 0 0
65.2 0 1 0 0 0 0 0 0 0
65.7868 1 0 0 0 0 0 0 0 0
66.2706 0 1 0 0 0 0 0 0 0
66.7555 0 0 0 1 0 0 0 0 0
67.3423 0 0 0 0 1 0 0 0 0
68.0641 1 0 0 0 0 0 0 0 0
68.26 0 1 0 0 0 0 0 0 0
68.332 1 0 1 0 0 0 0 0 0
68.4659 0 1 0 0 0 0 0 0 0
70.0835 0 0 0 0 0 1 0 0 0
70.7743 0 0 0 0 0 0 1 0 0
94.4241 0 0 0 0 0 1 0 0 0
95.7117 0 0 0 0 0 0 1 0 0
115.612 0 0 0 1 0 0 0 0 0
118.343 0 0 0 0 1 0 0 0 0
118.755 0 0 0 1 0 0 0 0 0
119.827 0 0 0 0 1 0 0 0 0
120.31 0 0 0 1 0 0 0 0 0
121.228 0 0 0 0 1 0 0 0 0
121.743 0 0 0 1 0 0 0 0 0
122.898 0 0 0 0 1 0 0 0 0
123.279 1 0 0 0 0 0 0 0 0
123.969 0 1 0 0 0 0 0 0 0
124.257 0 0 0 1 0 0 0 0 0
126.02 0 0 0 0 1 0 0 0 0
126.813 0 0 0 1 0 0 0 0 0
126.999 0 0 0 0 1 0 0 0 0
127.638 1 0 0 0 0 0 0 0 0
128.916 0 1 0 0 0 0 0 0 0
129.215 0 0 0 1 0 0 0 0 0
130.43 0 0 0 0 1 0 0 0 0
139.159 1 0 0 0 0 0 0 0 0
141.188 0 1 0 0 0 0 0 0 0
141.477 0 0 0 1 0 0 0 0 0
146.681 0 0 0 0 1 0 0 0 0
147.412 1 0 0 0 0 0 0 0 0
148.536 0 1 0 0 0 0 0 0 0
148.887 0 0 0 1 0 0 0 0 0
150.328 0 0 0 0 1 0 0 0 0
150.813 0 0 0 1 0 0 0 0 0
152.658 0 0 0 0 1 0 0 0 0
153.04 0 0 0 1 0 0 0 0 0
155.658 0 0 0 0 1 0 0 0 0
155.988 0 0 0 1 0 0 0 0 0
156.264 0 0 0 0 1 0 0 0 0
156.625 1 0 0 0 0 0 0 0 0
156.676 0 1 0 0 0 0 0 0 0
156.975 0 0 0 1 0 0 0 0 0
161.087 0 0 0 0 1 0 0 0 0
161.417 1 0 0 0 0 0 0 0 0
162.334 0 1 0 0 0 0 0 0 0
162.664 0 0 0 1 0 0 0 0 0
164.22 0 0 0 0 1 0 0 0 0
164.818 1 0 0 0 0 0 0 0 0
165.591 0 1 0 0 0 0 0 0 0
166.219 0 0 0 1 0 0 0 0 0
166.817 0 0 0 0 1 0 0 0 0
167.157 1 0 0 0 0 0 0 0 0
167.61 0 1 0 0 0 0 0 0 0
169.722 0 0 0 1 0 0 0 0 0
170.836 0 0 0 0 1 0 0 0 0
171.248 0 0 0 1 0 0 0 0 0
172.062 0 0 0 0 1 0 0 0 0
172.506 1 0 0 0 0 0 0 0 0
173.298 0 1 0 0 0 0 0 0 0
173.525 0 0 0 1 0 0 0 0 0
175.638 0 0 0 0 1 0 0 0 0
176.112 1 0 0 0 0 0 0 0 0
177.235 0 1 0 0 0 0 0 0 0
177.719 0 0 0 1 0 0 0 0 0
180.522 0 0 0 0 1 0 0 0 0
182.048 0 0 0 0 0 1 0 0 0
183.335 0 0 0 0 0 0 1 0 0
206.171 0 0 0 1 0 0 0 0 0
209.479 0 0 0 0 1 0 0 0 0
209.748 1 0 0 0 0 0 0 0 0
210.634 0 1 0 0 0 0 0 0 0
211.314 0 0 0 1 0 0 0 0 0
212.251 0 0 0 0 1 0 0 0 0
212.673 1 0 0 0 0 0 0 0 0
213.942 0 1 0 0 0 0 0 0 0
214.23 0 0 0 1 0 0 0 0 0
218.064 0 0 0 0 1 0 0 0 0
218.527 1 0 0 0 0 0 0 0 0
219.526 0 1 0 0 0 0 0 0 0
220.248 1 0 0 0 0 0 0 0 0
221.073 0 1 0 0 0 0 0 0 0
221.454 1 0 0 0 0 0 0 0 0
222.001 0 1 0 0 0 0 0 0 0
222.597 1 0 0 0 0 0 0 0 0
222.958 0 1 0 0 0 0 0 0 0
223.495 1 0 0 0 0 0 0 0 0
224.051 0 1 0 0 0 0 0 0 0
225.792 0 0 0 1 0 0 0 0 0
229.028 0 0 0 0 1 0 0 0 0
229.626 1 0 0 0 0 0 0 0 0
230.759 0 1 0 0 0 0 0 0 0
231.141 1 0 0 0 0 0 0 0 0
231.728 0 1 0 0 0 0 0 0 0
231.925 0 0 0 1 0 0 0 0 0
235.212 0 0 0 0 1 0 0 0 0
235.943 0 0 0 1 0 0 0 0 0
237.324 0 0 0 0 1 0 0 0 0
237.695 0 0 0 1 0 0 0 0 0
240.57 0 0 0 0 1 0 0 0 0
241.374 1 0 0 0 0 0 0 0 0
242.373 0 1 0 0 0 0 0 0 0
243.29 1 0 0 0 0 0 0 0 0
244.527 0 1 0 0 0 0 0 0 0
245.526 1 0 0 0 0 0 0 0 0
246.392 0 1 0 0 0 0 0 0 0
246.887 0 0 0 1 0 0 0 0 0
247.794 0 0 0 0 1 0 0 0 0
248.433 0 0 0 1 0 0 0 0 0
250.72 0 0 0 0 1 0 0 0 0
251.102 0 0 0 1 0 0 0 0 0
252.771 0 0 0 0 1 0 0 0 0
253.307 0 0 0 1 0 0 0 0 0
254.461 0 0 0 0 1 0 0 0 0
254.997 0 0 0 1 0 0 0 0 0
255.605 0 0 0 0 1 0 0 0 0
266.363 1 0 0 0 0 0 0 0 0
267.116 0 1 0 0 0 0 0 0 0
267.332 0 0 0 1 0 0 0 0 0
271.166 0 0 0 0 1 0 0 0 0
271.218 0 0 0 1 0 0 0 0 0
271.64 0 0 0 0 1 0 0 0 0
272.361 0 0 0 1 0 0 0 0 0
272.856 0 0 0 0 1 0 0 0 0
273.021 0 0 0 1 0 0 0 0 0
274.793 0 0 0 0 1 0 0 0 0
274.958 0 0 0 1 0 0 0 0 0
276.256 0 0 0 0 1 0 0 0 0
276.576 1 0 0 0 0 0 0 0 0
277.421 0 1 0 0 0 0 0 0 0
277.658 0 0 0 1 0 0 0 0 0
280.451 0 0 0 0 1 0 0 0 0
280.853 0 0 0 1 0 0 0 0 0
281.739 0 0 0 0 1 0 0 0 0
282.284 0 0 0 0 0 1 0 0 0
283.285 0 0 0 0 0 0 1 0 0
302.761 0 0 0 1 0 0 0 0 0
304.761 0 0 0 0 1 0 0 0 0
305.09 1 0 0 0 0 0 0 0 0
306.574 0 1 0 0 0 0 0 0 0
306.915 1 0 0 0 0 0 0 0 0
307.955 0 1 0 0 0 0 0 0 0
308.81 1 0 0 0 0 0 0 0 0
309.346 0 1 0 0 0 0 0 0 0
309.645 0 0 0 1 0 0 0 0 0
313.798 0 0 0 0 1 0 0 0 0
314.056 0 0 0 1 0 0 0 0 0
314.53 0 0 0 0 1 0 0 0 0
314.879 1 0 0 0 0 0 0 0 0
316.055 0 1 0 0 0 0 0 0 0
317.219 1 0 0 0 0 0 0 0 0
317.817 0 1 0 0 0 0 0 0 0
318.445 1 0 0 0 0 0 0 0 0
319.208 0 1 0 0 0 0 0 0 0
319.702 1 0 0 0 0 0 0 0 0
320.507 0 1 0 0 0 0 0 0 0
321.28 1 0 0 0 0 0 0 0 0
321.547 0 1 0 0 0 0 0 0 0
321.835 0 0 0 1 0 0 0 0 0
322.402 0 0 0 0 1 0 0 0 0
322.701 0 0 0 1 0 0 0 0 0
323.897 0 0 0 0 1 0 0 0 0
324.155 1 0 0 0 0 0 0 0 0
325.215 0 1 0 0 0 0 0 0 0
325.535 0 0 0 1 0 0 0 0 0
329.234 0 0 0 0 1 0 0 0 0
332.491 1 0 0 0 0 0 0 0 0
333.759 0 1 0 0 0 0 0 0 0
334.212 1 0 0 0 0 0 0 0 0
334.974 0 1 0 0 0 0 0 0 0
336.046 1 0 0 0 0 0 0 0 0
336.572 0 1 0 0 0 0 0 0 0
337.077 0 0 0 1 0 0 0 0 0
339.891 0 0 0 0 1 0 0 0 0
340.261 1 0 0 0 0 0 0 0 0
340.385 0 1 0 0 0 0 0 0 0
340.477 1 0 1 0 0 0 0 0 0
340.612 0 1 0 0 0 0 0 0 0
345.403 1 0 0 0 0 0 0 0 0
347.671 0 1 0 0 0 0 0 0 0
348.011 0 0 0 1 0 0 0 0 0
352.482 0 0 0 0 1 0 0 0 0
353.379 1 0 0 0 0 0 0 0 0
354.193 0 1 0 0 0 0 0 0 0
354.852 0 0 0 1 0 0 0 0 0
356.285 0 0 0 0 1 0 0 0 0
356.903 1 0 0 0 0 0 0 0 0
357.903 0 1 0 0 0 0 0 0 0
358.479 1 0 0 0 0 0 0 0 0
359.459 0 1 0 0 0 0 0 0 0
359.799 1 0 0 0 0 0 0 0 0
360.469 0 1 0 0 0 0 0 0 0
