194.861 0 0 0 0 0 1 0 0 0
195.077 0 0 0 0 0 0 1 0 0
200.344 0 0 0 0 0 1 0 0 0
201.572 0 0 0 0 0 0 1 0 0
202.909 0 0 0 0 0 1 0 0 0
203.992 0 0 0 0 0 0 1 0 0
204.682 0 0 0 0 0 1 0 0 0
206.671 0 0 0 0 0 0 1 0 0
210.062 0 0 0 0 0 1 0 0 0
211.576 0 0 0 0 0 0 1 0 0
213.091 0 0 0 0 0 1 0 0 0
213.865 0 0 0 0 0 0 1 0 0
366.977 1 0 0 0 0 0 0 0 0
367.091 0 1 0 0 0 0 0 0 0
378.046 1 0 0 0 0 0 0 0 0
385.271 0 1 0 0 0 0 0 0 0
385.384 1 0 0 0 0 0 0 0 0
385.477 0 1 0 0 0 0 0 0 0
388.817 1 0 0 0 0 0 0 0 0
393.7 0 1 0 0 0 0 0 0 0
394.277 1 0 0 0 0 0 0 0 0
402.408 0 1 0 0 0 0 0 0 0
403.245 1 0 0 0 0 0 0 0 0
404.501 0 1 0 0 0 0 0 0 0
404.975 1 0 0 0 0 0 0 0 0
405.883 0 1 0 0 0 0 0 0 0
406.458 1 0 0 0 0 0 0 0 0
407.293 0 1 0 0 0 0 0 0 0
407.912 1 0 0 0 0 0 0 0 0
408.819 0 1 0 0 0 0 0 0 0
409.55 1 0 0 0 0 0 0 0 0
410.21 0 1 0 0 0 0 0 0 0
412.219 1 0 0 0 0 0 0 0 0
413.693 0 1 0 0 0 0 0 0 0
414.342 1 0 0 0 0 0 0 0 0
415.219 0 1 0 0 0 0 0 0 0
417.434 1 0 0 0 0 0 0 0 0
417.558 0 1 0 0 0 0 0 0 0
417.661 1 0 1 0 0 0 0 0 0
417.784 0 1 0 0 0 0 0 0 0
427.677 1 0 0 0 0 0 0 0 0
429.099 0 1 0 0 0 0 0 0 0
430.212 1 0 0 0 0 0 0 0 0
430.779 0 1 0 0 0 0 0 0 0
432.706 1 0 0 0 0 0 0 0 0
433.221 0 1 0 0 0 0 0 0 0
433.355 1 0 0 0 0 0 0 0 0
433.53 0 1 0 0 0 0 0 0 0
435.056 1 0 0 0 0 0 0 0 0
437.592 0 1 0 0 0 0 0 0 0
438.653 1 0 0 0 0 0 0 0 0
440.116 0 1 0 0 0 0 0 0 0
440.962 1 0 0 0 0 0 0 0 0
441.765 0 1 0 0 0 0 0 0 0
450.638 0 0 0 1 0 0 0 0 0
450.803 0 0 0 0 1 0 0 0 0
452.462 0 0 0 1 0 0 0 0 0
460.13 0 0 0 0 1 0 0 0 0
461.16 0 0 0 1 0 0 0 0 0
467.725 0 0 0 0 1 0 0 0 0
472.352 0 0 0 1 0 0 0 0 0
476.691 0 0 0 0 1 0 0 0 0
484.678 0 0 0 1 0 0 0 0 0
488.605 0 0 0 0 1 0 0 0 0
490.501 0 0 0 1 0 0 0 0 0
493.355 0 0 0 0 1 0 0 0 0
494.84 1 0 0 0 0 0 0 0 0
494.974 0 1 0 0 0 0 0 0 0
495.087 1 0 1 0 0 0 0 0 0
495.252 0 1 0 0 0 0 0 0 0
497.21 0 0 0 1 0 0 0 0 0
502.506 0 0 0 0 1 0 0 0 0
507.773 1 0 0 0 0 0 0 0 0
508.186 0 1 0 0 0 0 0 0 0
508.299 1 0 0 0 0 0 0 0 0
508.505 0 1 0 0 0 0 0 0 0
509.009 1 0 0 0 0 0 0 0 0
509.762 0 1 0 0 0 0 0 0 0
510.164 1 0 0 0 0 0 0 0 0
510.68 0 1 0 0 0 0 0 0 0
511.515 1 0 0 0 0 0 0 0 0
512.524 0 1 0 0 0 0 0 0 0
513.101 1 0 0 0 0 0 0 0 0
519.099 0 1 0 0 0 0 0 0 0
521.995 0 0 0 1 0 0 0 0 0
523.324 0 0 0 0 1 0 0 0 0
523.716 0 0 0 1 0 0 0 0 0
524.53 0 0 0 0 1 0 0 0 0
525.871 0 0 0 1 0 0 0 0 0
526.169 0 0 0 0 1 0 0 0 0
526.911 1 0 0 0 0 0 0 0 0
527.797 0 1 0 0 0 0 0 0 0
529.631 1 0 0 0 0 0 0 0 0
530.693 0 1 0 0 0 0 0 0 0
531.157 0 0 0 1 0 0 0 0 0
533.64 0 0 0 0 1 0 0 0 0
534.609 0 0 0 1 0 0 0 0 0
535.032 0 0 0 0 1 0 0 0 0
535.228 0 0 0 1 0 0 0 0 0
535.66 0 0 0 0 1 0 0 0 0
538.061 0 0 0 1 0 0 0 0 0
538.329 0 0 0 0 1 0 0 0 0
538.66 0 0 0 1 0 0 0 0 0
538.926 0 0 0 0 1 0 0 0 0
539.453 0 0 0 1 0 0 0 0 0
540.194 0 0 0 0 1 0 0 0 0
540.277 0 0 0 1 0 0 0 0 0
542.265 0 0 0 0 1 0 0 0 0
542.626 0 0 0 1 0 0 0 0 0
543.523 0 0 0 0 1 0 0 0 0
544.523 1 0 0 0 0 0 0 0 0
544.915 0 1 0 0 0 0 0 0 0
545.573 1 0 0 0 0 0 0 0 0
546.511 0 1 0 0 0 0 0 0 0
546.954 1 0 0 0 0 0 0 0 0
548.016 0 1 0 0 0 0 0 0 0
548.439 1 0 0 0 0 0 0 0 0
549.149 0 1 0 0 0 0 0 0 0
549.603 0 0 0 1 0 0 0 0 0
552.334 0 0 0 0 1 0 0 0 0
552.818 0 0 0 1 0 0 0 0 0
554.539 0 0 0 0 1 0 0 0 0
555.559 1 0 0 0 0 0 0 0 0
556.827 0 1 0 0 0 0 0 0 0
558.949 1 0 0 0 0 0 0 0 0
560.145 0 1 0 0 0 0 0 0 0
560.897 1 0 0 0 0 0 0 0 0
561.887 0 1 0 0 0 0 0 0 0
570.224 1 0 0 0 0 0 0 0 0
571.007 0 1 0 0 0 0 0 0 0
572.294 1 0 0 0 0 0 0 0 0
572.614 0 1 0 0 0 0 0 0 0
574.573 1 0 0 0 0 0 0 0 0
574.903 0 1 0 0 0 0 0 0 0
575.068 1 0 1 0 0 0 0 0 0
575.212 0 1 0 0 0 0 0 0 0
578.097 1 0 0 0 0 0 0 0 0
578.675 0 1 0 0 0 0 0 0 0
578.87 1 0 0 0 0 0 0 0 0
580.178 0 1 0 0 0 0 0 0 0
580.972 1 0 0 0 0 0 0 0 0
581.724 0 1 0 0 0 0 0 0 0
582.167 0 0 0 1 0 0 0 0 0
583.208 0 0 0 0 1 0 0 0 0
583.682 1 0 0 0 0 0 0 0 0
584.713 0 1 0 0 0 0 0 0 0
586.619 1 0 0 0 0 0 0 0 0
588.371 0 1 0 0 0 0 0 0 0
591.638 1 0 0 0 0 0 0 0 0
591.958 0 1 0 0 0 0 0 0 0
592.102 1 0 1 0 0 0 0 0 0
592.452 0 1 0 0 0 0 0 0 0
602.211 1 0 0 0 0 0 0 0 0
603.582 0 1 0 0 0 0 0 0 0
605.324 1 0 0 0 0 0 0 0 0
607.343 0 1 0 0 0 0 0 0 0
607.953 1 0 0 0 0 0 0 0 0
609.744 0 1 0 0 0 0 0 0 0
611.693 0 0 0 1 0 0 0 0 0
611.847 0 0 0 0 1 0 0 0 0
612.207 0 0 0 1 0 0 0 0 0
612.351 0 0 0 0 1 0 0 0 0
612.609 0 0 0 1 0 0 0 0 0
613.114 0 0 0 0 1 0 0 0 0
613.99 0 0 0 1 0 0 0 0 0
615.104 0 0 0 0 1 0 0 0 0
615.773 1 0 0 0 0 0 0 0 0
617.113 0 1 0 0 0 0 0 0 0
619.679 1 0 0 0 0 0 0 0 0
620.473 0 1 0 0 0 0 0 0 0
623.42 1 0 0 0 0 0 0 0 0
623.585 0 1 0 0 0 0 0 0 0
624.719 1 0 0 0 0 0 0 0 0
625.368 0 1 0 0 0 0 0 0 0
626.306 1 0 0 0 0 0 0 0 0
626.934 0 1 0 0 0 0 0 0 0
627.739 0 0 0 1 0 0 0 0 0
628.892 0 0 0 0 1 0 0 0 0
629.15 0 0 0 1 0 0 0 0 0
629.748 0 0 0 0 1 0 0 0 0
629.996 0 0 0 1 0 0 0 0 0
630.448 0 0 0 0 1 0 0 0 0
637.498 1 0 0 0 0 0 0 0 0
638.694 0 1 0 0 0 0 0 0 0
638.776 1 0 0 0 0 0 0 0 0
638.93 0 1 0 0 0 0 0 0 0
639.208 0 0 0 1 0 0 0 0 0
639.96 0 0 0 0 1 0 0 0 0
640.445 1 0 0 0 0 0 0 0 0
641.269 0 1 0 0 0 0 0 0 0
641.57 0 0 0 1 0 0 0 0 0
645.299 0 0 0 0 1 0 0 0 0
646.576 1 0 0 0 0 0 0 0 0
647.525 0 1 0 0 0 0 0 0 0
647.803 1 0 0 0 0 0 0 0 0
648.711 0 1 0 0 0 0 0 0 0
649.73 1 0 0 0 0 0 0 0 0
650.225 0 1 0 0 0 0 0 0 0
650.761 1 0 0 0 0 0 0 0 0
651.225 0 1 0 0 0 0 0 0 0
652.399 0 0 0 1 0 0 0 0 0
653.471 0 0 0 0 1 0 0 0 0
654.749 1 0 0 0 0 0 0 0 0
655.645 0 1 0 0 0 0 0 0 0
656.48 1 0 0 0 0 0 0 0 0
658.129 0 1 0 0 0 0 0 0 0
658.48 1 0 0 0 0 0 0 0 0
659.335 0 1 0 0 0 0 0 0 0
659.531 1 0 0 0 0 0 0 0 0
659.603 0 1 0 0 0 0 0 0 0
660.283 0 0 0 1 0 0 0 0 0
664.106 0 0 0 0 1 0 0 0 0
665.178 1 0 0 0 0 0 0 0 0
665.868 0 1 0 0 0 0 0 0 0
667.93 1 0 0 0 0 0 0 0 0
668.229 0 1 0 0 0 0 0 0 0
668.548 1 0 0 0 0 0 0 0 0
668.693 0 1 0 0 0 0 0 0 0
669.021 1 0 1 0 0 0 0 0 0
669.166 0 1 0 0 0 0 0 0 0
669.578 1 0 0 0 0 0 0 0 0
669.712 0 1 0 0 0 0 0 0 0
671.66 1 0 0 0 0 0 0 0 0
672.401 0 1 0 0 0 0 0 0 0
673.67 1 0 0 0 0 0 0 0 0
678.173 0 1 0 0 0 0 0 0 0
678.822 1 0 0 0 0 0 0 0 0
679.842 0 1 0 0 0 0 0 0 0
680.533 1 0 0 0 0 0 0 0 0
681.203 0 1 0 0 0 0 0 0 0
681.625 0 0 0 1 0 0 0 0 0
682.624 0 0 0 0 1 0 0 0 0
738.789 1 0 0 0 0 0 0 0 0
740.416 0 1 0 0 0 0 0 0 0
741.55 1 0 0 0 0 0 0 0 0
742.807 0 1 0 0 0 0 0 0 0
743.612 1 0 0 0 0 0 0 0 0
744.559 0 1 0 0 0 0 0 0 0
745.003 1 0 0 0 0 0 0 0 0
746.104 0 1 0 0 0 0 0 0 0
747.579 0 0 0 1 0 0 0 0 0
750.402 0 0 0 0 1 0 0 0 0
751.371 0 0 0 1 0 0 0 0 0
751.835 0 0 0 0 1 0 0 0 0
754.596 1 0 0 0 0 0 0 0 0
757.606 0 1 0 0 0 0 0 0 0
758.75 1 0 0 0 0 0 0 0 0
759.172 0 1 0 0 0 0 0 0 0
759.388 1 0 0 0 0 0 0 0 0
759.543 0 1 0 0 0 0 0 0 0
770.93 1 0 0 0 0 0 0 0 0
771.93 0 1 0 0 0 0 0 0 0
772.775 1 0 0 0 0 0 0 0 0
773.847 0 1 0 0 0 0 0 0 0
774.403 1 0 0 0 0 0 0 0 0
775.094 0 1 0 0 0 0 0 0 0
775.784 1 0 0 0 0 0 0 0 0
776.588 0 1 0 0 0 0 0 0 0
777.186 1 0 0 0 0 0 0 0 0
777.32 0 1 0 0 0 0 0 0 0
777.392 1 0 1 0 0 0 0 0 0
777.536 0 1 0 0 0 0 0 0 0
779.009 1 0 0 0 0 0 0 0 0
779.494 0 1 0 0 0 0 0 0 0
782.998 1 0 0 0 0 0 0 0 0
785.986 0 1 0 0 0 0 0 0 0
786.501 1 0 0 0 0 0 0 0 0
787.409 0 1 0 0 0 0 0 0 0
787.759 1 0 0 0 0 0 0 0 0
789.294 0 1 0 0 0 0 0 0 0
789.778 1 0 0 0 0 0 0 0 0
790.325 0 1 0 0 0 0 0 0 0
790.83 0 0 0 1 0 0 0 0 0
794.911 0 0 0 0 1 0 0 0 0
795.808 0 0 0 1 0 0 0 0 0
798.095 0 0 0 0 1 0 0 0 0
800.218 0 0 0 1 0 0 0 0 0
800.661 0 0 0 0 1 0 0 0 0
800.981 0 0 0 1 0 0 0 0 0
801.96 0 0 0 0 1 0 0 0 0
802.218 0 0 0 1 0 0 0 0 0
805.896 0 0 0 0 1 0 0 0 0
806.648 0 0 0 1 0 0 0 0 0
809.307 0 0 0 0 1 0 0 0 0
809.668 0 0 0 1 0 0 0 0 0
810.874 0 0 0 0 1 0 0 0 0
811.121 0 0 0 1 0 0 0 0 0
812.018 0 0 0 0 1 0 0 0 0
812.42 0 0 0 1 0 0 0 0 0
815.769 0 0 0 0 1 0 0 0 0
816.17 0 0 0 1 0 0 0 0 0
817.036 0 0 0 0 1 0 0 0 0
818.211 1 0 0 0 0 0 0 0 0
819.015 0 1 0 0 0 0 0 0 0
819.684 1 0 0 0 0 0 0 0 0
820.344 0 1 0 0 0 0 0 0 0
820.726 1 0 0 0 0 0 0 0 0
821.334 0 1 0 0 0 0 0 0 0
821.839 1 0 0 0 0 0 0 0 0
822.683 0 1 0 0 0 0 0 0 0
824.745 1 0 0 0 0 0 0 0 0
825.558 0 1 0 0 0 0 0 0 0
827.496 1 0 0 0 0 0 0 0 0
828.156 0 1 0 0 0 0 0 0 0
829.144 1 0 0 0 0 0 0 0 0
830.165 0 1 0 0 0 0 0 0 0
830.804 1 0 0 0 0 0 0 0 0
831.732 0 1 0 0 0 0 0 0 0
833.02 1 0 0 0 0 0 0 0 0
834.916 0 1 0 0 0 0 0 0 0
835.556 1 0 0 0 0 0 0 0 0
836.668 0 1 0 0 0 0 0 0 0
837.74 1 0 0 0 0 0 0 0 0
839.193 0 1 0 0 0 0 0 0 0
839.522 0 0 0 1 0 0 0 0 0
849.014 0 0 0 0 1 0 0 0 0
849.447 0 0 0 1 0 0 0 0 0
850.034 0 0 0 0 1 0 0 0 0
853.487 0 0 0 1 0 0 0 0 0
855.167 0 0 0 0 1 0 0 0 0
856.424 0 0 0 1 0 0 0 0 0
856.733 0 0 0 0 1 0 0 0 0
857.569 0 0 0 1 0 0 0 0 0
858.63 0 0 0 0 1 0 0 0 0
859.186 1 0 0 0 0 0 0 0 0
859.784 0 1 0 0 0 0 0 0 0
860.598 1 0 0 0 0 0 0 0 0
861.599 0 1 0 0 0 0 0 0 0
861.753 1 0 0 0 0 0 0 0 0
861.866 0 1 0 0 0 0 0 0 0
862.772 1 0 0 0 0 0 0 0 0
863.237 0 1 0 0 0 0 0 0 0
873.47 1 0 0 0 0 0 0 0 0
874.253 0 1 0 0 0 0 0 0 0
874.408 1 0 0 0 0 0 0 0 0
875.726 0 1 0 0 0 0 0 0 0
876.48 1 0 0 0 0 0 0 0 0
877.159 0 1 0 0 0 0 0 0 0
877.695 1 0 0 0 0 0 0 0 0
878.118 0 1 0 0 0 0 0 0 0
878.623 1 0 0 0 0 0 0 0 0
879.137 0 1 0 0 0 0 0 0 0
879.797 1 0 0 0 0 0 0 0 0
880.416 0 1 0 0 0 0 0 0 0
881.107 1 0 0 0 0 0 0 0 0
881.653 0 1 0 0 0 0 0 0 0
882.22 1 0 0 0 0 0 0 0 0
882.755 0 1 0 0 0 0 0 0 0
883.755 1 0 0 0 0 0 0 0 0
884.188 0 1 0 0 0 0 0 0 0
1058.58 1 0 0 0 0 0 0 0 0
1058.75 0 1 0 0 0 0 0 0 0
1093.99 0 0 0 0 0 1 0 0 0
1094.91 0 0 0 0 0 0 1 0 0
1098.13 0 0 0 0 0 1 0 0 0
1100.13 0 0 0 0 0 0 1 0 0
1107.03 0 0 0 0 0 1 0 0 0
1109.86 0 0 0 0 0 0 1 0 0
1128.38 1 0 0 0 0 0 0 0 0
1130.34 0 1 0 0 0 0 0 0 0
1141.43 0 0 0 1 0 0 0 0 0
1144.65 0 0 0 0 1 0 0 0 0
1145.53 0 0 0 1 0 0 0 0 0
1146.99 0 0 0 0 1 0 0 0 0
1151.12 0 0 0 1 0 0 0 0 0
1151.21 0 0 0 0 1 0 0 0 0
1151.97 0 0 0 1 0 0 0 0 0
1152.18 0 0 0 0 1 0 0 0 0
1153.65 1 0 0 0 0 0 0 0 0
1154.32 0 1 0 0 0 0 0 0 0
1155.91 1 0 0 0 0 0 0 0 0
1156.23 0 1 0 0 0 0 0 0 0
1156.67 1 0 0 0 0 0 0 0 0
1157.07 0 1 0 0 0 0 0 0 0
1166.74 1 0 0 0 0 0 0 0 0
1167.54 0 1 0 0 0 0 0 0 0
1168.07 1 0 0 0 0 0 0 0 0
1168.67 0 1 0 0 0 0 0 0 0
1169.98 0 0 0 1 0 0 0 0 0
1170.09 0 0 0 0 1 0 0 0 0
1170.26 0 0 0 1 0 0 0 0 0
1171.38 0 0 0 0 1 0 0 0 0
1173.36 0 0 0 1 0 0 0 0 0
1174.04 0 0 0 0 1 0 0 0 0
1179.05 0 0 0 1 0 0 0 0 0
1179.9 0 0 0 0 1 0 0 0 0
1182.63 0 0 0 1 0 0 0 0 0
1182.99 0 0 0 0 1 0 0 0 0
1184.83 0 0 0 1 0 0 0 0 0
1185.53 0 0 0 0 1 0 0 0 0
1186.65 0 0 0 1 0 0 0 0 0
1187.45 0 0 0 0 1 0 0 0 0
1189.86 0 0 0 1 0 0 0 0 0
1190.41 0 0 0 0 1 0 0 0 0
1191.05 0 0 0 1 0 0 0 0 0
1191.45 0 0 0 0 1 0 0 0 0
1194.55 1 0 0 0 0 0 0 0 0
1194.63 0 1 0 0 0 0 0 0 0
1194.75 1 0 1 0 0 0 0 0 0
1194.88 0 1 0 0 0 0 0 0 0
1258.38 1 0 0 0 0 0 0 0 0
1261.62 0 1 0 0 0 0 0 0 0
1263.03 1 0 0 0 0 0 0 0 0
1265.74 0 1 0 0 0 0 0 0 0
1266.19 1 0 0 0 0 0 0 0 0
1267.28 0 1 0 0 0 0 0 0 0
1267.53 0 0 0 1 0 0 0 0 0
1269.05 0 0 0 0 1 0 0 0 0
1269.67 1 0 0 0 0 0 0 0 0
1270.39 0 1 0 0 0 0 0 0 0
1270.9 1 0 0 0 0 0 0 0 0
1271.56 0 1 0 0 0 0 0 0 0
1271.92 1 0 0 0 0 0 0 0 0
1273.96 0 1 0 0 0 0 0 0 0
1274.58 1 0 0 0 0 0 0 0 0
1275.12 0 1 0 0 0 0 0 0 0
1275.33 0 0 0 1 0 0 0 0 0
1283.87 0 0 0 0 1 0 0 0 0
1284.37 0 0 0 1 0 0 0 0 0
1285.08 0 0 0 0 1 0 0 0 0
1286.02 1 0 0 0 0 0 0 0 0
1289 0 1 0 0 0 0 0 0 0
1289.34 0 0 0 1 0 0 0 0 0
1290.88 0 0 0 0 1 0 0 0 0
1291.34 1 0 0 0 0 0 0 0 0
1291.97 0 1 0 0 0 0 0 0 0
1292.13 0 0 0 1 0 0 0 0 0
1297.09 0 0 0 0 1 0 0 0 0
1297.84 1 0 0 0 0 0 0 0 0
1298.92 0 1 0 0 0 0 0 0 0
1299.83 1 0 0 0 0 0 0 0 0
1300.7 0 1 0 0 0 0 0 0 0
1303.02 1 0 0 0 0 0 0 0 0
1303.89 0 1 0 0 0 0 0 0 0
1304.31 1 0 0 0 0 0 0 0 0
1305.25 0 1 0 0 0 0 0 0 0
1305.47 0 0 0 1 0 0 0 0 0
1310.98 0 0 0 0 1 0 0 0 0
1311.69 1 0 0 0 0 0 0 0 0
1312.21 0 1 0 0 0 0 0 0 0
1312.46 0 0 0 1 0 0 0 0 0
1313.41 0 0 0 0 1 0 0 0 0
1313.72 1 0 0 0 0 0 0 0 0
1315.69 0 1 0 0 0 0 0 0 0
1316.16 1 0 0 0 0 0 0 0 0
1317.17 0 1 0 0 0 0 0 0 0
1317.56 0 0 0 1 0 0 0 0 0
1323.48 0 0 0 0 1 0 0 0 0
1323.89 1 0 0 0 0 0 0 0 0
1324.7 0 1 0 0 0 0 0 0 0
1325.16 0 0 0 1 0 0 0 0 0
1329.49 0 0 0 0 1 0 0 0 0
1329.88 0 0 0 1 0 0 0 0 0
1337.32 0 0 0 0 1 0 0 0 0
1337.67 1 0 0 0 0 0 0 0 0
1338.46 0 1 0 0 0 0 0 0 0
1339.29 1 0 0 0 0 0 0 0 0
1340.48 0 1 0 0 0 0 0 0 0
1340.85 0 0 0 1 0 0 0 0 0
1342.93 0 0 0 0 1 0 0 0 0
1343.44 1 0 0 0 0 0 0 0 0
1344.15 0 1 0 0 0 0 0 0 0
1344.83 1 0 0 0 0 0 0 0 0
1345.42 0 1 0 0 0 0 0 0 0
1345.91 1 0 0 0 0 0 0 0 0
1345.99 0 1 0 0 0 0 0 0 0
1346.11 1 0 1 0 0 0 0 0 0
1347.29 0 1 0 0 0 0 0 0 0
1347.75 0 0 0 1 0 0 0 0 0
1352.47 0 0 0 0 1 0 0 0 0
1352.57 0 0 0 1 0 0 0 0 0
1354.08 0 0 0 0 1 0 0 0 0
