3.02877 0 0 0 0 0 1 0 0 0
3.18375 0 0 0 0 0 0 1 0 0
35.7468 0 0 0 1 0 0 0 0 0
37.6432 0 0 0 0 1 0 0 0 0
38.0875 0 0 0 1 0 0 0 0 0
38.8689 0 0 0 0 1 0 0 0 0
39.6736 0 0 0 1 0 0 0 0 0
40.2605 0 0 0 0 1 0 0 0 0
40.8794 1 0 0 0 0 0 0 0 0
41.837 0 1 0 0 0 0 0 0 0
42.2078 1 0 0 0 0 0 0 0 0
42.7027 0 1 0 0 0 0 0 0 0
45.042 1 0 0 0 0 0 0 0 0
45.8358 0 1 0 0 0 0 0 0 0
46.3916 1 0 0 0 0 0 0 0 0
47.3093 0 1 0 0 0 0 0 0 0
47.6192 0 0 0 1 0 0 0 0 0
48.412 0 0 0 0 1 0 0 0 0
51.0602 0 0 0 1 0 0 0 0 0
52.1729 0 0 0 0 1 0 0 0 0
53.3069 1 0 0 0 0 0 0 0 0
54.0803 0 1 0 0 0 0 0 0 0
54.5231 0 0 0 1 0 0 0 0 0
54.6361 0 0 0 0 1 0 0 0 0
55.2859 1 0 0 0 0 0 0 0 0
55.4199 0 1 0 0 0 0 0 0 0
55.4919 1 0 1 0 0 0 0 0 0
55.6258 0 1 0 0 0 0 0 0 0
59.6546 1 0 0 0 0 0 0 0 0
61.1182 0 1 0 0 0 0 0 0 0
61.634 1 0 0 0 0 0 0 0 0
62.5098 0 1 0 0 0 0 0 0 0
62.9626 1 0 0 0 0 0 0 0 0
64.1892 0 1 0 0 0 0 0 0 0
64.838 1 0 0 0 0 0 0 0 0
67.6412 0 1 0 0 0 0 0 0 0
68.0541 1 0 0 0 0 0 0 0 0
69.2387 0 1 0 0 0 0 0 0 0
69.5686 1 0 0 0 0 0 0 0 0
70.6313 0 1 0 0 0 0 0 0 0
72.2998 1 0 0 0 0 0 0 0 0
73.3505 0 1 0 0 0 0 0 0 0
74.845 1 0 0 0 0 0 0 0 0
75.7312 0 1 0 0 0 0 0 0 0
77.1843 1 0 0 0 0 0 0 0 0
77.8441 0 1 0 0 0 0 0 0 0
78.111 0 0 0 1 0 0 0 0 0
79.2758 0 0 0 0 1 0 0 0 0
80.4523 1 0 0 0 0 0 0 0 0
80.7912 0 1 0 0 0 0 0 0 0
83.0585 1 0 0 0 0 0 0 0 0
84.3671 0 1 0 0 0 0 0 0 0
84.996 1 0 0 0 0 0 0 0 0
85.6248 0 1 0 0 0 0 0 0 0
94.0643 0 0 0 1 0 0 0 0 0
95.7857 0 0 0 0 1 0 0 0 0
96.1366 1 0 0 0 0 0 0 0 0
97.2902 0 1 0 0 0 0 0 0 0
100.598 1 0 0 0 0 0 0 0 0
101.402 0 1 0 0 0 0 0 0 0
102.01 0 0 0 1 0 0 0 0 0
103.555 0 0 0 0 1 0 0 0 0
104.091 0 0 0 1 0 0 0 0 0
106.204 0 0 0 0 1 0 0 0 0
106.533 1 0 0 0 0 0 0 0 0
106.595 0 1 0 0 0 0 0 0 0
106.708 1 0 1 0 0 0 0 0 0
106.852 0 1 0 0 0 0 0 0 0
108.626 1 0 0 0 0 0 0 0 0
109.759 0 1 0 0 0 0 0 0 0
110.202 1 0 0 0 0 0 0 0 0
111.635 0 1 0 0 0 0 0 0 0
112.13 1 0 0 0 0 0 0 0 0
112.862 0 1 0 0 0 0 0 0 0
116.355 1 0 0 0 0 0 0 0 0
116.983 0 1 0 0 0 0 0 0 0
118.86 1 0 0 0 0 0 0 0 0
119.271 0 1 0 0 0 0 0 0 0
120.116 1 0 0 0 0 0 0 0 0
120.219 0 1 0 0 0 0 0 0 0
121.126 1 0 0 0 0 0 0 0 0
121.446 0 1 0 0 0 0 0 0 0
123.176 0 0 0 0 0 1 0 0 0
123.352 0 0 0 0 0 0 1 0 0
130.782 0 0 0 0 0 1 0 0 0
131.761 0 0 0 0 0 0 1 0 0
132.163 0 0 0 0 0 1 0 0 0
132.328 0 0 0 0 0 0 1 0 0
133.595 0 0 0 0 0 1 0 0 0
134.256 0 0 0 0 0 0 1 0 0
134.327 0 0 0 0 0 1 0 0 0
135.976 0 0 0 0 0 0 1 0 0
137.078 0 0 0 0 0 1 0 0 0
137.284 0 0 0 0 0 0 1 0 0
148.394 0 0 0 0 0 1 0 0 0
148.559 0 0 0 0 0 0 1 0 0
180.856 1 0 0 0 0 0 0 0 0
181.711 0 1 0 0 0 0 0 0 0
182.556 1 0 0 0 0 0 0 0 0
182.751 0 1 0 0 0 0 0 0 0
184.463 0 0 0 1 0 0 0 0 0
186.451 0 0 0 0 1 0 0 0 0
186.781 0 0 0 1 0 0 0 0 0
189.853 0 0 0 0 1 0 0 0 0
190.12 0 0 0 1 0 0 0 0 0
192.696 0 0 0 0 1 0 0 0 0
193.212 1 0 0 0 0 0 0 0 0
194.201 0 1 0 0 0 0 0 0 0
194.686 1 0 0 0 0 0 0 0 0
195.932 0 1 0 0 0 0 0 0 0
196.303 1 0 0 0 0 0 0 0 0
197.417 0 1 0 0 0 0 0 0 0
197.458 1 0 0 0 0 0 0 0 0
197.509 0 1 0 0 0 0 0 0 0
198.046 1 0 0 0 0 0 0 0 0
199.137 0 1 0 0 0 0 0 0 0
199.57 1 0 0 0 0 0 0 0 0
200.179 0 1 0 0 0 0 0 0 0
200.726 1 0 0 0 0 0 0 0 0
201.849 0 1 0 0 0 0 0 0 0
202.734 1 0 0 0 0 0 0 0 0
203.188 0 1 0 0 0 0 0 0 0
208.001 1 0 0 0 0 0 0 0 0
209.763 0 1 0 0 0 0 0 0 0
210.556 1 0 0 0 0 0 0 0 0
211.164 0 1 0 0 0 0 0 0 0
211.494 0 0 0 1 0 0 0 0 0
212.875 0 0 0 0 1 0 0 0 0
213.379 0 0 0 1 0 0 0 0 0
214.452 0 0 0 0 1 0 0 0 0
214.71 0 0 0 1 0 0 0 0 0
215.853 0 0 0 0 1 0 0 0 0
216.584 1 0 0 0 0 0 0 0 0
216.657 0 1 0 0 0 0 0 0 0
217.204 1 0 0 0 0 0 0 0 0
217.296 0 1 0 0 0 0 0 0 0
217.389 1 0 1 0 0 0 0 0 0
217.471 0 1 0 0 0 0 0 0 0
222.16 0 0 0 1 0 0 0 0 0
222.582 0 0 0 0 1 0 0 0 0
222.933 1 0 0 0 0 0 0 0 0
223.944 0 1 0 0 0 0 0 0 0
224.427 1 0 0 0 0 0 0 0 0
226.684 0 1 0 0 0 0 0 0 0
227.045 1 0 0 0 0 0 0 0 0
227.942 0 1 0 0 0 0 0 0 0
228.581 1 0 0 0 0 0 0 0 0
229.312 0 1 0 0 0 0 0 0 0
234.918 1 0 0 0 0 0 0 0 0
237.453 0 1 0 0 0 0 0 0 0
237.763 0 0 0 1 0 0 0 0 0
239.009 0 0 0 0 1 0 0 0 0
239.287 0 0 0 1 0 0 0 0 0
239.38 0 0 0 0 1 0 0 0 0
239.493 0 0 0 1 0 0 0 0 0
239.597 0 0 0 0 1 0 0 0 0
240.226 0 0 0 1 0 0 0 0 0
241.071 0 0 0 0 1 0 0 0 0
245.069 0 0 0 0 0 1 0 0 0
246.099 0 0 0 0 0 0 1 0 0
246.769 0 0 0 0 0 1 0 0 0
248.048 0 0 0 0 0 0 1 0 0
248.366 0 0 0 0 0 1 0 0 0
248.583 0 0 0 0 0 0 1 0 0
278.912 1 0 0 0 0 0 0 0 0
282.416 0 1 0 0 0 0 0 0 0
284.24 1 0 0 0 0 0 0 0 0
285.621 0 1 0 0 0 0 0 0 0
286.487 0 0 0 1 0 0 0 0 0
287.877 0 0 0 0 1 0 0 0 0
289.279 0 0 0 1 0 0 0 0 0
290.362 0 0 0 0 1 0 0 0 0
290.949 0 0 0 1 0 0 0 0 0
291.701 0 0 0 0 1 0 0 0 0
292.113 0 0 0 1 0 0 0 0 0
293.092 0 0 0 0 1 0 0 0 0
293.402 1 0 0 0 0 0 0 0 0
294.71 0 1 0 0 0 0 0 0 0
295.534 1 0 0 0 0 0 0 0 0
296.411 0 1 0 0 0 0 0 0 0
297.658 1 0 0 0 0 0 0 0 0
298.523 0 1 0 0 0 0 0 0 0
299.1 1 0 0 0 0 0 0 0 0
299.646 0 1 0 0 0 0 0 0 0
300.059 1 0 0 0 0 0 0 0 0
300.615 0 1 0 0 0 0 0 0 0
300.873 0 0 0 1 0 0 0 0 0
301.212 0 0 0 0 1 0 0 0 0
301.841 0 0 0 1 0 0 0 0 0
303.418 0 0 0 0 1 0 0 0 0
303.965 1 0 0 0 0 0 0 0 0
305.747 0 1 0 0 0 0 0 0 0
306.241 1 0 0 0 0 0 0 0 0
307.149 0 1 0 0 0 0 0 0 0
307.396 0 0 0 1 0 0 0 0 0
309.591 0 0 0 0 1 0 0 0 0
309.983 1 0 0 0 0 0 0 0 0
310.889 0 1 0 0 0 0 0 0 0
312.208 1 0 0 0 0 0 0 0 0
313.198 0 1 0 0 0 0 0 0 0
313.641 1 0 0 0 0 0 0 0 0
314.157 0 1 0 0 0 0 0 0 0
315.032 1 0 0 0 0 0 0 0 0
315.692 0 1 0 0 0 0 0 0 0
316.073 1 0 0 0 0 0 0 0 0
316.794 0 1 0 0 0 0 0 0 0
317.3 1 0 0 0 0 0 0 0 0
318.113 0 1 0 0 0 0 0 0 0
318.639 1 0 0 0 0 0 0 0 0
320.082 0 1 0 0 0 0 0 0 0
320.701 1 0 0 0 0 0 0 0 0
321.144 0 1 0 0 0 0 0 0 0
322.06 0 0 0 1 0 0 0 0 0
325.131 0 0 0 0 1 0 0 0 0
325.44 0 0 0 1 0 0 0 0 0
326.595 0 0 0 0 1 0 0 0 0
326.811 1 0 0 0 0 0 0 0 0
328.078 0 1 0 0 0 0 0 0 0
328.913 1 0 0 0 0 0 0 0 0
329.48 0 1 0 0 0 0 0 0 0
330.501 1 0 0 0 0 0 0 0 0
331.417 0 1 0 0 0 0 0 0 0
331.922 1 0 0 0 0 0 0 0 0
332.345 0 1 0 0 0 0 0 0 0
337.909 1 0 0 0 0 0 0 0 0
338.847 0 1 0 0 0 0 0 0 0
339.218 1 0 0 0 0 0 0 0 0
340.064 0 1 0 0 0 0 0 0 0
340.62 1 0 0 0 0 0 0 0 0
341.269 0 1 0 0 0 0 0 0 0
341.805 1 0 0 0 0 0 0 0 0
342.423 0 1 0 0 0 0 0 0 0
342.94 1 0 0 0 0 0 0 0 0
343.423 0 1 0 0 0 0 0 0 0
344.063 1 0 0 0 0 0 0 0 0
345.134 0 1 0 0 0 0 0 0 0
346.35 1 0 0 0 0 0 0 0 0
347.309 0 1 0 0 0 0 0 0 0
347.586 1 0 0 0 0 0 0 0 0
348.06 0 1 0 0 0 0 0 0 0
358.283 1 0 0 0 0 0 0 0 0
358.882 0 1 0 0 0 0 0 0 0
359.376 1 0 0 0 0 0 0 0 0
360.396 0 1 0 0 0 0 0 0 0
361.457 1 0 0 0 0 0 0 0 0
362.417 0 1 0 0 0 0 0 0 0
363.632 1 0 0 0 0 0 0 0 0
364.332 0 1 0 0 0 0 0 0 0
