2.59591 0 0 0 0 0 1 0 0 0
2.74985 0 0 0 0 0 0 1 0 0
30.3265 1 0 0 0 0 0 0 0 0
30.7283 0 1 0 0 0 0 0 0 0
31.2342 1 0 0 0 0 0 0 0 0
31.718 0 1 0 0 0 0 0 0 0
31.9029 0 0 0 1 0 0 0 0 0
34.7581 0 0 0 0 1 0 0 0 0
36.7365 0 0 0 1 0 0 0 0 0
37.5402 0 0 0 0 1 0 0 0 0
38.478 0 0 0 1 0 0 0 0 0
38.6529 0 0 0 0 1 0 0 0 0
38.9418 1 0 0 0 0 0 0 0 0
39.5286 0 1 0 0 0 0 0 0 0
39.7556 0 0 0 1 0 0 0 0 0
40.1165 0 0 0 0 1 0 0 0 0
41.0542 0 0 0 1 0 0 0 0 0
42.0849 0 0 0 0 1 0 0 0 0
42.5067 0 0 0 1 0 0 0 0 0
44.836 0 0 0 0 1 0 0 0 0
45.2279 0 0 0 1 0 0 0 0 0
45.8457 0 0 0 0 1 0 0 0 0
48.5049 1 0 0 0 0 0 0 0 0
49.2777 0 1 0 0 0 0 0 0 0
49.5876 1 0 0 0 0 0 0 0 0
50.4833 0 1 0 0 0 0 0 0 0
50.9482 1 0 0 0 0 0 0 0 0
51.8339 0 1 0 0 0 0 0 0 0
52.1949 1 0 0 0 0 0 0 0 0
54.3482 0 1 0 0 0 0 0 0 0
54.7501 1 0 0 0 0 0 0 0 0
56.7804 0 1 0 0 0 0 0 0 0
57.2753 1 0 0 0 0 0 0 0 0
60.1294 0 1 0 0 0 0 0 0 0
60.6363 1 0 0 0 0 0 0 0 0
61.696 0 1 0 0 0 0 0 0 0
62.3558 1 0 0 0 0 0 0 0 0
62.9226 0 1 0 0 0 0 0 0 0
63.8293 0 0 0 1 0 0 0 0 0
65.015 0 0 0 0 1 0 0 0 0
65.4478 0 0 0 1 0 0 0 0 0
65.9217 0 0 0 0 1 0 0 0 0
66.4675 1 0 0 0 0 0 0 0 0
67.4572 0 1 0 0 0 0 0 0 0
67.9721 1 0 0 0 0 0 0 0 0
68.6728 0 1 0 0 0 0 0 0 0
68.8688 1 0 0 0 0 0 0 0 0
69.3117 0 1 0 0 0 0 0 0 0
69.7955 1 0 0 0 0 0 0 0 0
70.4663 0 1 0 0 0 0 0 0 0
70.8992 0 0 0 1 0 0 0 0 0
74.4961 0 0 0 0 1 0 0 0 0
74.877 1 0 0 0 0 0 0 0 0
75.6088 0 1 0 0 0 0 0 0 0
76.0616 0 0 0 1 0 0 0 0 0
76.7935 0 0 0 0 1 0 0 0 0
80.5863 0 0 0 1 0 0 0 0 0
81.1011 0 0 0 0 1 0 0 0 0
82.3478 0 0 0 0 0 1 0 0 0
82.5037 0 0 0 0 0 0 1 0 0
101.228 0 0 0 1 0 0 0 0 0
103.278 0 0 0 0 1 0 0 0 0
104.969 0 0 0 1 0 0 0 0 0
106.082 0 0 0 0 1 0 0 0 0
106.371 1 0 0 0 0 0 0 0 0
107.081 0 1 0 0 0 0 0 0 0
107.38 1 0 0 0 0 0 0 0 0
108.061 0 1 0 0 0 0 0 0 0
108.803 1 0 0 0 0 0 0 0 0
109.38 0 1 0 0 0 0 0 0 0
109.853 1 0 0 0 0 0 0 0 0
110.647 0 1 0 0 0 0 0 0 0
111.657 0 0 0 1 0 0 0 0 0
113.316 0 0 0 0 1 0 0 0 0
113.708 0 0 0 1 0 0 0 0 0
114.491 0 0 0 0 1 0 0 0 0
114.841 1 0 0 0 0 0 0 0 0
116.037 0 1 0 0 0 0 0 0 0
116.377 1 0 0 0 0 0 0 0 0
117.15 0 1 0 0 0 0 0 0 0
118.314 1 0 0 0 0 0 0 0 0
118.985 0 1 0 0 0 0 0 0 0
119.674 1 0 0 0 0 0 0 0 0
120.231 0 1 0 0 0 0 0 0 0
122.581 1 0 0 0 0 0 0 0 0
123.652 0 1 0 0 0 0 0 0 0
124.034 1 0 0 0 0 0 0 0 0
124.859 0 1 0 0 0 0 0 0 0
125.219 1 0 0 0 0 0 0 0 0
125.642 0 1 0 0 0 0 0 0 0
125.9 1 0 0 0 0 0 0 0 0
126.703 0 1 0 0 0 0 0 0 0
127.167 1 0 0 0 0 0 0 0 0
128.589 0 1 0 0 0 0 0 0 0
129.115 1 0 0 0 0 0 0 0 0
130.412 0 1 0 0 0 0 0 0 0
130.784 1 0 0 0 0 0 0 0 0
131.567 0 1 0 0 0 0 0 0 0
132.206 0 0 0 1 0 0 0 0 0
132.742 0 0 0 0 1 0 0 0 0
133.164 0 0 0 1 0 0 0 0 0
133.731 0 0 0 0 1 0 0 0 0
134.102 0 0 0 1 0 0 0 0 0
135.474 0 0 0 0 1 0 0 0 0
138.544 0 0 0 1 0 0 0 0 0
139.543 0 0 0 0 1 0 0 0 0
139.811 0 0 0 1 0 0 0 0 0
140.605 0 0 0 0 1 0 0 0 0
140.966 1 0 0 0 0 0 0 0 0
142.429 0 1 0 0 0 0 0 0 0
142.904 1 0 0 0 0 0 0 0 0
143.614 0 1 0 0 0 0 0 0 0
144.067 1 0 0 0 0 0 0 0 0
144.635 0 1 0 0 0 0 0 0 0
145.635 1 0 0 0 0 0 0 0 0
146.026 0 1 0 0 0 0 0 0 0
146.52 0 0 0 1 0 0 0 0 0
147.004 0 0 0 0 1 0 0 0 0
147.19 0 0 0 1 0 0 0 0 0
148.19 0 0 0 0 1 0 0 0 0
148.685 1 0 0 0 0 0 0 0 0
149.035 0 1 0 0 0 0 0 0 0
149.55 1 0 0 0 0 0 0 0 0
150.838 0 1 0 0 0 0 0 0 0
151.199 1 0 0 0 0 0 0 0 0
151.766 0 1 0 0 0 0 0 0 0
152.003 1 0 0 0 0 0 0 0 0
152.415 0 1 0 0 0 0 0 0 0
153.157 1 0 0 0 0 0 0 0 0
153.651 0 1 0 0 0 0 0 0 0
154.311 1 0 0 0 0 0 0 0 0
154.692 0 1 0 0 0 0 0 0 0
155.012 1 0 0 0 0 0 0 0 0
155.527 0 1 0 0 0 0 0 0 0
156.485 1 0 0 0 0 0 0 0 0
157.001 0 1 0 0 0 0 0 0 0
157.949 1 0 0 0 0 0 0 0 0
158.506 0 1 0 0 0 0 0 0 0
158.908 1 0 0 0 0 0 0 0 0
159.36 0 1 0 0 0 0 0 0 0
159.845 1 0 0 0 0 0 0 0 0
160.298 0 1 0 0 0 0 0 0 0
160.638 1 0 0 0 0 0 0 0 0
161.453 0 1 0 0 0 0 0 0 0
161.824 1 0 0 0 0 0 0 0 0
162.298 0 1 0 0 0 0 0 0 0
162.761 0 0 0 1 0 0 0 0 0
164.235 0 0 0 0 1 0 0 0 0
165.905 0 0 0 1 0 0 0 0 0
166.285 0 0 0 0 1 0 0 0 0
166.677 1 0 0 0 0 0 0 0 0
167.265 0 1 0 0 0 0 0 0 0
167.625 1 0 0 0 0 0 0 0 0
168.079 0 1 0 0 0 0 0 0 0
169.439 0 0 0 1 0 0 0 0 0
171.355 0 0 0 0 1 0 0 0 0
172.665 1 0 0 0 0 0 0 0 0
173.375 0 1 0 0 0 0 0 0 0
173.818 1 0 0 0 0 0 0 0 0
174.242 0 1 0 0 0 0 0 0 0
174.602 0 0 0 1 0 0 0 0 0
174.859 0 0 0 0 1 0 0 0 0
174.993 0 0 0 1 0 0 0 0 0
175.096 0 0 0 0 1 0 0 0 0
175.725 1 0 0 0 0 0 0 0 0
175.787 0 1 0 0 0 0 0 0 0
175.88 1 0 1 0 0 0 0 0 0
176.004 0 1 0 0 0 0 0 0 0
178.384 1 0 0 0 0 0 0 0 0
178.992 0 1 0 0 0 0 0 0 0
179.404 1 0 0 0 0 0 0 0 0
180.434 0 1 0 0 0 0 0 0 0
180.712 1 0 0 0 0 0 0 0 0
181.486 0 1 0 0 0 0 0 0 0
183.526 0 0 0 0 0 1 0 0 0
183.639 0 0 0 0 0 0 1 0 0
191.977 0 0 0 0 0 1 0 0 0
192.09 0 0 0 0 0 0 1 0 0
193.182 0 0 0 0 0 1 0 0 0
193.316 0 0 0 0 0 0 1 0 0
217.502 1 0 0 0 0 0 0 0 0
218.512 0 1 0 0 0 0 0 0 0
219.027 1 0 0 0 0 0 0 0 0
219.562 0 1 0 0 0 0 0 0 0
220.057 1 0 0 0 0 0 0 0 0
221.078 0 1 0 0 0 0 0 0 0
225.015 1 0 0 0 0 0 0 0 0
225.807 0 1 0 0 0 0 0 0 0
226.529 1 0 0 0 0 0 0 0 0
227.003 0 1 0 0 0 0 0 0 0
227.302 1 0 0 0 0 0 0 0 0
227.848 0 1 0 0 0 0 0 0 0
228.395 1 0 0 0 0 0 0 0 0
229.208 0 1 0 0 0 0 0 0 0
229.919 0 0 0 1 0 0 0 0 0
230.022 0 0 0 0 1 0 0 0 0
231.64 0 0 0 1 0 0 0 0 0
233.804 0 0 0 0 1 0 0 0 0
233.99 0 0 0 1 0 0 0 0 0
235.906 0 0 0 0 1 0 0 0 0
236.164 0 0 0 1 0 0 0 0 0
236.794 0 0 0 0 1 0 0 0 0
237.112 0 0 0 1 0 0 0 0 0
237.277 0 0 0 0 1 0 0 0 0
237.391 0 0 0 1 0 0 0 0 0
238.318 0 0 0 0 1 0 0 0 0
238.648 1 0 0 0 0 0 0 0 0
239.193 0 1 0 0 0 0 0 0 0
239.853 0 0 0 1 0 0 0 0 0
240.781 0 0 0 0 1 0 0 0 0
241.163 0 0 0 1 0 0 0 0 0
242.141 0 0 0 0 1 0 0 0 0
242.976 1 0 0 0 0 0 0 0 0
243.265 0 1 0 0 0 0 0 0 0
243.666 1 0 0 0 0 0 0 0 0
244.47 0 1 0 0 0 0 0 0 0
245.14 1 0 0 0 0 0 0 0 0
245.583 0 1 0 0 0 0 0 0 0
246.273 1 0 0 0 0 0 0 0 0
246.706 0 1 0 0 0 0 0 0 0
247.345 1 0 0 0 0 0 0 0 0
247.809 0 1 0 0 0 0 0 0 0
248.335 1 0 0 0 0 0 0 0 0
248.829 0 1 0 0 0 0 0 0 0
250.045 1 0 0 0 0 0 0 0 0
250.746 0 1 0 0 0 0 0 0 0
251.303 0 0 0 1 0 0 0 0 0
253.023 0 0 0 0 1 0 0 0 0
253.343 0 0 0 1 0 0 0 0 0
253.868 0 0 0 0 1 0 0 0 0
255.208 0 0 0 1 0 0 0 0 0
255.332 0 0 0 0 1 0 0 0 0
255.65 1 0 0 0 0 0 0 0 0
256.702 0 1 0 0 0 0 0 0 0
257.97 1 0 0 0 0 0 0 0 0
258.382 0 1 0 0 0 0 0 0 0
258.773 1 0 0 0 0 0 0 0 0
259.608 0 1 0 0 0 0 0 0 0
259.876 1 0 0 0 0 0 0 0 0
260.836 0 1 0 0 0 0 0 0 0
263.288 1 0 0 0 0 0 0 0 0
263.823 0 1 0 0 0 0 0 0 0
264.369 1 0 0 0 0 0 0 0 0
264.606 0 1 0 0 0 0 0 0 0
265.184 1 0 0 0 0 0 0 0 0
266.079 0 1 0 0 0 0 0 0 0
266.42 1 0 0 0 0 0 0 0 0
266.945 0 1 0 0 0 0 0 0 0
267.245 1 0 0 0 0 0 0 0 0
267.718 0 1 0 0 0 0 0 0 0
268.1 1 0 0 0 0 0 0 0 0
268.655 0 1 0 0 0 0 0 0 0
269.284 1 0 0 0 0 0 0 0 0
269.769 0 1 0 0 0 0 0 0 0
270.161 1 0 0 0 0 0 0 0 0
270.573 0 1 0 0 0 0 0 0 0
271.005 1 0 0 0 0 0 0 0 0
271.717 0 1 0 0 0 0 0 0 0
272.87 1 0 0 0 0 0 0 0 0
273.499 0 1 0 0 0 0 0 0 0
274.416 0 0 0 1 0 0 0 0 0
275.787 0 0 0 0 1 0 0 0 0
276.054 0 0 0 1 0 0 0 0 0
276.229 0 0 0 0 1 0 0 0 0
276.653 0 0 0 1 0 0 0 0 0
277.652 0 0 0 0 1 0 0 0 0
277.962 0 0 0 1 0 0 0 0 0
278.6 0 0 0 0 1 0 0 0 0
282.29 0 0 0 0 0 1 0 0 0
282.433 0 0 0 0 0 0 1 0 0
303.457 0 0 0 1 0 0 0 0 0
304.106 0 0 0 0 1 0 0 0 0
304.395 0 0 0 1 0 0 0 0 0
305.92 0 0 0 0 1 0 0 0 0
307.785 1 0 0 0 0 0 0 0 0
308.476 0 1 0 0 0 0 0 0 0
309.104 1 0 0 0 0 0 0 0 0
310.032 0 1 0 0 0 0 0 0 0
310.413 1 0 0 0 0 0 0 0 0
310.959 0 1 0 0 0 0 0 0 0
311.186 0 0 0 1 0 0 0 0 0
311.897 0 0 0 0 1 0 0 0 0
312.401 1 0 0 0 0 0 0 0 0
313.102 0 1 0 0 0 0 0 0 0
313.803 1 0 0 0 0 0 0 0 0
314.267 0 1 0 0 0 0 0 0 0
314.967 1 0 0 0 0 0 0 0 0
315.761 0 1 0 0 0 0 0 0 0
317.627 1 0 0 0 0 0 0 0 0
319.058 0 1 0 0 0 0 0 0 0
319.564 0 0 0 1 0 0 0 0 0
322.109 0 0 0 0 1 0 0 0 0
322.512 0 0 0 1 0 0 0 0 0
322.635 0 0 0 0 1 0 0 0 0
323.563 1 0 0 0 0 0 0 0 0
324.006 0 1 0 0 0 0 0 0 0
324.264 0 0 0 1 0 0 0 0 0
325.51 0 0 0 0 1 0 0 0 0
325.716 1 0 0 0 0 0 0 0 0
326.294 0 1 0 0 0 0 0 0 0
326.603 1 0 0 0 0 0 0 0 0
327.118 0 1 0 0 0 0 0 0 0
327.788 1 0 0 0 0 0 0 0 0
328.294 0 1 0 0 0 0 0 0 0
328.787 1 0 0 0 0 0 0 0 0
329.777 0 1 0 0 0 0 0 0 0
331.775 1 0 0 0 0 0 0 0 0
332.507 0 1 0 0 0 0 0 0 0
333.064 0 0 0 1 0 0 0 0 0
334.939 0 0 0 0 1 0 0 0 0
335.361 1 0 0 0 0 0 0 0 0
335.836 0 1 0 0 0 0 0 0 0
336.382 1 0 0 0 0 0 0 0 0
336.795 0 1 0 0 0 0 0 0 0
337.248 1 0 0 0 0 0 0 0 0
337.764 0 1 0 0 0 0 0 0 0
338.226 1 0 0 0 0 0 0 0 0
338.875 0 1 0 0 0 0 0 0 0
339.711 1 0 0 0 0 0 0 0 0
340.618 0 1 0 0 0 0 0 0 0
341.051 1 0 0 0 0 0 0 0 0
341.534 0 1 0 0 0 0 0 0 0
342.122 1 0 0 0 0 0 0 0 0
342.956 0 1 0 0 0 0 0 0 0
344.987 1 0 0 0 0 0 0 0 0
345.739 0 1 0 0 0 0 0 0 0
345.873 0 0 0 1 0 0 0 0 0
348.356 0 0 0 0 1 0 0 0 0
348.501 0 0 0 1 0 0 0 0 0
350.686 0 0 0 0 1 0 0 0 0
351.375 1 0 0 0 0 0 0 0 0
351.963 0 1 0 0 0 0 0 0 0
352.757 1 0 0 0 0 0 0 0 0
353.819 0 1 0 0 0 0 0 0 0
354.076 0 0 0 1 0 0 0 0 0
355.714 0 0 0 0 1 0 0 0 0
355.838 0 0 0 1 0 0 0 0 0
357.652 0 0 0 0 1 0 0 0 0
359.383 1 0 0 0 0 0 0 0 0
359.908 0 1 0 0 0 0 0 0 0
