23.6866 1 0 0 0 0 0 0 0 0
23.8824 0 1 0 0 0 0 0 0 0
24.1505 1 0 1 0 0 0 0 0 0
24.7482 0 1 0 0 0 0 0 0 0
25.439 1 0 0 0 0 0 0 0 0
26.6237 0 1 0 0 0 0 0 0 0
26.9326 1 0 0 0 0 0 0 0 0
27.4274 0 1 0 0 0 0 0 0 0
28.9009 1 0 0 0 0 0 0 0 0
29.5087 0 1 0 0 0 0 0 0 0
30.0556 1 0 0 0 0 0 0 0 0
30.5084 0 1 0 0 0 0 0 0 0
31.0133 0 0 0 1 0 0 0 0 0
32.5588 0 0 0 0 1 0 0 0 0
33.0027 1 0 0 0 0 0 0 0 0
33.6005 0 1 0 0 0 0 0 0 0
34.3734 1 0 0 0 0 0 0 0 0
35.496 0 1 0 0 0 0 0 0 0
37.7843 1 0 0 0 0 0 0 0 0
39.4127 0 1 0 0 0 0 0 0 0
42.9987 0 0 0 1 0 0 0 0 0
43.5755 0 0 0 0 1 0 0 0 0
43.6795 0 0 0 1 0 0 0 0 0
44.5952 0 0 0 0 1 0 0 0 0
45.0182 0 0 0 1 0 0 0 0 0
45.5949 0 0 0 0 1 0 0 0 0
45.9158 1 0 0 0 0 0 0 0 0
47.1924 0 1 0 0 0 0 0 0 0
48.0062 1 0 0 0 0 0 0 0 0
48.6969 0 1 0 0 0 0 0 0 0
49.1198 1 0 0 0 0 0 0 0 0
49.8516 0 1 0 0 0 0 0 0 0
52.8187 0 0 0 1 0 0 0 0 0
55.6019 0 0 0 0 1 0 0 0 0
55.8588 0 0 0 1 0 0 0 0 0
57.0544 0 0 0 0 1 0 0 0 0
57.2504 0 0 0 1 0 0 0 0 0
57.3633 0 0 0 0 1 0 0 0 0
58.2711 1 0 0 0 0 0 0 0 0
59.7136 0 1 0 0 0 0 0 0 0
60.2184 1 0 0 0 0 0 0 0 0
60.9503 0 1 0 0 0 0 0 0 0
62.8047 1 0 0 0 0 0 0 0 0
63.2176 0 1 0 0 0 0 0 0 0
64.1653 1 0 0 0 0 0 0 0 0
64.4852 0 1 0 0 0 0 0 0 0
67.8851 1 0 0 0 0 0 0 0 0
68.37 0 1 0 0 0 0 0 0 0
69.3797 0 0 0 1 0 0 0 0 0
70.1425 0 0 0 0 1 0 0 0 0
70.5235 0 0 0 1 0 0 0 0 0
71.9769 0 0 0 0 1 0 0 0 0
73.2036 1 0 0 0 0 0 0 0 0
73.8624 0 1 0 0 0 0 0 0 0
74.4813 1 0 0 0 0 0 0 0 0
75.2641 0 1 0 0 0 0 0 0 0
75.5428 1 0 0 0 0 0 0 0 0
76.0267 0 1 0 0 0 0 0 0 0
76.6346 1 0 0 0 0 0 0 0 0
77.0054 0 1 0 0 0 0 0 0 0
77.5112 1 0 0 0 0 0 0 0 0
77.9951 0 1 0 0 0 0 0 0 0
78.8918 0 0 0 1 0 0 0 0 0
80.4684 0 0 0 0 1 0 0 0 0
81.0352 1 0 0 0 0 0 0 0 0
81.55 0 1 0 0 0 0 0 0 0
82.3029 1 0 0 0 0 0 0 0 0
83.5284 0 1 0 0 0 0 0 0 0
84.0443 1 0 0 0 0 0 0 0 0
84.4971 0 1 0 0 0 0 0 0 0
85.043 1 0 0 0 0 0 0 0 0
85.8578 0 1 0 0 0 0 0 0 0
86.2386 0 0 0 1 0 0 0 0 0
87.1044 0 0 0 0 1 0 0 0 0
87.7542 1 0 0 0 0 0 0 0 0
88.1041 0 1 0 0 0 0 0 0 0
88.9488 1 0 0 0 0 0 0 0 0
89.2378 0 1 0 0 0 0 0 0 0
90.1235 1 0 0 0 0 0 0 0 0
90.5873 0 1 0 0 0 0 0 0 0
91.4631 1 0 0 0 0 0 0 0 0
92.1128 0 1 0 0 0 0 0 0 0
92.5657 1 0 0 0 0 0 0 0 0
92.9586 0 1 0 0 0 0 0 0 0
94.1423 1 0 0 0 0 0 0 0 0
94.5961 0 1 0 0 0 0 0 0 0
96.2346 1 0 0 0 0 0 0 0 0
97.0284 0 1 0 0 0 0 0 0 0
97.5234 1 0 0 0 0 0 0 0 0
97.9861 0 1 0 0 0 0 0 0 0
98.5639 1 0 0 0 0 0 0 0 0
98.9759 0 1 0 0 0 0 0 0 0
99.9755 1 0 0 0 0 0 0 0 0
100.789 0 1 0 0 0 0 0 0 0
101.356 1 0 0 0 0 0 0 0 0
101.944 0 1 0 0 0 0 0 0 0
102.572 1 0 0 0 0 0 0 0 0
103.057 0 1 0 0 0 0 0 0 0
103.634 1 0 0 0 0 0 0 0 0
104.654 0 1 0 0 0 0 0 0 0
108.354 1 0 0 0 0 0 0 0 0
109.354 0 1 0 0 0 0 0 0 0
109.797 1 0 0 0 0 0 0 0 0
110.239 0 1 0 0 0 0 0 0 0
110.837 1 0 0 0 0 0 0 0 0
111.167 0 1 0 0 0 0 0 0 0
116.969 1 0 0 0 0 0 0 0 0
117.484 0 1 0 0 0 0 0 0 0
117.948 1 0 0 0 0 0 0 0 0
118.401 0 1 0 0 0 0 0 0 0
118.752 1 0 0 0 0 0 0 0 0
119.834 0 1 0 0 0 0 0 0 0
120.142 1 0 0 0 0 0 0 0 0
120.699 0 1 0 0 0 0 0 0 0
125.677 1 0 0 0 0 0 0 0 0
126.203 0 1 0 0 0 0 0 0 0
126.902 1 0 0 0 0 0 0 0 0
128.799 0 1 0 0 0 0 0 0 0
131.448 1 0 0 0 0 0 0 0 0
131.737 0 1 0 0 0 0 0 0 0
132.107 0 0 0 1 0 0 0 0 0
135.116 0 0 0 0 1 0 0 0 0
135.982 1 0 0 0 0 0 0 0 0
136.426 0 1 0 0 0 0 0 0 0
136.816 1 0 0 0 0 0 0 0 0
137.465 0 1 0 0 0 0 0 0 0
139.537 1 0 0 0 0 0 0 0 0
139.907 0 1 0 0 0 0 0 0 0
140.742 0 0 0 1 0 0 0 0 0
141.094 0 0 0 0 1 0 0 0 0
141.577 0 0 0 1 0 0 0 0 0
142.67 0 0 0 0 1 0 0 0 0
143.072 0 0 0 1 0 0 0 0 0
144.143 0 0 0 0 1 0 0 0 0
145.834 1 0 0 0 0 0 0 0 0
146.688 0 1 0 0 0 0 0 0 0
147.039 1 0 0 0 0 0 0 0 0
147.43 0 1 0 0 0 0 0 0 0
148.605 1 0 0 0 0 0 0 0 0
148.946 0 1 0 0 0 0 0 0 0
149.853 0 0 0 1 0 0 0 0 0
152.315 0 0 0 0 1 0 0 0 0
152.861 1 0 0 0 0 0 0 0 0
153.994 0 1 0 0 0 0 0 0 0
154.428 1 0 0 0 0 0 0 0 0
155.046 0 1 0 0 0 0 0 0 0
156.55 1 0 0 0 0 0 0 0 0
157.045 0 1 0 0 0 0 0 0 0
157.364 0 0 0 1 0 0 0 0 0
159.405 0 0 0 0 1 0 0 0 0
160.105 0 0 0 1 0 0 0 0 0
161.085 0 0 0 0 1 0 0 0 0
161.714 1 0 0 0 0 0 0 0 0
161.765 0 1 0 0 0 0 0 0 0
161.868 1 0 1 0 0 0 0 0 0
162.002 0 1 0 0 0 0 0 0 0
165.145 1 0 0 0 0 0 0 0 0
165.557 0 1 0 0 0 0 0 0 0
166.217 1 0 0 0 0 0 0 0 0
166.742 0 1 0 0 0 0 0 0 0
167.371 1 0 0 0 0 0 0 0 0
167.855 0 1 0 0 0 0 0 0 0
168.597 1 0 0 0 0 0 0 0 0
169.082 0 1 0 0 0 0 0 0 0
172.884 1 0 0 0 0 0 0 0 0
173.718 0 1 0 0 0 0 0 0 0
174.337 1 0 0 0 0 0 0 0 0
174.399 0 1 0 0 0 0 0 0 0
174.512 1 0 1 0 0 0 0 0 0
174.935 0 1 0 0 0 0 0 0 0
175.615 1 0 0 0 0 0 0 0 0
176.346 0 1 0 0 0 0 0 0 0
177.273 1 0 0 0 0 0 0 0 0
177.645 0 1 0 0 0 0 0 0 0
178.243 1 0 0 0 0 0 0 0 0
179.026 0 1 0 0 0 0 0 0 0
179.665 1 0 0 0 0 0 0 0 0
180.148 0 1 0 0 0 0 0 0 0
180.612 1 0 0 0 0 0 0 0 0
181.169 0 1 0 0 0 0 0 0 0
183.127 0 0 0 1 0 0 0 0 0
183.199 0 0 0 0 1 0 0 0 0
183.333 0 0 0 1 0 0 0 0 0
183.426 0 0 0 0 1 0 0 0 0
184.126 1 0 0 0 0 0 0 0 0
184.178 0 1 0 0 0 0 0 0 0
184.466 0 0 0 0 0 1 0 0 0
184.58 0 0 0 0 0 0 1 0 0
184.683 0 0 0 0 0 1 0 0 0
184.786 0 0 0 0 0 0 1 0 0
221.173 0 0 0 1 0 0 0 0 0
221.348 0 0 0 0 1 0 0 0 0
222.245 0 0 0 1 0 0 0 0 0
223.388 0 0 0 0 1 0 0 0 0
