20.7024 1 0 0 0 0 0 0 0 0
21.6092 0 1 0 0 0 0 0 0 0
22.032 1 0 0 0 0 0 0 0 0
22.4029 0 1 0 0 0 0 0 0 0
22.9389 1 0 0 0 0 0 0 0 0
23.4957 0 1 0 0 0 0 0 0 0
24.0834 1 0 0 0 0 0 0 0 0
24.6083 0 1 0 0 0 0 0 0 0
25.361 1 0 0 0 0 0 0 0 0
25.9382 0 1 0 0 0 0 0 0 0
28.1332 1 0 0 0 0 0 0 0 0
28.608 0 1 0 0 0 0 0 0 0
28.9779 1 0 0 0 0 0 0 0 0
29.4938 0 1 0 0 0 0 0 0 0
29.8336 1 0 0 0 0 0 0 0 0
30.7104 0 1 0 0 0 0 0 0 0
31.0293 1 0 0 0 0 0 0 0 0
31.5751 0 1 0 0 0 0 0 0 0
31.936 1 0 0 0 0 0 0 0 0
37.9752 0 1 0 0 0 0 0 0 0
38.5011 1 0 0 0 0 0 0 0 0
39.3058 0 1 0 0 0 0 0 0 0
39.6857 0 0 0 1 0 0 0 0 0
40.4385 0 0 0 0 1 0 0 0 0
41.4492 1 0 0 0 0 0 0 0 0
41.7681 0 1 0 0 0 0 0 0 0
42.304 0 0 0 1 0 0 0 0 0
43.0257 0 0 0 0 1 0 0 0 0
43.6645 0 0 0 1 0 0 0 0 0
44.3453 0 0 0 0 1 0 0 0 0
44.8293 1 0 0 0 0 0 0 0 0
45.6949 0 1 0 0 0 0 0 0 0
46.0967 1 0 0 0 0 0 0 0 0
46.9005 0 1 0 0 0 0 0 0 0
47.5293 1 0 0 0 0 0 0 0 0
47.9412 0 1 0 0 0 0 0 0 0
48.807 1 0 0 0 0 0 0 0 0
50.1775 0 1 0 0 0 0 0 0 0
50.9203 1 0 0 0 0 0 0 0 0
51.6101 0 1 0 0 0 0 0 0 0
52.115 1 0 0 0 0 0 0 0 0
52.5278 0 1 0 0 0 0 0 0 0
52.8987 1 0 0 0 0 0 0 0 0
53.3426 0 1 0 0 0 0 0 0 0
53.8474 1 0 0 0 0 0 0 0 0
54.5172 0 1 0 0 0 0 0 0 0
57.6293 0 0 0 1 0 0 0 0 0
59.3807 0 0 0 0 1 0 0 0 0
61.0612 0 0 0 1 0 0 0 0 0
61.5351 0 0 0 0 1 0 0 0 0
64.3692 0 0 0 1 0 0 0 0 0
64.8531 0 0 0 0 1 0 0 0 0
65.245 0 0 0 1 0 0 0 0 0
65.5129 0 0 0 0 1 0 0 0 0
65.9258 0 0 0 1 0 0 0 0 0
66.4407 0 0 0 0 1 0 0 0 0
68.337 0 0 0 1 0 0 0 0 0
68.9969 0 0 0 0 1 0 0 0 0
69.4917 1 0 0 0 0 0 0 0 0
70.0895 0 1 0 0 0 0 0 0 0
70.4706 1 0 0 0 0 0 0 0 0
70.9962 0 1 0 0 0 0 0 0 0
71.4801 1 0 0 0 0 0 0 0 0
71.986 0 1 0 0 0 0 0 0 0
72.2839 1 0 0 0 0 0 0 0 0
72.6867 0 1 0 0 0 0 0 0 0
73.0986 1 0 0 0 0 0 0 0 0
73.7065 0 1 0 0 0 0 0 0 0
74.3153 0 0 0 1 0 0 0 0 0
74.5732 0 0 0 0 1 0 0 0 0
75.088 0 0 0 1 0 0 0 0 0
75.366 0 0 0 0 1 0 0 0 0
76.6745 0 0 0 1 0 0 0 0 0
77.4793 0 0 0 0 1 0 0 0 0
77.9831 0 0 0 1 0 0 0 0 0
78.488 0 0 0 0 1 0 0 0 0
79.7247 1 0 0 0 0 0 0 0 0
80.2504 0 1 0 0 0 0 0 0 0
81.0652 0 0 0 1 0 0 0 0 0
81.673 0 0 0 0 1 0 0 0 0
82.3018 0 0 0 1 0 0 0 0 0
82.7137 0 0 0 0 1 0 0 0 0
83.2495 0 0 0 1 0 0 0 0 0
84.0534 0 0 0 0 1 0 0 0 0
84.3422 0 0 0 1 0 0 0 0 0
84.8681 0 0 0 0 1 0 0 0 0
87.5473 0 0 0 1 0 0 0 0 0
88.9688 0 0 0 0 1 0 0 0 0
89.2787 0 0 0 1 0 0 0 0 0
89.7426 0 0 0 0 1 0 0 0 0
90.2065 1 0 0 0 0 0 0 0 0
90.9802 0 1 0 0 0 0 0 0 0
93.1436 0 0 0 0 0 1 0 0 0
94.0603 0 0 0 0 0 0 1 0 0
94.8021 0 0 0 0 0 1 0 0 0
96.6057 0 0 0 0 0 0 1 0 0
102.625 0 0 0 0 0 1 0 0 0
102.718 0 0 0 0 0 0 1 0 0
118.052 0 0 0 1 0 0 0 0 0
118.701 0 0 0 0 1 0 0 0 0
118.98 0 0 0 1 0 0 0 0 0
119.917 0 0 0 0 1 0 0 0 0
120.299 1 0 0 0 0 0 0 0 0
120.907 0 1 0 0 0 0 0 0 0
122.742 1 0 0 0 0 0 0 0 0
123.091 0 1 0 0 0 0 0 0 0
123.648 1 0 0 0 0 0 0 0 0
123.885 0 1 0 0 0 0 0 0 0
124.163 1 0 0 0 0 0 0 0 0
124.473 0 1 0 0 0 0 0 0 0
124.761 0 0 0 1 0 0 0 0 0
127.708 0 0 0 0 1 0 0 0 0
128.647 0 0 0 1 0 0 0 0 0
129.625 0 0 0 0 1 0 0 0 0
130.13 0 0 0 1 0 0 0 0 0
130.532 0 0 0 0 1 0 0 0 0
130.779 1 0 0 0 0 0 0 0 0
131.326 0 1 0 0 0 0 0 0 0
131.913 1 0 0 0 0 0 0 0 0
132.274 0 1 0 0 0 0 0 0 0
132.533 0 0 0 1 0 0 0 0 0
134.727 0 0 0 0 1 0 0 0 0
135.129 0 0 0 1 0 0 0 0 0
135.387 0 0 0 0 1 0 0 0 0
137.478 0 0 0 1 0 0 0 0 0
138.653 0 0 0 0 1 0 0 0 0
139.736 0 0 0 1 0 0 0 0 0
141.034 0 0 0 0 1 0 0 0 0
141.322 0 0 0 1 0 0 0 0 0
141.817 0 0 0 0 1 0 0 0 0
142.231 0 0 0 1 0 0 0 0 0
143.919 0 0 0 0 1 0 0 0 0
144.167 1 0 0 0 0 0 0 0 0
145.208 0 1 0 0 0 0 0 0 0
145.558 1 0 0 0 0 0 0 0 0
146.105 0 1 0 0 0 0 0 0 0
146.414 1 0 0 0 0 0 0 0 0
147.083 0 1 0 0 0 0 0 0 0
147.341 0 0 0 1 0 0 0 0 0
147.918 0 0 0 0 1 0 0 0 0
148.135 1 0 0 0 0 0 0 0 0
149.227 0 1 0 0 0 0 0 0 0
149.525 1 0 0 0 0 0 0 0 0
150.371 0 1 0 0 0 0 0 0 0
151.123 1 0 0 0 0 0 0 0 0
152.134 0 1 0 0 0 0 0 0 0
153.751 1 0 0 0 0 0 0 0 0
154.864 0 1 0 0 0 0 0 0 0
155.328 1 0 0 0 0 0 0 0 0
155.905 0 1 0 0 0 0 0 0 0
156.244 1 0 0 0 0 0 0 0 0
157.915 0 1 0 0 0 0 0 0 0
158.306 1 0 0 0 0 0 0 0 0
159.903 0 1 0 0 0 0 0 0 0
160.759 0 0 0 1 0 0 0 0 0
161.583 0 0 0 0 1 0 0 0 0
161.975 0 0 0 1 0 0 0 0 0
162.85 0 0 0 0 1 0 0 0 0
164.696 1 0 0 0 0 0 0 0 0
165.469 0 1 0 0 0 0 0 0 0
175.239 1 0 0 0 0 0 0 0 0
175.959 0 1 0 0 0 0 0 0 0
177.402 0 0 0 0 0 1 0 0 0
177.536 0 0 0 0 0 0 1 0 0
195.169 1 0 0 0 0 0 0 0 0
195.704 0 1 0 0 0 0 0 0 0
196.034 0 0 0 1 0 0 0 0 0
199.033 0 0 0 0 1 0 0 0 0
200.084 1 0 0 0 0 0 0 0 0
200.507 0 1 0 0 0 0 0 0 0
200.61 1 0 0 0 0 0 0 0 0
200.754 0 1 0 0 0 0 0 0 0
201.156 1 0 0 0 0 0 0 0 0
201.558 0 1 0 0 0 0 0 0 0
202.351 1 0 0 0 0 0 0 0 0
203.155 0 1 0 0 0 0 0 0 0
203.866 1 0 0 0 0 0 0 0 0
204.701 0 1 0 0 0 0 0 0 0
205.258 0 0 0 1 0 0 0 0 0
206.999 0 0 0 0 1 0 0 0 0
207.473 1 0 0 0 0 0 0 0 0
208.061 0 1 0 0 0 0 0 0 0
208.339 0 0 0 1 0 0 0 0 0
209.359 0 0 0 0 1 0 0 0 0
209.977 0 0 0 1 0 0 0 0 0
210.523 0 0 0 0 1 0 0 0 0
212.553 0 0 0 1 0 0 0 0 0
216.49 0 0 0 0 1 0 0 0 0
218.654 0 0 0 1 0 0 0 0 0
219.076 0 0 0 0 1 0 0 0 0
219.448 0 0 0 1 0 0 0 0 0
220.89 0 0 0 0 1 0 0 0 0
221.622 1 0 0 0 0 0 0 0 0
222.498 0 1 0 0 0 0 0 0 0
222.786 1 0 0 0 0 0 0 0 0
223.611 0 1 0 0 0 0 0 0 0
223.848 1 0 0 0 0 0 0 0 0
224.343 0 1 0 0 0 0 0 0 0
226.589 1 0 0 0 0 0 0 0 0
227.444 0 1 0 0 0 0 0 0 0
228.434 1 0 0 0 0 0 0 0 0
229.733 0 1 0 0 0 0 0 0 0
230.114 0 0 0 1 0 0 0 0 0
230.268 0 0 0 0 1 0 0 0 0
232.463 0 0 0 1 0 0 0 0 0
233.019 0 0 0 0 1 0 0 0 0
233.258 0 0 0 1 0 0 0 0 0
233.916 0 0 0 0 1 0 0 0 0
234.587 0 0 0 1 0 0 0 0 0
235.071 0 0 0 0 1 0 0 0 0
235.534 1 0 0 0 0 0 0 0 0
236.039 0 1 0 0 0 0 0 0 0
236.905 0 0 0 1 0 0 0 0 0
239.244 0 0 0 0 1 0 0 0 0
239.429 0 0 0 1 0 0 0 0 0
240.481 0 0 0 0 1 0 0 0 0
240.77 0 0 0 1 0 0 0 0 0
241.656 0 0 0 0 1 0 0 0 0
241.944 1 0 0 0 0 0 0 0 0
242.686 0 1 0 0 0 0 0 0 0
243.005 1 0 0 0 0 0 0 0 0
243.737 0 1 0 0 0 0 0 0 0
244.047 1 0 0 0 0 0 0 0 0
244.696 0 1 0 0 0 0 0 0 0
245.067 1 0 0 0 0 0 0 0 0
246.2 0 1 0 0 0 0 0 0 0
247.767 1 0 0 0 0 0 0 0 0
248.139 0 1 0 0 0 0 0 0 0
248.879 0 0 0 1 0 0 0 0 0
249.23 0 0 0 0 1 0 0 0 0
249.683 0 0 0 1 0 0 0 0 0
250.199 0 0 0 0 1 0 0 0 0
252.589 1 0 0 0 0 0 0 0 0
253.033 0 1 0 0 0 0 0 0 0
258.474 1 0 0 0 0 0 0 0 0
259.123 0 1 0 0 0 0 0 0 0
259.68 1 0 0 0 0 0 0 0 0
260.185 0 1 0 0 0 0 0 0 0
260.886 0 0 0 1 0 0 0 0 0
261.442 0 0 0 0 1 0 0 0 0
262.266 0 0 0 1 0 0 0 0 0
262.627 0 0 0 0 1 0 0 0 0
263.524 0 0 0 0 0 1 0 0 0
263.678 0 0 0 0 0 0 1 0 0
273.334 0 0 0 0 0 1 0 0 0
273.489 0 0 0 0 0 0 1 0 0
276.22 0 0 0 0 0 1 0 0 0
276.374 0 0 0 0 0 0 1 0 0
299.994 1 0 0 0 0 0 0 0 0
300.746 0 1 0 0 0 0 0 0 0
301.519 1 0 0 0 0 0 0 0 0
301.787 0 1 0 0 0 0 0 0 0
301.993 0 0 0 1 0 0 0 0 0
304.241 0 0 0 0 1 0 0 0 0
304.415 0 0 0 1 0 0 0 0 0
305.084 0 0 0 0 1 0 0 0 0
305.652 1 0 0 0 0 0 0 0 0
306.548 0 1 0 0 0 0 0 0 0
307.033 1 0 0 0 0 0 0 0 0
307.651 0 1 0 0 0 0 0 0 0
308.134 1 0 0 0 0 0 0 0 0
309.939 0 1 0 0 0 0 0 0 0
310.64 0 0 0 1 0 0 0 0 0
311.073 0 0 0 0 1 0 0 0 0
311.731 1 0 0 0 0 0 0 0 0
312.361 0 1 0 0 0 0 0 0 0
312.834 1 0 0 0 0 0 0 0 0
313.257 0 1 0 0 0 0 0 0 0
313.659 1 0 0 0 0 0 0 0 0
314.638 0 1 0 0 0 0 0 0 0
315.586 1 0 0 0 0 0 0 0 0
316.112 0 1 0 0 0 0 0 0 0
316.514 1 0 0 0 0 0 0 0 0
317.081 0 1 0 0 0 0 0 0 0
317.545 1 0 0 0 0 0 0 0 0
317.935 0 1 0 0 0 0 0 0 0
318.492 1 0 0 0 0 0 0 0 0
319.069 0 1 0 0 0 0 0 0 0
319.863 1 0 0 0 0 0 0 0 0
320.069 0 1 0 0 0 0 0 0 0
320.863 1 0 0 0 0 0 0 0 0
321.317 0 1 0 0 0 0 0 0 0
321.811 0 0 0 1 0 0 0 0 0
322.274 0 0 0 0 1 0 0 0 0
322.687 0 0 0 1 0 0 0 0 0
324.871 0 0 0 0 1 0 0 0 0
325.304 0 0 0 1 0 0 0 0 0
325.861 0 0 0 0 1 0 0 0 0
329.097 0 0 0 1 0 0 0 0 0
329.922 0 0 0 0 1 0 0 0 0
330.128 0 0 0 1 0 0 0 0 0
330.725 0 0 0 0 1 0 0 0 0
332.241 1 0 0 0 0 0 0 0 0
332.766 0 1 0 0 0 0 0 0 0
333.446 1 0 0 0 0 0 0 0 0
333.59 0 1 0 0 0 0 0 0 0
333.673 1 0 1 0 0 0 0 0 0
333.776 0 1 0 0 0 0 0 0 0
334.795 1 0 0 0 0 0 0 0 0
335.96 0 1 0 0 0 0 0 0 0
336.269 1 0 0 0 0 0 0 0 0
336.775 0 1 0 0 0 0 0 0 0
337.136 1 0 0 0 0 0 0 0 0
337.682 0 1 0 0 0 0 0 0 0
338.031 1 0 0 0 0 0 0 0 0
338.94 0 1 0 0 0 0 0 0 0
339.485 1 0 0 0 0 0 0 0 0
340.744 0 1 0 0 0 0 0 0 0
341.093 1 0 0 0 0 0 0 0 0
341.608 0 1 0 0 0 0 0 0 0
342.288 1 0 0 0 0 0 0 0 0
342.937 0 1 0 0 0 0 0 0 0
344.205 0 0 0 1 0 0 0 0 0
345.338 0 0 0 0 1 0 0 0 0
346.008 0 0 0 1 0 0 0 0 0
346.4 0 0 0 0 1 0 0 0 0
346.853 1 0 0 0 0 0 0 0 0
347.565 0 1 0 0 0 0 0 0 0
347.927 1 0 0 0 0 0 0 0 0
348.791 0 1 0 0 0 0 0 0 0
349.213 1 0 0 0 0 0 0 0 0
349.925 0 1 0 0 0 0 0 0 0
350.419 0 0 0 1 0 0 0 0 0
350.894 0 0 0 0 1 0 0 0 0
351.563 0 0 0 1 0 0 0 0 0
352.212 0 0 0 0 1 0 0 0 0
352.996 1 0 0 0 0 0 0 0 0
353.645 0 1 0 0 0 0 0 0 0
353.965 0 0 0 1 0 0 0 0 0
355.654 0 0 0 0 1 0 0 0 0
357.149 1 0 0 0 0 0 0 0 0
357.746 0 1 0 0 0 0 0 0 0
358.777 0 0 0 1 0 0 0 0 0
359.334 0 0 0 0 1 0 0 0 0
359.756 1 0 0 0 0 0 0 0 0
360.148 0 1 0 0 0 0 0 0 0
360.983 1 0 0 0 0 0 0 0 0
361.323 0 1 0 0 0 0 0 0 0
