7.77617 0 0 0 0 0 1 0 0 0
9.04376 0 0 0 0 0 0 1 0 0
11.9709 0 0 0 0 0 1 0 0 0
12.4547 0 0 0 0 0 0 1 0 0
15.4949 0 0 0 0 0 1 0 0 0
15.9996 0 0 0 0 0 0 1 0 0
18.5869 0 0 0 0 0 1 0 0 0
19.2566 0 0 0 0 0 0 1 0 0
19.4526 0 0 0 0 0 1 0 0 0
20.2763 0 0 0 0 0 0 1 0 0
39.0026 1 0 0 0 0 0 0 0 0
41.8258 0 1 0 0 0 0 0 0 0
43.1654 1 0 0 0 0 0 0 0 0
43.5362 0 1 0 0 0 0 0 0 0
45.2068 1 0 0 0 0 0 0 0 0
45.5866 0 1 0 0 0 0 0 0 0
45.8135 1 0 0 0 0 0 0 0 0
46.0415 0 1 0 0 0 0 0 0 0
46.9063 1 0 0 0 0 0 0 0 0
47.2462 0 1 0 0 0 0 0 0 0
47.535 1 0 0 0 0 0 0 0 0
48.3898 0 1 0 0 0 0 0 0 0
49.7394 1 0 0 0 0 0 0 0 0
50.1322 0 1 0 0 0 0 0 0 0
51.7907 1 0 0 0 0 0 0 0 0
52.2747 0 1 0 0 0 0 0 0 0
52.3156 1 0 0 0 0 0 0 0 0
52.3686 0 1 0 0 0 0 0 0 0
52.5945 1 0 1 0 0 0 0 0 0
54.222 0 1 0 0 0 0 0 0 0
58.0769 1 0 0 0 0 0 0 0 0
59.8703 0 1 0 0 0 0 0 0 0
61.3849 1 0 0 0 0 0 0 0 0
62.2916 0 1 0 0 0 0 0 0 0
63.6002 1 0 0 0 0 0 0 0 0
67.0532 0 1 0 0 0 0 0 0 0
69.8663 1 0 0 0 0 0 0 0 0
71.5568 0 1 0 0 0 0 0 0 0
72.2785 0 0 0 1 0 0 0 0 0
80.8929 0 0 0 0 1 0 0 0 0
81.9976 0 0 0 1 0 0 0 0 0
85.9534 0 0 0 0 1 0 0 0 0
88.0458 0 0 0 1 0 0 0 0 0
90.5501 0 0 0 0 1 0 0 0 0
90.849 1 0 0 0 0 0 0 0 0
91.6527 0 1 0 0 0 0 0 0 0
91.9616 0 0 0 1 0 0 0 0 0
102.422 0 0 0 0 1 0 0 0 0
102.988 1 0 0 0 0 0 0 0 0
103.669 0 1 0 0 0 0 0 0 0
104.71 1 0 0 0 0 0 0 0 0
105.277 0 1 0 0 0 0 0 0 0
105.627 1 0 0 0 0 0 0 0 0
106.307 0 1 0 0 0 0 0 0 0
106.771 1 0 0 0 0 0 0 0 0
107.73 0 1 0 0 0 0 0 0 0
108.338 1 0 0 0 0 0 0 0 0
108.606 0 1 0 0 0 0 0 0 0
111.182 1 0 0 0 0 0 0 0 0
116.736 0 1 0 0 0 0 0 0 0
117.633 1 0 0 0 0 0 0 0 0
117.767 0 1 0 0 0 0 0 0 0
117.85 1 0 1 0 0 0 0 0 0
117.973 0 1 0 0 0 0 0 0 0
134.473 1 0 0 0 0 0 0 0 0
136.802 0 1 0 0 0 0 0 0 0
137.482 1 0 0 0 0 0 0 0 0
137.719 0 1 0 0 0 0 0 0 0
138.203 0 0 0 1 0 0 0 0 0
147.148 0 0 0 0 1 0 0 0 0
149.662 0 0 0 1 0 0 0 0 0
150.559 0 0 0 0 1 0 0 0 0
151.229 1 0 0 0 0 0 0 0 0
151.528 0 1 0 0 0 0 0 0 0
151.94 1 0 0 0 0 0 0 0 0
152.681 0 1 0 0 0 0 0 0 0
153.238 1 0 0 0 0 0 0 0 0
153.867 0 1 0 0 0 0 0 0 0
154.516 0 0 0 1 0 0 0 0 0
157.927 0 0 0 0 1 0 0 0 0
159.38 0 0 0 1 0 0 0 0 0
162.626 0 0 0 0 1 0 0 0 0
165.903 1 0 0 0 0 0 0 0 0
167.098 0 1 0 0 0 0 0 0 0
168.85 1 0 0 0 0 0 0 0 0
170.067 0 1 0 0 0 0 0 0 0
170.87 1 0 0 0 0 0 0 0 0
171.953 0 1 0 0 0 0 0 0 0
172.787 1 0 0 0 0 0 0 0 0
173.282 0 1 0 0 0 0 0 0 0
173.848 0 0 0 1 0 0 0 0 0
176.435 0 0 0 0 1 0 0 0 0
177.704 1 0 0 0 0 0 0 0 0
178.548 0 1 0 0 0 0 0 0 0
178.837 1 0 0 0 0 0 0 0 0
179.104 0 1 0 0 0 0 0 0 0
179.908 1 0 0 0 0 0 0 0 0
182.175 0 1 0 0 0 0 0 0 0
184.36 0 0 0 0 0 1 0 0 0
186.338 0 0 0 0 0 0 1 0 0
189.915 0 0 0 0 0 1 0 0 0
190.461 0 0 0 0 0 0 1 0 0
191.657 0 0 0 0 0 1 0 0 0
192.511 0 0 0 0 0 0 1 0 0
217.616 1 0 0 0 0 0 0 0 0
218.594 0 1 0 0 0 0 0 0 0
219.131 1 0 0 0 0 0 0 0 0
220.533 0 1 0 0 0 0 0 0 0
221.44 1 0 0 0 0 0 0 0 0
222.037 0 1 0 0 0 0 0 0 0
222.81 1 0 0 0 0 0 0 0 0
223.037 0 1 0 0 0 0 0 0 0
223.727 1 0 0 0 0 0 0 0 0
224.263 0 1 0 0 0 0 0 0 0
224.49 1 0 0 0 0 0 0 0 0
224.963 0 1 0 0 0 0 0 0 0
225.561 1 0 0 0 0 0 0 0 0
225.963 0 1 0 0 0 0 0 0 0
226.849 1 0 0 0 0 0 0 0 0
227.087 0 1 0 0 0 0 0 0 0
227.859 0 0 0 1 0 0 0 0 0
235.939 0 0 0 0 1 0 0 0 0
237.65 1 0 0 0 0 0 0 0 0
238.226 0 1 0 0 0 0 0 0 0
239.38 1 0 0 0 0 0 0 0 0
239.525 0 1 0 0 0 0 0 0 0
239.69 1 0 1 0 0 0 0 0 0
240.504 0 1 0 0 0 0 0 0 0
