112.093 0 0 0 0 0 1 0 0 0
112.217 0 0 0 0 0 0 1 0 0
174.752 0 0 0 0 0 1 0 0 0
175.134 0 0 0 0 0 0 1 0 0
188.645 0 0 0 0 0 1 0 0 0
193.417 0 0 0 0 0 0 1 0 0
349.424 1 0 0 0 0 0 0 0 0
352.7 0 1 0 0 0 0 0 0 0
355.133 1 0 0 0 0 0 0 0 0
355.215 0 1 0 0 0 0 0 0 0
355.287 1 0 1 0 0 0 0 0 0
355.978 0 1 0 0 0 0 0 0 0
357.421 1 0 0 0 0 0 0 0 0
359.43 0 1 0 0 0 0 0 0 0
360.811 1 0 0 0 0 0 0 0 0
362.862 0 1 0 0 0 0 0 0 0
363.707 1 0 0 0 0 0 0 0 0
364.459 0 1 0 0 0 0 0 0 0
365.068 1 0 0 0 0 0 0 0 0
365.644 0 1 0 0 0 0 0 0 0
366.221 1 0 0 0 0 0 0 0 0
366.603 0 1 0 0 0 0 0 0 0
367.81 1 0 0 0 0 0 0 0 0
370.952 0 1 0 0 0 0 0 0 0
376.826 1 0 0 0 0 0 0 0 0
378.207 0 1 0 0 0 0 0 0 0
378.701 1 0 0 0 0 0 0 0 0
380.402 0 1 0 0 0 0 0 0 0
381.299 1 0 0 0 0 0 0 0 0
384.452 0 1 0 0 0 0 0 0 0
384.854 1 0 0 0 0 0 0 0 0
385.967 0 1 0 0 0 0 0 0 0
386.699 1 0 0 0 0 0 0 0 0
387.946 0 1 0 0 0 0 0 0 0
388.935 1 0 0 0 0 0 0 0 0
391.696 0 1 0 0 0 0 0 0 0
392.387 1 0 0 0 0 0 0 0 0
392.469 0 1 0 0 0 0 0 0 0
392.583 1 0 1 0 0 0 0 0 0
392.686 0 1 0 0 0 0 0 0 0
410.567 0 0 0 1 0 0 0 0 0
411.782 0 0 0 0 1 0 0 0 0
412.627 0 0 0 1 0 0 0 0 0
413.359 0 0 0 0 1 0 0 0 0
413.988 0 0 0 1 0 0 0 0 0
415.183 0 0 0 0 1 0 0 0 0
415.677 0 0 0 1 0 0 0 0 0
416.296 0 0 0 0 1 0 0 0 0
432.991 0 0 0 1 0 0 0 0 0
438.906 0 0 0 0 1 0 0 0 0
440.627 0 0 0 1 0 0 0 0 0
455.632 0 0 0 0 1 0 0 0 0
456.497 0 0 0 1 0 0 0 0 0
460.475 0 0 0 0 1 0 0 0 0
464.886 0 0 0 1 0 0 0 0 0
471.275 0 0 0 0 1 0 0 0 0
471.728 0 0 0 1 0 0 0 0 0
472.635 0 0 0 0 1 0 0 0 0
473.48 1 0 0 0 0 0 0 0 0
474.666 0 1 0 0 0 0 0 0 0
475.16 0 0 0 1 0 0 0 0 0
477.324 0 0 0 0 1 0 0 0 0
477.891 0 0 0 1 0 0 0 0 0
478.932 0 0 0 0 1 0 0 0 0
480.231 1 0 0 0 0 0 0 0 0
481.21 0 1 0 0 0 0 0 0 0
501.513 0 0 0 1 0 0 0 0 0
502.821 0 0 0 0 1 0 0 0 0
503.13 0 0 0 1 0 0 0 0 0
503.759 0 0 0 0 1 0 0 0 0
504.522 1 0 0 0 0 0 0 0 0
506.304 0 1 0 0 0 0 0 0 0
507.025 0 0 0 1 0 0 0 0 0
508.808 0 0 0 0 1 0 0 0 0
509.437 0 0 0 1 0 0 0 0 0
509.921 0 0 0 0 1 0 0 0 0
510.313 1 0 0 0 0 0 0 0 0
511.437 0 1 0 0 0 0 0 0 0
511.972 1 0 0 0 0 0 0 0 0
512.961 0 1 0 0 0 0 0 0 0
513.982 1 0 0 0 0 0 0 0 0
516.249 0 1 0 0 0 0 0 0 0
518.495 1 0 0 0 0 0 0 0 0
520.67 0 1 0 0 0 0 0 0 0
522.051 1 0 0 0 0 0 0 0 0
524.071 0 1 0 0 0 0 0 0 0
529.244 0 0 0 1 0 0 0 0 0
531.182 0 0 0 0 1 0 0 0 0
535.149 0 0 0 1 0 0 0 0 0
536.726 0 0 0 0 1 0 0 0 0
537.839 0 0 0 1 0 0 0 0 0
539.013 0 0 0 0 1 0 0 0 0
548.896 0 0 0 1 0 0 0 0 0
549.288 0 0 0 0 1 0 0 0 0
550.463 1 0 0 0 0 0 0 0 0
551.792 0 1 0 0 0 0 0 0 0
575.442 1 0 0 0 0 0 0 0 0
576.598 0 1 0 0 0 0 0 0 0
578.235 1 0 0 0 0 0 0 0 0
578.885 0 1 0 0 0 0 0 0 0
580.379 0 0 0 1 0 0 0 0 0
581.678 0 0 0 0 1 0 0 0 0
582.718 1 0 0 0 0 0 0 0 0
583.409 0 1 0 0 0 0 0 0 0
585.573 1 0 0 0 0 0 0 0 0
587.397 0 1 0 0 0 0 0 0 0
587.892 1 0 0 0 0 0 0 0 0
588.871 0 1 0 0 0 0 0 0 0
590.427 1 0 0 0 0 0 0 0 0
591.736 0 1 0 0 0 0 0 0 0
592.643 1 0 0 0 0 0 0 0 0
593.137 0 1 0 0 0 0 0 0 0
594.684 1 0 0 0 0 0 0 0 0
595.002 0 1 0 0 0 0 0 0 0
595.796 0 0 0 1 0 0 0 0 0
596.765 0 0 0 0 1 0 0 0 0
619.941 0 0 0 1 0 0 0 0 0
622.064 0 0 0 0 1 0 0 0 0
622.59 1 0 0 0 0 0 0 0 0
624.043 0 1 0 0 0 0 0 0 0
624.456 1 0 0 0 0 0 0 0 0
625.331 0 1 0 0 0 0 0 0 0
626.032 0 0 0 1 0 0 0 0 0
629.381 0 0 0 0 1 0 0 0 0
633.689 1 0 0 0 0 0 0 0 0
634.864 0 1 0 0 0 0 0 0 0
673.716 1 0 0 0 0 0 0 0 0
674.272 0 1 0 0 0 0 0 0 0
675.333 1 0 0 0 0 0 0 0 0
675.405 0 1 0 0 0 0 0 0 0
675.869 0 0 0 1 0 0 0 0 0
676.147 0 0 0 0 1 0 0 0 0
676.333 0 0 0 1 0 0 0 0 0
677.9 0 0 0 0 1 0 0 0 0
680.435 1 0 0 0 0 0 0 0 0
681.527 0 1 0 0 0 0 0 0 0
682.63 1 0 0 0 0 0 0 0 0
684.134 0 1 0 0 0 0 0 0 0
684.464 1 0 0 0 0 0 0 0 0
685.309 0 1 0 0 0 0 0 0 0
685.546 1 0 0 0 0 0 0 0 0
688.771 0 1 0 0 0 0 0 0 0
697.397 1 0 0 0 0 0 0 0 0
698.429 0 1 0 0 0 0 0 0 0
699.18 0 0 0 1 0 0 0 0 0
702.055 0 0 0 0 1 0 0 0 0
703.106 0 0 0 1 0 0 0 0 0
703.55 0 0 0 0 1 0 0 0 0
709.991 0 0 0 1 0 0 0 0 0
711.917 0 0 0 0 1 0 0 0 0
712.711 0 0 0 1 0 0 0 0 0
713.494 0 0 0 0 1 0 0 0 0
715.318 1 0 0 0 0 0 0 0 0
716.927 0 1 0 0 0 0 0 0 0
717.596 0 0 0 1 0 0 0 0 0
719.925 0 0 0 0 1 0 0 0 0
720.254 1 0 0 0 0 0 0 0 0
722.634 0 1 0 0 0 0 0 0 0
723.015 1 0 0 0 0 0 0 0 0
725.035 0 1 0 0 0 0 0 0 0
725.581 1 0 0 0 0 0 0 0 0
728.127 0 1 0 0 0 0 0 0 0
728.571 1 0 0 0 0 0 0 0 0
729.848 0 1 0 0 0 0 0 0 0
730.56 1 0 0 0 0 0 0 0 0
732.393 0 1 0 0 0 0 0 0 0
732.682 1 0 0 0 0 0 0 0 0
733.93 0 1 0 0 0 0 0 0 0
734.527 0 0 0 1 0 0 0 0 0
735.248 0 0 0 0 1 0 0 0 0
736.196 1 0 0 0 0 0 0 0 0
738.349 0 1 0 0 0 0 0 0 0
740.875 0 0 0 1 0 0 0 0 0
741.74 0 0 0 0 1 0 0 0 0
742.462 0 0 0 1 0 0 0 0 0
743.163 0 0 0 0 1 0 0 0 0
748.489 1 0 0 0 0 0 0 0 0
748.943 0 1 0 0 0 0 0 0 0
750.149 1 0 0 0 0 0 0 0 0
750.242 0 1 0 0 0 0 0 0 0
759.908 0 0 0 1 0 0 0 0 0
760.836 0 0 0 0 1 0 0 0 0
761.403 1 0 0 0 0 0 0 0 0
762.566 0 1 0 0 0 0 0 0 0
783.805 1 0 0 0 0 0 0 0 0
784.435 0 1 0 0 0 0 0 0 0
784.898 0 0 0 1 0 0 0 0 0
786.495 0 0 0 0 1 0 0 0 0
786.855 0 0 0 1 0 0 0 0 0
789.947 0 0 0 0 1 0 0 0 0
791.565 1 0 0 0 0 0 0 0 0
792.534 0 1 0 0 0 0 0 0 0
792.935 1 0 0 0 0 0 0 0 0
793.688 0 1 0 0 0 0 0 0 0
794.131 0 0 0 1 0 0 0 0 0
794.822 0 0 0 0 1 0 0 0 0
795.398 1 0 0 0 0 0 0 0 0
796.749 0 1 0 0 0 0 0 0 0
797.594 0 0 0 1 0 0 0 0 0
799.984 0 0 0 0 1 0 0 0 0
805.693 1 0 0 0 0 0 0 0 0
805.796 0 1 0 0 0 0 0 0 0
805.889 1 0 1 0 0 0 0 0 0
806.013 0 1 0 0 0 0 0 0 0
807.755 0 0 0 1 0 0 0 0 0
809.136 0 0 0 0 1 0 0 0 0
810.073 0 0 0 1 0 0 0 0 0
811.104 0 0 0 0 1 0 0 0 0
813.536 0 0 0 1 0 0 0 0 0
816.267 0 0 0 0 1 0 0 0 0
816.782 0 0 0 1 0 0 0 0 0
817.256 0 0 0 0 1 0 0 0 0
817.803 1 0 0 0 0 0 0 0 0
818.617 0 1 0 0 0 0 0 0 0
961.423 0 0 0 1 0 0 0 0 0
962.278 0 0 0 0 1 0 0 0 0
962.577 0 0 0 1 0 0 0 0 0
965.236 0 0 0 0 1 0 0 0 0
1020.04 0 0 0 0 0 1 0 0 0
1020.14 0 0 0 0 0 0 1 0 0
1025.43 0 0 0 0 0 1 0 0 0
1025.57 0 0 0 0 0 0 1 0 0
1030.18 0 0 0 0 0 1 0 0 0
1030.33 0 0 0 0 0 0 1 0 0
1031.32 0 0 0 0 0 1 0 0 0
1031.42 0 0 0 0 0 0 1 0 0
1031.54 0 0 0 0 0 1 0 0 0
1031.68 0 0 0 0 0 0 1 0 0
1034.1 0 0 0 0 0 1 0 0 0
1034.39 0 0 0 0 0 0 1 0 0
1051.17 1 0 0 0 0 0 0 0 0
1057.34 0 1 0 0 0 0 0 0 0
1057.92 1 0 0 0 0 0 0 0 0
1058.59 0 1 0 0 0 0 0 0 0
1058.89 0 0 0 1 0 0 0 0 0
1061.83 0 0 0 0 1 0 0 0 0
1062.32 1 0 0 0 0 0 0 0 0
1063.6 0 1 0 0 0 0 0 0 0
1064.99 1 0 0 0 0 0 0 0 0
1065.64 0 1 0 0 0 0 0 0 0
1068.16 1 0 0 0 0 0 0 0 0
1068.46 0 1 0 0 0 0 0 0 0
1069.16 1 0 0 0 0 0 0 0 0
1070.08 0 1 0 0 0 0 0 0 0
1070.75 1 0 0 0 0 0 0 0 0
1071.15 0 1 0 0 0 0 0 0 0
1072.34 1 0 0 0 0 0 0 0 0
1074.05 0 1 0 0 0 0 0 0 0
1076.8 1 0 0 0 0 0 0 0 0
1077.12 0 1 0 0 0 0 0 0 0
1077.97 1 0 0 0 0 0 0 0 0
1078.22 0 1 0 0 0 0 0 0 0
1079.01 1 0 0 0 0 0 0 0 0
1079.37 0 1 0 0 0 0 0 0 0
1080.71 1 0 0 0 0 0 0 0 0
1083.66 0 1 0 0 0 0 0 0 0
1084.13 1 0 0 0 0 0 0 0 0
1085.26 0 1 0 0 0 0 0 0 0
1101.49 0 0 0 1 0 0 0 0 0
1102.32 0 0 0 0 1 0 0 0 0
1102.46 0 0 0 1 0 0 0 0 0
1105.97 0 0 0 0 1 0 0 0 0
1106.64 0 0 0 1 0 0 0 0 0
1107.89 0 0 0 0 1 0 0 0 0
1115.91 1 0 0 0 0 0 0 0 0
1117.25 0 1 0 0 0 0 0 0 0
1117.7 1 0 0 0 0 0 0 0 0
1118.34 0 1 0 0 0 0 0 0 0
1118.83 1 0 0 0 0 0 0 0 0
1119.87 0 1 0 0 0 0 0 0 0
1120.11 1 0 0 0 0 0 0 0 0
1120.54 0 1 0 0 0 0 0 0 0
1123.26 1 0 0 0 0 0 0 0 0
1123.93 0 1 0 0 0 0 0 0 0
1124.42 1 0 0 0 0 0 0 0 0
1125.13 0 1 0 0 0 0 0 0 0
1125.72 1 0 0 0 0 0 0 0 0
1126.08 0 1 0 0 0 0 0 0 0
1171.51 1 0 0 0 0 0 0 0 0
1172.7 0 1 0 0 0 0 0 0 0
1174.07 0 0 0 1 0 0 0 0 0
1175.03 0 0 0 0 1 0 0 0 0
1176.96 0 0 0 1 0 0 0 0 0
1177.93 0 0 0 0 1 0 0 0 0
1178.55 0 0 0 1 0 0 0 0 0
1179.01 0 0 0 0 1 0 0 0 0
1179.96 0 0 0 1 0 0 0 0 0
1180.39 0 0 0 0 1 0 0 0 0
1181.56 1 0 0 0 0 0 0 0 0
1182.07 0 1 0 0 0 0 0 0 0
1183.96 1 0 0 0 0 0 0 0 0
1184.77 0 1 0 0 0 0 0 0 0
1185.51 1 0 0 0 0 0 0 0 0
1185.84 0 1 0 0 0 0 0 0 0
1186.12 0 0 0 1 0 0 0 0 0
1188.35 0 0 0 0 1 0 0 0 0
1188.58 1 0 0 0 0 0 0 0 0
1189.55 0 1 0 0 0 0 0 0 0
1189.96 1 0 0 0 0 0 0 0 0
1190.71 0 1 0 0 0 0 0 0 0
1191.51 1 0 0 0 0 0 0 0 0
1192.32 0 1 0 0 0 0 0 0 0
1193.33 1 0 0 0 0 0 0 0 0
1194.21 0 1 0 0 0 0 0 0 0
1196.09 0 0 0 1 0 0 0 0 0
1199.25 0 0 0 0 1 0 0 0 0
1201.2 1 0 0 0 0 0 0 0 0
1201.83 0 1 0 0 0 0 0 0 0
1203.88 1 0 0 0 0 0 0 0 0
1204.16 0 1 0 0 0 0 0 0 0
1204.56 1 0 0 0 0 0 0 0 0
1205.42 0 1 0 0 0 0 0 0 0
1205.93 1 0 0 0 0 0 0 0 0
1206.92 0 1 0 0 0 0 0 0 0
1207.43 0 0 0 1 0 0 0 0 0
1208.64 0 0 0 0 1 0 0 0 0
1208.92 1 0 0 0 0 0 0 0 0
1209.87 0 1 0 0 0 0 0 0 0
1213.48 1 0 0 0 0 0 0 0 0
1214.66 0 1 0 0 0 0 0 0 0
1215.03 0 0 0 1 0 0 0 0 0
1217.3 0 0 0 0 1 0 0 0 0
1217.77 1 0 0 0 0 0 0 0 0
1218.86 0 1 0 0 0 0 0 0 0
1219.79 0 0 0 1 0 0 0 0 0
1222.1 0 0 0 0 1 0 0 0 0
1222.93 0 0 0 1 0 0 0 0 0
1224.8 0 0 0 0 1 0 0 0 0
1225.38 1 0 0 0 0 0 0 0 0
1226.1 0 1 0 0 0 0 0 0 0
1226.5 0 0 0 1 0 0 0 0 0
1228.33 0 0 0 0 1 0 0 0 0
1228.78 0 0 0 1 0 0 0 0 0
1229.85 0 0 0 0 1 0 0 0 0
1231.26 1 0 0 0 0 0 0 0 0
1231.91 0 1 0 0 0 0 0 0 0
1232.18 1 0 0 0 0 0 0 0 0
1232.72 0 1 0 0 0 0 0 0 0
1233.5 1 0 0 0 0 0 0 0 0
1234.5 0 1 0 0 0 0 0 0 0
1235.86 1 0 0 0 0 0 0 0 0
1236.52 0 1 0 0 0 0 0 0 0
1236.93 1 0 0 0 0 0 0 0 0
1237.83 0 1 0 0 0 0 0 0 0
1239.4 1 0 0 0 0 0 0 0 0
1239.88 0 1 0 0 0 0 0 0 0
1240.53 1 0 0 0 0 0 0 0 0
1241.66 0 1 0 0 0 0 0 0 0
1242.14 1 0 0 0 0 0 0 0 0
1242.82 0 1 0 0 0 0 0 0 0
1243.49 0 0 0 1 0 0 0 0 0
1246.14 0 0 0 0 1 0 0 0 0
1248.08 0 0 0 1 0 0 0 0 0
1248.5 0 0 0 0 1 0 0 0 0
1251.95 1 0 0 0 0 0 0 0 0
1252.91 0 1 0 0 0 0 0 0 0
1253.6 0 0 0 1 0 0 0 0 0
1255.79 0 0 0 0 1 0 0 0 0
1257.34 0 0 0 1 0 0 0 0 0
1257.83 0 0 0 0 1 0 0 0 0
1258.71 1 0 0 0 0 0 0 0 0
1258.79 0 1 0 0 0 0 0 0 0
1258.89 1 0 1 0 0 0 0 0 0
1259 0 1 0 0 0 0 0 0 0
1263.11 0 0 0 1 0 0 0 0 0
1263.32 0 0 0 0 1 0 0 0 0
1263.67 0 0 0 1 0 0 0 0 0
1264.46 0 0 0 0 1 0 0 0 0
1265.42 1 0 0 0 0 0 0 0 0
1266.13 0 1 0 0 0 0 0 0 0
1266.67 1 0 0 0 0 0 0 0 0
1267.44 0 1 0 0 0 0 0 0 0
1267.67 0 0 0 1 0 0 0 0 0
1269.23 0 0 0 0 1 0 0 0 0
1274.82 1 0 0 0 0 0 0 0 0
1275.41 0 1 0 0 0 0 0 0 0
1276.83 1 0 0 0 0 0 0 0 0
1277.62 0 1 0 0 0 0 0 0 0
1278.24 1 0 0 0 0 0 0 0 0
1278.69 0 1 0 0 0 0 0 0 0
1279.15 1 0 0 0 0 0 0 0 0
1279.92 0 1 0 0 0 0 0 0 0
1280.59 1 0 0 0 0 0 0 0 0
1281.14 0 1 0 0 0 0 0 0 0
1281.73 1 0 0 0 0 0 0 0 0
1283.63 0 1 0 0 0 0 0 0 0
1284.05 1 0 0 0 0 0 0 0 0
1284.42 0 1 0 0 0 0 0 0 0
1284.77 1 0 0 0 0 0 0 0 0
1285.41 0 1 0 0 0 0 0 0 0
