4.00044 0 0 0 0 0 1 0 0 0
4.18636 0 0 0 0 0 0 1 0 0
30.7962 1 0 0 0 0 0 0 0 0
31.2281 0 1 0 0 0 0 0 0 0
32.0319 0 0 0 1 0 0 0 0 0
33.5984 0 0 0 0 1 0 0 0 0
33.9593 0 0 0 1 0 0 0 0 0
34.6501 0 0 0 0 1 0 0 0 0
34.752 0 0 0 1 0 0 0 0 0
35.34 0 0 0 0 1 0 0 0 0
35.6388 1 0 0 0 0 0 0 0 0
35.8557 0 1 0 0 0 0 0 0 0
36.2266 1 0 0 0 0 0 0 0 0
37.0303 0 1 0 0 0 0 0 0 0
37.6892 1 0 0 0 0 0 0 0 0
39.1117 0 1 0 0 0 0 0 0 0
40.1839 1 0 0 0 0 0 0 0 0
40.6163 0 1 0 0 0 0 0 0 0
42.7906 1 0 0 0 0 0 0 0 0
43.2135 0 1 0 0 0 0 0 0 0
43.7594 1 0 0 0 0 0 0 0 0
45.6047 0 1 0 0 0 0 0 0 0
46.1916 1 0 0 0 0 0 0 0 0
46.5115 0 1 0 0 0 0 0 0 0
47.5312 1 0 0 0 0 0 0 0 0
47.9342 0 1 0 0 0 0 0 0 0
48.3359 1 0 0 0 0 0 0 0 0
49.2217 0 1 0 0 0 0 0 0 0
49.7276 1 0 0 0 0 0 0 0 0
50.4583 0 1 0 0 0 0 0 0 0
50.7262 1 0 0 0 0 0 0 0 0
51.262 0 1 0 0 0 0 0 0 0
51.7259 1 0 0 0 0 0 0 0 0
52.2308 0 1 0 0 0 0 0 0 0
52.5606 0 0 0 1 0 0 0 0 0
53.1485 0 0 0 0 1 0 0 0 0
53.4264 0 0 0 1 0 0 0 0 0
55.0959 0 0 0 0 1 0 0 0 0
56.4875 0 0 0 1 0 0 0 0 0
59.5066 0 0 0 0 1 0 0 0 0
59.9494 1 0 0 0 0 0 0 0 0
60.3523 0 1 0 0 0 0 0 0 0
61.9898 1 0 0 0 0 0 0 0 0
62.0938 0 1 0 0 0 0 0 0 0
64.2991 1 0 0 0 0 0 0 0 0
64.8859 0 1 0 0 0 0 0 0 0
65.3708 0 0 0 1 0 0 0 0 0
65.8447 0 0 0 0 1 0 0 0 0
66.3915 1 0 0 0 0 0 0 0 0
66.7214 0 1 0 0 0 0 0 0 0
67.4832 1 0 0 0 0 0 0 0 0
67.8441 0 1 0 0 0 0 0 0 0
68.7618 1 0 0 0 0 0 0 0 0
69.1527 0 1 0 0 0 0 0 0 0
69.4016 0 0 0 1 0 0 0 0 0
69.9674 0 0 0 0 1 0 0 0 0
72.3067 0 0 0 1 0 0 0 0 0
73.5743 0 0 0 0 1 0 0 0 0
73.7802 0 0 0 1 0 0 0 0 0
74.2751 0 0 0 0 1 0 0 0 0
74.4401 1 0 0 0 0 0 0 0 0
74.9659 0 1 0 0 0 0 0 0 0
75.4089 1 0 0 0 0 0 0 0 0
76.2845 0 1 0 0 0 0 0 0 0
76.5424 0 0 0 1 0 0 0 0 0
79.0877 0 0 0 0 1 0 0 0 0
79.3766 0 0 0 1 0 0 0 0 0
80.2933 0 0 0 0 1 0 0 0 0
80.7672 1 0 0 0 0 0 0 0 0
80.8711 0 1 0 0 0 0 0 0 0
80.9841 1 0 1 0 0 0 0 0 0
81.066 0 1 0 0 0 0 0 0 0
87.4361 1 0 0 0 0 0 0 0 0
88.1669 0 1 0 0 0 0 0 0 0
88.4868 1 0 0 0 0 0 0 0 0
89.1046 0 1 0 0 0 0 0 0 0
89.7334 1 0 0 0 0 0 0 0 0
90.7531 0 1 0 0 0 0 0 0 0
91.413 1 0 0 0 0 0 0 0 0
91.784 0 1 0 0 0 0 0 0 0
92.2387 1 0 0 0 0 0 0 0 0
92.7526 0 1 0 0 0 0 0 0 0
93.0316 1 0 0 0 0 0 0 0 0
93.6492 0 1 0 0 0 0 0 0 0
93.9691 1 0 0 0 0 0 0 0 0
94.381 0 1 0 0 0 0 0 0 0
95.7416 1 0 0 0 0 0 0 0 0
96.1225 0 1 0 0 0 0 0 0 0
96.2255 1 0 1 0 0 0 0 0 0
96.8543 0 1 0 0 0 0 0 0 0
97.5043 1 0 0 0 0 0 0 0 0
98.1319 0 1 0 0 0 0 0 0 0
98.4928 1 0 0 0 0 0 0 0 0
99.2346 0 1 0 0 0 0 0 0 0
99.7815 1 0 0 0 0 0 0 0 0
100.368 0 1 0 0 0 0 0 0 0
113.724 1 0 0 0 0 0 0 0 0
114.672 0 1 0 0 0 0 0 0 0
115.012 1 0 0 0 0 0 0 0 0
115.579 0 1 0 0 0 0 0 0 0
116.27 1 0 0 0 0 0 0 0 0
116.888 0 1 0 0 0 0 0 0 0
116.98 0 0 0 1 0 0 0 0 0
118.011 0 0 0 0 1 0 0 0 0
118.413 0 0 0 1 0 0 0 0 0
119.763 0 0 0 0 1 0 0 0 0
120.742 1 0 0 0 0 0 0 0 0
121.556 0 1 0 0 0 0 0 0 0
123.462 0 0 0 0 0 1 0 0 0
124.771 0 0 0 0 0 0 1 0 0
129.552 0 0 0 0 0 1 0 0 0
130.429 0 0 0 0 0 0 1 0 0
130.8 0 0 0 0 0 1 0 0 0
132.305 0 0 0 0 0 0 1 0 0
132.974 0 0 0 0 0 1 0 0 0
134.768 0 0 0 0 0 0 1 0 0
137.168 0 0 0 0 0 1 0 0 0
137.333 0 0 0 0 0 0 1 0 0
160.396 0 0 0 0 0 1 0 0 0
160.562 0 0 0 0 0 0 1 0 0
162.9 0 0 0 0 0 1 0 0 0
163.055 0 0 0 0 0 0 1 0 0
192.126 1 0 0 0 0 0 0 0 0
192.838 0 1 0 0 0 0 0 0 0
193.92 1 0 0 0 0 0 0 0 0
194.569 0 1 0 0 0 0 0 0 0
195.249 0 0 0 1 0 0 0 0 0
196.321 0 0 0 0 1 0 0 0 0
196.693 0 0 0 1 0 0 0 0 0
197.589 0 0 0 0 1 0 0 0 0
198.526 0 0 0 1 0 0 0 0 0
199.67 0 0 0 0 1 0 0 0 0
202.864 0 0 0 1 0 0 0 0 0
204.235 0 0 0 0 1 0 0 0 0
204.648 0 0 0 1 0 0 0 0 0
205.265 0 0 0 0 1 0 0 0 0
206.482 0 0 0 1 0 0 0 0 0
206.987 0 0 0 0 1 0 0 0 0
207.419 0 0 0 1 0 0 0 0 0
207.657 0 0 0 0 1 0 0 0 0
210.666 0 0 0 1 0 0 0 0 0
211.181 0 0 0 0 1 0 0 0 0
211.994 1 0 0 0 0 0 0 0 0
212.994 0 1 0 0 0 0 0 0 0
215.592 1 0 0 0 0 0 0 0 0
216.21 0 1 0 0 0 0 0 0 0
216.767 1 0 0 0 0 0 0 0 0
217.127 0 1 0 0 0 0 0 0 0
217.416 0 0 0 1 0 0 0 0 0
219.075 0 0 0 0 1 0 0 0 0
219.508 1 0 0 0 0 0 0 0 0
219.745 0 1 0 0 0 0 0 0 0
221.517 1 0 0 0 0 0 0 0 0
222.022 0 1 0 0 0 0 0 0 0
222.58 1 0 0 0 0 0 0 0 0
222.95 0 1 0 0 0 0 0 0 0
223.889 1 0 0 0 0 0 0 0 0
225.155 0 1 0 0 0 0 0 0 0
225.856 1 0 0 0 0 0 0 0 0
226.278 0 1 0 0 0 0 0 0 0
227.537 1 0 0 0 0 0 0 0 0
228.205 0 1 0 0 0 0 0 0 0
228.844 1 0 0 0 0 0 0 0 0
230.99 0 1 0 0 0 0 0 0 0
231.318 1 0 0 0 0 0 0 0 0
232.162 0 1 0 0 0 0 0 0 0
232.554 1 0 0 0 0 0 0 0 0
232.884 0 1 0 0 0 0 0 0 0
233.246 0 0 0 1 0 0 0 0 0
236.017 0 0 0 0 1 0 0 0 0
237.058 0 0 0 1 0 0 0 0 0
237.347 0 0 0 0 1 0 0 0 0
237.985 1 0 0 0 0 0 0 0 0
238.438 0 1 0 0 0 0 0 0 0
239.449 1 0 0 0 0 0 0 0 0
240.047 0 1 0 0 0 0 0 0 0
240.459 1 0 0 0 0 0 0 0 0
241.119 0 1 0 0 0 0 0 0 0
243.303 0 0 0 0 0 1 0 0 0
243.375 0 0 0 0 0 0 1 0 0
243.52 0 0 0 0 0 1 0 0 0
245.643 0 0 0 0 0 0 1 0 0
245.807 0 0 0 0 0 1 0 0 0
245.931 0 0 0 0 0 0 1 0 0
276.662 1 0 0 0 0 0 0 0 0
277.209 0 1 0 0 0 0 0 0 0
277.641 1 0 0 0 0 0 0 0 0
278.413 0 1 0 0 0 0 0 0 0
278.764 1 0 0 0 0 0 0 0 0
279.455 0 1 0 0 0 0 0 0 0
279.671 1 0 0 0 0 0 0 0 0
280.465 0 1 0 0 0 0 0 0 0
280.795 0 0 0 1 0 0 0 0 0
281.103 0 0 0 0 1 0 0 0 0
281.99 0 0 0 1 0 0 0 0 0
282.165 0 0 0 0 1 0 0 0 0
282.526 0 0 0 1 0 0 0 0 0
283.175 0 0 0 0 1 0 0 0 0
283.413 1 0 0 0 0 0 0 0 0
284.267 0 1 0 0 0 0 0 0 0
286.071 1 0 0 0 0 0 0 0 0
287.618 0 1 0 0 0 0 0 0 0
288.482 1 0 0 0 0 0 0 0 0
288.884 0 1 0 0 0 0 0 0 0
289.317 1 0 0 0 0 0 0 0 0
290.42 0 1 0 0 0 0 0 0 0
290.771 1 0 0 0 0 0 0 0 0
291.316 0 1 0 0 0 0 0 0 0
291.626 1 0 0 0 0 0 0 0 0
292.306 0 1 0 0 0 0 0 0 0
293.203 1 0 0 0 0 0 0 0 0
293.801 0 1 0 0 0 0 0 0 0
294.707 1 0 0 0 0 0 0 0 0
294.769 0 1 0 0 0 0 0 0 0
295.13 0 0 0 1 0 0 0 0 0
296.14 0 0 0 0 1 0 0 0 0
299.901 1 0 0 0 0 0 0 0 0
301.448 0 1 0 0 0 0 0 0 0
302.055 1 0 0 0 0 0 0 0 0
302.478 0 1 0 0 0 0 0 0 0
302.818 1 0 0 0 0 0 0 0 0
303.395 0 1 0 0 0 0 0 0 0
303.756 1 0 0 0 0 0 0 0 0
304.169 0 1 0 0 0 0 0 0 0
304.734 1 0 0 0 0 0 0 0 0
305.106 0 1 0 0 0 0 0 0 0
306.374 0 0 0 1 0 0 0 0 0
307.527 0 0 0 0 1 0 0 0 0
309.167 1 0 0 0 0 0 0 0 0
309.95 0 1 0 0 0 0 0 0 0
310.455 1 0 0 0 0 0 0 0 0
310.908 0 1 0 0 0 0 0 0 0
312.021 1 0 0 0 0 0 0 0 0
312.433 0 1 0 0 0 0 0 0 0
313.453 1 0 0 0 0 0 0 0 0
313.856 0 1 0 0 0 0 0 0 0
329.242 1 0 0 0 0 0 0 0 0
329.841 0 1 0 0 0 0 0 0 0
330.046 0 0 0 1 0 0 0 0 0
330.881 0 0 0 0 1 0 0 0 0
331.933 0 0 0 1 0 0 0 0 0
334.065 0 0 0 0 1 0 0 0 0
334.179 0 0 0 1 0 0 0 0 0
334.281 0 0 0 0 1 0 0 0 0
334.426 0 0 0 1 0 0 0 0 0
335.354 0 0 0 0 1 0 0 0 0
335.735 1 0 0 0 0 0 0 0 0
336.745 0 1 0 0 0 0 0 0 0
337.064 1 0 0 0 0 0 0 0 0
337.816 0 1 0 0 0 0 0 0 0
338.188 1 0 0 0 0 0 0 0 0
338.754 0 1 0 0 0 0 0 0 0
339.425 1 0 0 0 0 0 0 0 0
340.342 0 1 0 0 0 0 0 0 0
340.898 0 0 0 1 0 0 0 0 0
341.887 0 0 0 0 1 0 0 0 0
342.712 0 0 0 1 0 0 0 0 0
343.269 0 0 0 0 1 0 0 0 0
343.815 0 0 0 1 0 0 0 0 0
344.423 0 0 0 0 1 0 0 0 0
344.691 0 0 0 1 0 0 0 0 0
344.876 0 0 0 0 1 0 0 0 0
345.855 1 0 0 0 0 0 0 0 0
346.505 0 1 0 0 0 0 0 0 0
346.979 1 0 0 0 0 0 0 0 0
347.452 0 1 0 0 0 0 0 0 0
347.761 0 0 0 1 0 0 0 0 0
348.421 0 0 0 0 1 0 0 0 0
348.864 0 0 0 1 0 0 0 0 0
349.4 0 0 0 0 1 0 0 0 0
350.38 0 0 0 1 0 0 0 0 0
350.822 0 0 0 0 1 0 0 0 0
351.348 0 0 0 1 0 0 0 0 0
351.822 0 0 0 0 1 0 0 0 0
352.275 0 0 0 1 0 0 0 0 0
353.182 0 0 0 0 1 0 0 0 0
353.492 0 0 0 1 0 0 0 0 0
353.986 0 0 0 0 1 0 0 0 0
354.429 0 0 0 1 0 0 0 0 0
355.554 0 0 0 0 1 0 0 0 0
357.841 0 0 0 1 0 0 0 0 0
358.582 0 0 0 0 1 0 0 0 0
358.923 1 0 0 0 0 0 0 0 0
359.345 0 1 0 0 0 0 0 0 0
360.016 1 0 0 0 0 0 0 0 0
360.746 0 1 0 0 0 0 0 0 0
361.282 1 0 0 0 0 0 0 0 0
361.695 0 1 0 0 0 0 0 0 0
