0.000000 0.000000
1.000000 0.000000
2.000000 0.051645
3.000000 0.051645
4.000000 0.000000
5.000000 0.000000
6.000000 0.000000
7.000000 0.000000
8.000000 0.048063
9.000000 0.048063
10.000000 0.157592
11.000000 0.157592
12.000000 0.000000
13.000000 0.000000
14.000000 0.035982
15.000000 0.035982
16.000000 0.032019
17.000000 0.032019
18.000000 0.000000
19.000000 0.000000
20.000000 0.058952
21.000000 0.058952
22.000000 0.000000
23.000000 0.000000
24.000000 0.095988
25.000000 0.095988
26.000000 0.000000
27.000000 0.000000
28.000000 0.000000
29.000000 0.000000
30.000000 0.079013
31.000000 0.079013
32.000000 0.000000
33.000000 0.000000
34.000000 0.000000
35.000000 0.000000
36.000000 0.044022
37.000000 0.044022
38.000000 0.000000
39.000000 0.000000
40.000000 0.000000
41.000000 0.000000
42.000000 0.120375
43.000000 0.120375
44.000000 0.000000
45.000000 0.000000
46.000000 0.000000
47.000000 0.000000
48.000000 0.000000
49.000000 0.000000
50.000000 0.000000
51.000000 0.000000
52.000000 0.131087
53.000000 0.131087
54.000000 0.034920
55.000000 0.034920
56.000000 0.000000
57.000000 0.000000
58.000000 0.000000
59.000000 0.000000
60.000000 0.135639
61.000000 0.135639
62.000000 0.140186
63.000000 0.140186
64.000000 0.000000
65.000000 0.000000
66.000000 0.000000
67.000000 0.000000
68.000000 0.018835
69.000000 0.018835
70.000000 0.000000
71.000000 0.000000
72.000000 0.125896
73.000000 0.125896
74.000000 0.000000
75.000000 0.000000
76.000000 0.000000
77.000000 0.000000
78.000000 0.000000
79.000000 0.000000
80.000000 0.000000
81.000000 0.000000
82.000000 0.019308
83.000000 0.019308
84.000000 0.113585
85.000000 0.113585
86.000000 0.106487
87.000000 0.106487
88.000000 0.000000
89.000000 0.000000
90.000000 0.000000
91.000000 0.000000
92.000000 0.000000
93.000000 0.000000
94.000000 0.000000
95.000000 0.000000
96.000000 0.000000
97.000000 0.000000
98.000000 0.040951
99.000000 0.040951
100.000000 0.477312
101.000000 0.477312
102.000000 0.379583
103.000000 0.379583
104.000000 0.427483
105.000000 0.427483
106.000000 0.322822
107.000000 0.322822
108.000000 0.379902
109.000000 0.379902
110.000000 0.541481
111.000000 0.541481
112.000000 0.287356
113.000000 0.287356
114.000000 0.369325
115.000000 0.369325
116.000000 0.623694
117.000000 0.623694
118.000000 0.431431
119.000000 0.431431
120.000000 0.000000
121.000000 0.000000
122.000000 0.135180
123.000000 0.135180
124.000000 0.000000
125.000000 0.000000
126.000000 0.000000
127.000000 0.000000
128.000000 0.000000
129.000000 0.000000
130.000000 0.090886
131.000000 0.090886
132.000000 0.139408
133.000000 0.139408
134.000000 0.000000
135.000000 0.000000
136.000000 0.060655
137.000000 0.060655
138.000000 0.111575
139.000000 0.111575
140.000000 0.157125
141.000000 0.157125
142.000000 0.131010
143.000000 0.131010
144.000000 0.000000
145.000000 0.000000
146.000000 0.152937
147.000000 0.152937
148.000000 0.000000
149.000000 0.000000
150.000000 0.000000
151.000000 0.000000
152.000000 0.000000
153.000000 0.000000
154.000000 0.063388
155.000000 0.063388
156.000000 0.151919
157.000000 0.151919
158.000000 0.156586
159.000000 0.156586
160.000000 0.034679
161.000000 0.034679
162.000000 0.157106
163.000000 0.157106
164.000000 0.000000
165.000000 0.000000
166.000000 0.000000
167.000000 0.000000
168.000000 0.000000
169.000000 0.000000
170.000000 0.000000
171.000000 0.000000
172.000000 0.127580
173.000000 0.127580
174.000000 0.000000
175.000000 0.000000
176.000000 0.000000
177.000000 0.000000
178.000000 0.000000
179.000000 0.000000
180.000000 0.000000
181.000000 0.000000
182.000000 0.000000
183.000000 0.000000
184.000000 0.128709
185.000000 0.128709
186.000000 0.092462
187.000000 0.092462
188.000000 0.000000
189.000000 0.000000
190.000000 0.000000
191.000000 0.000000
192.000000 0.033203
193.000000 0.033203
194.000000 0.012292
195.000000 0.012292
196.000000 0.000000
197.000000 0.000000
198.000000 0.124139
199.000000 0.124139
200.000000 0.000000
201.000000 0.000000
202.000000 0.151879
203.000000 0.151879
204.000000 0.000000
205.000000 0.000000
206.000000 0.064073
207.000000 0.064073
208.000000 0.000000
209.000000 0.000000
210.000000 0.000000
211.000000 0.000000
212.000000 0.154215
213.000000 0.154215
214.000000 0.011890
215.000000 0.011890
216.000000 0.059911
217.000000 0.059911
218.000000 0.037637
219.000000 0.037637
220.000000 0.087806
221.000000 0.087806
222.000000 0.168463
223.000000 0.168463
224.000000 0.079684
225.000000 0.079684
226.000000 0.125062
227.000000 0.125062
228.000000 0.172145
229.000000 0.172145
230.000000 0.090811
231.000000 0.090811
232.000000 0.000000
233.000000 0.000000
234.000000 0.000000
235.000000 0.000000
236.000000 0.000000
237.000000 0.000000
238.000000 0.068093
239.000000 0.068093
240.000000 0.160565
241.000000 0.160565
242.000000 0.080166
243.000000 0.080166
244.000000 0.082864
245.000000 0.082864
246.000000 0.000000
247.000000 0.000000
248.000000 0.000000
249.000000 0.000000
250.000000 0.026127
251.000000 0.026127
252.000000 0.000000
253.000000 0.000000
254.000000 0.116804
255.000000 0.116804
256.000000 0.110405
257.000000 0.110405
258.000000 0.000000
259.000000 0.000000
260.000000 0.000000
261.000000 0.000000
262.000000 0.060886
263.000000 0.060886
264.000000 0.033329
265.000000 0.033329
266.000000 0.000000
267.000000 0.000000
268.000000 0.000000
269.000000 0.000000
270.000000 0.000000
271.000000 0.000000
272.000000 0.000000
273.000000 0.000000
274.000000 0.000000
275.000000 0.000000
276.000000 0.012086
277.000000 0.012086
278.000000 0.171636
279.000000 0.171636
280.000000 0.076072
281.000000 0.076072
282.000000 0.168020
283.000000 0.168020
284.000000 0.000000
285.000000 0.000000
286.000000 0.047906
287.000000 0.047906
288.000000 0.161134
289.000000 0.161134
290.000000 0.000000
291.000000 0.000000
292.000000 0.157293
293.000000 0.157293
294.000000 0.140782
295.000000 0.140782
296.000000 0.000000
297.000000 0.000000
298.000000 0.081883
299.000000 0.081883
300.000000 0.000000
