0.0000000000 0.0000000000
1.0000000000 0.8414709848
2.0000000000 0.9092974268
3.0000000000 0.1411200081
4.0000000000 -0.7568024953
5.0000000000 -0.9589242747
6.0000000000 -0.2794154982
7.0000000000 0.6569865987
8.0000000000 0.9893582466
9.0000000000 0.4121184852
10.0000000000 -0.5440211109
11.0000000000 -0.9999902066
12.0000000000 -0.5365729180
13.0000000000 0.4201670368
14.0000000000 0.9906073557
15.0000000000 0.6502878402
16.0000000000 -0.2879033167
17.0000000000 -0.9613974919
18.0000000000 -0.7509872468
19.0000000000 0.1498772097
20.0000000000 0.9129452507
21.0000000000 0.8366556385
22.0000000000 -0.0088513093
23.0000000000 -0.8462204042
24.0000000000 -0.9055783620
25.0000000000 -0.1323517501
26.0000000000 0.7625584505
27.0000000000 0.9563759284
28.0000000000 0.2709057883
29.0000000000 -0.6636338842
30.0000000000 -0.9880316241
31.0000000000 -0.4040376453
32.0000000000 0.5514266812
33.0000000000 0.9999118601
34.0000000000 0.5290826861
35.0000000000 -0.4281826695
36.0000000000 -0.9917788534
37.0000000000 -0.6435381334
38.0000000000 0.2963685787
39.0000000000 0.9637953863
40.0000000000 0.7451131605
41.0000000000 -0.1586226688
42.0000000000 -0.9165215479
43.0000000000 -0.8317747426
44.0000000000 0.0177019251
45.0000000000 0.8509035245
46.0000000000 0.9017883476
47.0000000000 0.1235731227
48.0000000000 -0.7682546613
49.0000000000 -0.9537526528
50.0000000000 -0.2623748537
51.0000000000 0.6702291758
52.0000000000 0.9866275920
53.0000000000 0.3959251502
54.0000000000 -0.5587890489
55.0000000000 -0.9997551734
56.0000000000 -0.5215510021
57.0000000000 0.4361647552
58.0000000000 0.9928726481
59.0000000000 0.6367380071
60.0000000000 -0.3048106211
61.0000000000 -0.9661177700
62.0000000000 -0.7391806966
63.0000000000 0.1673557003
64.0000000000 0.9200260382
65.0000000000 0.8268286795
66.0000000000 -0.0265511540
67.0000000000 -0.8555199790
68.0000000000 -0.8979276807
69.0000000000 -0.1147848138
70.0000000000 0.7738906816
71.0000000000 0.9510546533
72.0000000000 0.2538233628
73.0000000000 -0.6767719569
74.0000000000 -0.9851462605
75.0000000000 -0.3877816354
76.0000000000 0.5661076369
77.0000000000 0.9995201586
78.0000000000 0.5139784560
79.0000000000 -0.4441126687
80.0000000000 -0.9938886539
81.0000000000 -0.6298879943
82.0000000000 0.3132287824
83.0000000000 0.9683644611
84.0000000000 0.7331903201
85.0000000000 -0.1760756199
86.0000000000 -0.9234584470
87.0000000000 -0.8218178366
88.0000000000 0.0353983027
89.0000000000 0.8600694058
90.0000000000 0.8939966636
91.0000000000 0.1059875118
92.0000000000 -0.7794660696
93.0000000000 -0.9482821413
94.0000000000 -0.2452519855
95.0000000000 0.6832617147
96.0000000000 0.9835877454
97.0000000000 0.3796077390
98.0000000000 -0.5733818720
99.0000000000 -0.9992068342
100.0000000000 -0.5063656411
101.0000000000 0.4520257872
102.0000000000 0.9948267914
103.0000000000 0.6229886314
104.0000000000 -0.3216224032
105.0000000000 -0.9705352835
106.0000000000 -0.7271425001
107.0000000000 0.1847817446
108.0000000000 0.9268185054
109.0000000000 0.8167426066
110.0000000000 -0.0442426781
111.0000000000 -0.8645514486
112.0000000000 -0.8899956044
113.0000000000 -0.0971819059
114.0000000000 0.7849803887
115.0000000000 0.9454353340
116.0000000000 0.2366613934
117.0000000000 -0.6896979409
118.0000000000 -0.9819521690
119.0000000000 -0.3714041014
120.0000000000 0.5806111842
121.0000000000 0.9988152247
122.0000000000 0.4987131539
123.0000000000 -0.4599034907
124.0000000000 -0.9956869869
125.0000000000 -0.6160404592
126.0000000000 0.3299908257
127.0000000000 0.9726300672
128.0000000000 0.7210377105
129.0000000000 -0.1934733920
130.0000000000 -0.9301059502
131.0000000000 -0.8116033871
132.0000000000 0.0530835871
133.0000000000 0.8689657562
134.0000000000 0.8859248165
135.0000000000 0.0883686861
136.0000000000 -0.7904332067
137.0000000000 -0.9425144546
138.0000000000 -0.2280522595
139.0000000000 0.6960801312
140.0000000000 0.9802396594
141.0000000000 0.3631713654
142.0000000000 -0.5877950072
143.0000000000 -0.9983453609
144.0000000000 -0.4910215939
145.0000000000 0.4677451620
146.0000000000 0.9964691731
147.0000000000 0.6090440219
148.0000000000 -0.3383333943
149.0000000000 -0.9746486481
150.0000000000 -0.7148764296
151.0000000000 0.2021498814
152.0000000000 0.9333205237
153.0000000000 0.8064005808
154.0000000000 -0.0619203373
155.0000000000 -0.8733119828
156.0000000000 -0.8817846188
157.0000000000 -0.0795485429
158.0000000000 0.7958240965
159.0000000000 0.9395197317
160.0000000000 0.2194252584
161.0000000000 -0.7024077856
162.0000000000 -0.9784503508
163.0000000000 -0.3549101758
164.0000000000 0.5949327780
165.0000000000 0.9977972794
166.0000000000 0.4832915637
167.0000000000 -0.4755501869
168.0000000000 -0.9971732888
169.0000000000 -0.6019998677
170.0000000000 0.3466494555
171.0000000000 0.9765908679
172.0000000000 0.7086591402
173.0000000000 -0.2108105329
174.0000000000 -0.9364619743
175.0000000000 -0.8011345952
176.0000000000 0.0707522361
177.0000000000 0.8775897878
178.0000000000 0.8775753358
179.0000000000 0.0707221672
180.0000000000 -0.8011526357
181.0000000000 -0.9364514001
182.0000000000 -0.2107810659
183.0000000000 0.7086804082
184.0000000000 0.9765843833
185.0000000000 0.3466211801
186.0000000000 -0.6020239376
187.0000000000 -0.9971710234
188.0000000000 -0.4755236690
189.0000000000 0.4833179537
190.0000000000 0.9977992787
191.0000000000 0.5949085485
192.0000000000 -0.3549383577
193.0000000000 -0.9784565746
194.0000000000 -0.7023863293
195.0000000000 0.2194546680
196.0000000000 0.9395300556
197.0000000000 0.7958058429
198.0000000000 -0.0795785917
199.0000000000 -0.8817988361
200.0000000000 -0.8732972972
201.0000000000 -0.0618902507
202.0000000000 0.8064184069
203.0000000000 0.9333097002
204.0000000000 0.2021203593
205.0000000000 -0.7148975078
206.0000000000 -0.9746419031
207.0000000000 -0.3383050275
208.0000000000 0.6090679302
209.0000000000 0.9964666418
210.0000000000 0.4677185183
211.0000000000 -0.4910478539
212.0000000000 -0.9983470938
213.0000000000 -0.5877706198
214.0000000000 0.3631994514
215.0000000000 0.9802456220
216.0000000000 0.6960584883
217.0000000000 -0.2280816094
218.0000000000 -0.9425245273
219.0000000000 -0.7904147415
220.0000000000 0.0883987125
221.0000000000 0.8859387979
222.0000000000 0.8689508382
223.0000000000 0.0530534853
224.0000000000 -0.8116209974
225.0000000000 -0.9300948780
226.0000000000 -0.1934438172
227.0000000000 0.7210585971
228.0000000000 0.9726230625
229.0000000000 0.3299623697
230.0000000000 -0.6160642041
231.0000000000 -0.9956841898
232.0000000000 -0.4598767232
233.0000000000 0.4987392818
234.0000000000 0.9988166912
235.0000000000 0.5805866410
236.0000000000 -0.3714320894
237.0000000000 -0.9819578698
238.0000000000 -0.6896761132
239.0000000000 0.2366906813
240.0000000000 0.9454451549
241.0000000000 0.7849617133
242.0000000000 -0.0972119075
243.0000000000 -0.8900093489
244.0000000000 -0.8645362993
245.0000000000 -0.0442125632
246.0000000000 0.8167599996
247.0000000000 0.9268071855
248.0000000000 0.1847521192
249.0000000000 -0.7271631934
250.0000000000 -0.9705280195
251.0000000000 -0.3215938603
252.0000000000 0.6230122110
253.0000000000 0.9948237287
254.0000000000 0.4519988981
255.0000000000 -0.5063916349
256.0000000000 -0.9992080341
257.0000000000 -0.5733571748
258.0000000000 0.3796356268
259.0000000000 0.9835931839
260.0000000000 0.6832397038
261.0000000000 -0.2452812091
262.0000000000 -0.9482917095
263.0000000000 -0.7794471855
264.0000000000 0.1060174863
265.0000000000 0.8940101701
266.0000000000 0.8600540265
267.0000000000 0.0353681773
268.0000000000 -0.8218350110
269.0000000000 -0.9234468802
270.0000000000 -0.1760459465
271.0000000000 0.7332108186
272.0000000000 0.9683569384
273.0000000000 0.3132001549
274.0000000000 -0.6299114067
275.0000000000 -0.9938853259
276.0000000000 -0.4440856600
277.0000000000 0.5140043137
278.0000000000 0.9995210918
279.0000000000 0.5660827877
280.0000000000 -0.3878094208
281.0000000000 -0.9851514363
282.0000000000 -0.6767497645
283.0000000000 0.2538525198
284.0000000000 0.9510639681
285.0000000000 0.7738715902
286.0000000000 -0.1148147588
287.0000000000 -0.8979409481
288.0000000000 -0.8555043708
289.0000000000 -0.0265210203
290.0000000000 0.8268456339
291.0000000000 0.9200142255
292.0000000000 0.1673259810
293.0000000000 -0.7392009988
294.0000000000 -0.9661099893
295.0000000000 -0.3047819111
296.0000000000 0.6367612506
297.0000000000 0.9928690550
298.0000000000 0.4361376291
299.0000000000 -0.5215767216
300.0000000000 -0.9997558399
301.0000000000 -0.5587640496
302.0000000000 0.3959528310
303.0000000000 0.9866325048
304.0000000000 0.6702068038
305.0000000000 -0.2624039419
306.0000000000 -0.9537617135
307.0000000000 -0.7682353642
308.0000000000 0.1236030360
309.0000000000 0.9018013750
310.0000000000 0.8508876887
311.0000000000 0.0176717855
312.0000000000 -0.8317914758
313.0000000000 -0.9165094902
314.0000000000 -0.1585929060
315.0000000000 0.7451332646
316.0000000000 0.9637873481
317.0000000000 0.2963397885
318.0000000000 -0.6435612060
319.0000000000 -0.9917749956
320.0000000000 -0.4281554281
321.0000000000 0.5291082655
322.0000000000 0.9999122599
323.0000000000 0.5514015339
324.0000000000 -0.4040652195
325.0000000000 -0.9880362735
326.0000000000 -0.6636113342
327.0000000000 0.2709348053
328.0000000000 0.9563847343
329.0000000000 0.7625389492
330.0000000000 -0.1323816292
331.0000000000 -0.9055911482
332.0000000000 -0.8462043419
333.0000000000 -0.0088211661
334.0000000000 0.8366721491
335.0000000000 0.9129329489
336.0000000000 0.1498474057
337.0000000000 -0.7510071513
338.0000000000 -0.9613891968
339.0000000000 -0.2878744485
340.0000000000 0.6503107402
341.0000000000 0.9906032334
342.0000000000 0.4201396822
343.0000000000 -0.5365983552
344.0000000000 -0.9999903395
345.0000000000 -0.5439958174
346.0000000000 0.4121459505
347.0000000000 0.9893626322
348.0000000000 0.6569638725
349.0000000000 -0.2794444418
350.0000000000 -0.9589328250
351.0000000000 -0.7567827913
352.0000000000 0.1411498507
353.0000000000 0.9093099709
354.0000000000 0.8414546974
355.0000000000 -0.0000301444
356.0000000000 -0.8414872715
357.0000000000 -0.9092848819
358.0000000000 -0.1410901653
359.0000000000 0.7568221986
360.0000000000 0.9589157234
361.0000000000 0.2793865544
362.0000000000 -0.6570093243
363.0000000000 -0.9893538602
364.0000000000 -0.4120910196
365.0000000000 0.5440464039
366.0000000000 0.9999900727
367.0000000000 0.5365474803
368.0000000000 -0.4201943910
369.0000000000 -0.9906114771
370.0000000000 -0.6502649396
371.0000000000 0.2879321846
372.0000000000 0.9614057861
373.0000000000 0.7509673416
374.0000000000 -0.1499070135
375.0000000000 -0.9129575517
376.0000000000 -0.8366391272
377.0000000000 0.0088814525
378.0000000000 0.8462364657
379.0000000000 0.9055655750
380.0000000000 0.1323218709
381.0000000000 -0.7625779511
382.0000000000 -0.9563671216
383.0000000000 -0.2708767711
384.0000000000 0.6636564336
385.0000000000 0.9880269738
386.0000000000 0.4040100708
387.0000000000 -0.5514518281
388.0000000000 -0.9999114594
389.0000000000 -0.5290571063
390.0000000000 0.4282099105
391.0000000000 0.9917827104
392.0000000000 0.6435150602
393.0000000000 -0.2963973687
394.0000000000 -0.9638034236
395.0000000000 -0.7450930557
396.0000000000 0.1586524314
397.0000000000 0.9165336048
398.0000000000 0.8317580087
399.0000000000 -0.0177320647
400.0000000000 -0.8509193596
401.0000000000 -0.9017753195
402.0000000000 -0.1235432094
403.0000000000 0.7682739577
404.0000000000 0.9537435912
405.0000000000 0.2623457653
406.0000000000 -0.6702515473
407.0000000000 -0.9866226783
408.0000000000 -0.3958974690
409.0000000000 0.5588140476
410.0000000000 0.9997545059
411.0000000000 0.5215252821
412.0000000000 -0.4361918810
413.0000000000 -0.9928762402
414.0000000000 -0.6367147631
415.0000000000 0.3048393308
416.0000000000 0.9661255499
417.0000000000 0.7391603939
418.0000000000 -0.1673854194
419.0000000000 -0.9200378501
420.0000000000 -0.8268117243
421.0000000000 0.0265812877
422.0000000000 0.8555355864
423.0000000000 0.8979144125
424.0000000000 0.1147548686
425.0000000000 -0.7739097722
426.0000000000 -0.9510453375
427.0000000000 -0.2537942055
428.0000000000 0.6767941486
429.0000000000 0.9851410837
430.0000000000 0.3877538496
431.0000000000 -0.5661324856
432.0000000000 -0.9995192244
433.0000000000 -0.5139525978
434.0000000000 0.4441396770
435.0000000000 0.9938919810
436.0000000000 0.6298645813
437.0000000000 -0.3132574097
438.0000000000 -0.9683719829
439.0000000000 -0.7331698209
440.0000000000 0.1761052933
441.0000000000 0.9234700129
442.0000000000 0.8218006615
443.0000000000 -0.0354284282
444.0000000000 -0.8600847844
445.0000000000 -0.8939831563
446.0000000000 -0.1059575371
447.0000000000 0.7794849530
448.0000000000 0.9482725722
449.0000000000 0.2452227616
450.0000000000 -0.6832837250
451.0000000000 -0.9835823060
452.0000000000 -0.3795798509
453.0000000000 0.5734065686
454.0000000000 0.9992056334
455.0000000000 0.5063396468
456.0000000000 -0.4520526759
457.0000000000 -0.9948298531
458.0000000000 -0.6229650513
459.0000000000 0.3216509457
460.0000000000 0.9705425467
461.0000000000 0.7271218061
462.0000000000 -0.1848113697
463.0000000000 -0.9268298245
464.0000000000 -0.8167252129
465.0000000000 0.0442727929
466.0000000000 0.8645665971
467.0000000000 0.8899818591
468.0000000000 0.0971519042
469.0000000000 -0.7849990634
470.0000000000 -0.9454255123
471.0000000000 -0.2366321052
472.0000000000 0.6897197681
473.0000000000 0.9819464674
474.0000000000 0.3713761131
475.0000000000 -0.5806357269
476.0000000000 -0.9988137573
477.0000000000 -0.4986870255
478.0000000000 0.4599302577
479.0000000000 0.9956897831
480.0000000000 0.6160167138
481.0000000000 -0.3300192813
482.0000000000 -0.9726370711
483.0000000000 -0.7210168233
484.0000000000 0.1935029667
485.0000000000 0.9301170215
486.0000000000 0.8115857762
487.0000000000 -0.0531136890
488.0000000000 -0.8689806734
489.0000000000 -0.8859108342
490.0000000000 -0.0883386596
491.0000000000 0.7904516712
492.0000000000 0.9425043809
493.0000000000 0.2280229094
494.0000000000 -0.6961017735
495.0000000000 -0.9802336960
496.0000000000 -0.3631432790
497.0000000000 0.5878193940
498.0000000000 0.9983436270
499.0000000000 0.4909953335
500.0000000000 -0.4677718053
501.0000000000 -0.9964717036
502.0000000000 -0.6090201130
503.0000000000 0.3383617608
504.0000000000 0.9746553922
505.0000000000 0.7148553508
506.0000000000 -0.2021794033
507.0000000000 -0.9333313465
508.0000000000 -0.8063827540
509.0000000000 0.0619504237
510.0000000000 0.8733266675
511.0000000000 0.8817704008
512.0000000000 0.0795184940
513.0000000000 -0.7958423494
514.0000000000 -0.9395094070
515.0000000000 -0.2193958486
516.0000000000 0.7024292412
517.0000000000 0.9784441261
518.0000000000 0.3548819937
519.0000000000 -0.5949570070
520.0000000000 -0.9977952793
521.0000000000 -0.4832651733
522.0000000000 0.4755767043
523.0000000000 0.9971755532
524.0000000000 0.6019757973
525.0000000000 -0.3466777306
526.0000000000 -0.9765973517
527.0000000000 -0.7086378715
528.0000000000 0.2108399997
529.0000000000 0.9364725475
530.0000000000 0.8011165539
531.0000000000 -0.0707823049
532.0000000000 -0.8776042390
533.0000000000 -0.8775608830
534.0000000000 -0.0706920983
535.0000000000 0.8011706756
536.0000000000 0.9364408251
537.0000000000 0.2107515987
538.0000000000 -0.7087016757
539.0000000000 -0.9765778978
540.0000000000 -0.3465929044
541.0000000000 0.6020480069
542.0000000000 0.9971687571
543.0000000000 0.4754971507
544.0000000000 -0.4833443432
545.0000000000 -0.9978012770
546.0000000000 -0.5948843184
547.0000000000 0.3549665391
548.0000000000 0.9784627976
549.0000000000 0.7023648723
550.0000000000 -0.2194840774
551.0000000000 -0.9395403786
552.0000000000 -0.7957875886
553.0000000000 0.0796086404
554.0000000000 0.8818130525
555.0000000000 0.8732826109
556.0000000000 0.0618601641
557.0000000000 -0.8064362322
558.0000000000 -0.9332988757
559.0000000000 -0.2020908370
560.0000000000 0.7149185853
561.0000000000 0.9746351573
562.0000000000 0.3382766605
563.0000000000 -0.6090918379
564.0000000000 -0.9964641095
565.0000000000 -0.4676918742
566.0000000000 0.4910741134
567.0000000000 0.9983488258
568.0000000000 0.5877462319
569.0000000000 -0.3632275370
570.0000000000 -0.9802515836
571.0000000000 -0.6960368448
572.0000000000 0.2281109591
573.0000000000 0.9425345992
574.0000000000 0.7903962755
575.0000000000 -0.0884287388
576.0000000000 -0.8859527785
577.0000000000 -0.8689359194
578.0000000000 -0.0530233833
579.0000000000 0.8116386069
580.0000000000 0.9300838050
581.0000000000 0.1934142421
582.0000000000 -0.7210794830
583.0000000000 -0.9726160568
584.0000000000 -0.3299339135
585.0000000000 0.6160879484
586.0000000000 0.9956813917
587.0000000000 0.4598499554
588.0000000000 -0.4987654093
589.0000000000 -0.9988181568
590.0000000000 -0.5805620972
591.0000000000 0.3714600771
592.0000000000 0.9819635696
593.0000000000 0.6896542848
594.0000000000 -0.2367199690
595.0000000000 -0.9454549750
596.0000000000 -0.7849430372
597.0000000000 0.0972419091
598.0000000000 0.8900230925
599.0000000000 0.8645211493
600.0000000000 0.0441824483
