14.9289 0 0 0 0 0 1 0 0 0
17.2793 0 0 0 0 0 0 1 0 0
25.1513 0 0 0 0 0 1 0 0 0
27.1088 0 0 0 0 0 0 1 0 0
29.1186 0 0 0 0 0 1 0 0 0
30.7049 0 0 0 0 0 0 1 0 0
34.9918 0 0 0 0 0 1 0 0 0
36.9603 0 0 0 0 0 0 1 0 0
52.7128 0 0 0 1 0 0 0 0 0
54.8188 0 0 0 0 1 0 0 0 0
55.2417 1 0 0 0 0 0 0 0 0
56.8083 0 1 0 0 0 0 0 0 0
56.8693 0 0 0 1 0 0 0 0 0
60.6933 0 0 0 0 1 0 0 0 0
61.0532 1 0 0 0 0 0 0 0 0
61.899 0 1 0 0 0 0 0 0 0
64.8152 1 0 0 0 0 0 0 0 0
65.711 0 1 0 0 0 0 0 0 0
65.856 1 0 0 0 0 0 0 0 0
65.938 0 1 0 0 0 0 0 0 0
66.021 1 0 1 0 0 0 0 0 0
66.0829 0 1 0 0 0 0 0 0 0
68.5553 1 0 0 0 0 0 0 0 0
75.1406 0 1 0 0 0 0 0 0 0
75.3785 1 0 0 0 0 0 0 0 0
76.4803 0 1 0 0 0 0 0 0 0
76.6353 1 0 0 0 0 0 0 0 0
77.9849 0 1 0 0 0 0 0 0 0
79.5105 1 0 0 0 0 0 0 0 0
91.2165 0 1 0 0 0 0 0 0 0
91.4845 1 0 0 0 0 0 0 0 0
91.5675 0 1 0 0 0 0 0 0 0
91.6494 1 0 1 0 0 0 0 0 0
91.7324 0 1 0 0 0 0 0 0 0
97.3381 1 0 0 0 0 0 0 0 0
101.81 0 0 0 1 0 0 0 0 0
104.696 0 1 0 0 1 0 0 0 0
105.159 1 0 0 0 0 0 0 0 0
105.665 0 1 0 0 0 0 0 0 0
105.85 1 0 0 0 0 0 0 0 0
105.912 0 1 0 0 0 0 0 0 0
105.994 1 0 1 0 0 0 0 0 0
106.077 0 1 0 0 0 0 0 0 0
107.066 1 0 0 0 0 0 0 0 0
116.876 0 1 0 0 0 0 0 0 0
117.125 1 0 0 0 0 0 0 0 0
117.206 0 1 0 0 0 0 0 0 0
117.289 1 0 1 0 0 0 0 0 0
117.361 0 1 0 0 0 0 0 0 0
118.546 1 0 0 0 0 0 0 0 0
120.493 0 1 0 0 0 0 0 0 0
130.88 1 0 0 0 0 0 0 0 0
132.117 0 1 0 0 0 0 0 0 0
132.323 1 0 0 0 0 0 0 0 0
132.416 0 1 0 0 0 0 0 0 0
132.478 1 0 1 0 0 0 0 0 0
132.581 0 1 0 0 0 0 0 0 0
133.323 1 0 0 0 0 0 0 0 0
134.19 0 1 0 0 0 0 0 0 0
134.199 0 0 0 1 0 0 0 0 0
138.548 0 0 0 0 1 0 0 0 0
138.65 1 0 0 0 0 0 0 0 0
139.444 0 1 0 0 0 0 0 0 0
139.516 0 0 0 1 0 0 0 0 0
140.65 0 0 0 0 1 0 0 0 0
141.392 1 0 0 0 0 0 0 0 0
142.547 0 0 0 1 0 0 0 0 0
145.989 0 1 0 0 1 0 0 0 0
146.689 1 0 0 0 0 0 0 0 0
146.781 0 1 0 0 0 0 0 0 0
146.864 1 0 1 0 0 0 0 0 0
146.967 0 1 0 0 0 0 0 0 0
149.132 1 0 0 0 0 0 0 0 0
154.161 0 1 0 0 0 0 0 0 0
154.429 1 0 0 0 0 0 0 0 0
158.189 0 1 0 0 0 0 0 0 0
158.21 0 0 0 1 0 0 0 0 0
161.951 0 0 0 0 1 0 0 0 0
162.271 1 0 0 0 0 0 0 0 0
163.971 0 1 0 0 0 0 0 0 0
164.321 1 0 0 0 0 0 0 0 0
164.63 0 1 0 0 0 0 0 0 0
164.651 0 0 0 1 0 0 0 0 0
168.896 0 0 0 0 1 0 0 0 0
169.175 1 0 0 0 0 0 0 0 0
170.483 0 1 0 0 0 0 0 0 0
170.73 1 0 0 0 0 0 0 0 0
180.984 0 1 0 0 0 0 0 0 0
182.118 0 0 0 1 0 0 0 0 0
182.675 0 0 0 0 1 0 0 0 0
182.942 0 0 0 0 0 1 0 0 0
184.426 0 0 0 0 0 0 1 0 0
184.787 0 0 0 0 0 1 0 0 0
186.177 0 0 0 0 0 0 1 0 0
195.699 0 0 0 0 0 1 0 0 0
195.947 0 0 0 0 0 0 1 0 0
197.339 0 0 0 0 0 1 0 0 0
198.141 0 0 0 0 0 0 1 0 0
222.059 1 0 0 0 0 0 0 0 0
222.698 0 1 0 0 0 0 0 0 0
222.719 0 0 0 1 0 0 0 0 0
226.696 0 0 0 0 1 0 0 0 0
228.006 1 0 0 0 0 0 0 0 0
228.088 0 1 0 0 0 0 0 0 0
228.171 1 0 1 0 0 0 0 0 0
228.263 0 1 0 0 0 0 0 0 0
230.128 1 0 0 0 0 0 0 0 0
235.971 0 1 0 0 0 0 0 0 0
236.105 1 0 0 0 0 0 0 0 0
237.269 0 1 0 0 0 0 0 0 0
237.31 0 0 0 1 0 0 0 0 0
241.958 0 0 0 0 1 0 0 0 0
242.102 1 0 0 0 0 0 0 0 0
243.051 0 1 0 0 0 0 0 0 0
243.319 1 0 0 0 0 0 0 0 0
243.401 0 1 0 0 0 0 0 0 0
243.484 1 0 1 0 0 0 0 0 0
243.545 0 1 0 0 0 0 0 0 0
244.606 1 0 0 0 0 0 0 0 0
255.983 0 1 0 0 0 0 0 0 0
256.118 1 0 0 0 0 0 0 0 0
256.211 0 1 0 0 0 0 0 0 0
256.293 1 0 1 0 0 0 0 0 0
256.364 0 1 0 0 0 0 0 0 0
257.735 1 0 0 0 0 0 0 0 0
261.311 0 1 0 0 0 0 0 0 0
261.393 0 0 0 1 0 0 0 0 0
266.371 0 0 0 0 1 0 0 0 0
266.721 1 0 0 0 0 0 0 0 0
268.462 0 1 0 0 0 0 0 0 0
270.349 1 0 0 0 0 0 0 0 0
270.452 0 1 0 0 0 0 0 0 0
270.555 1 0 1 0 0 0 0 0 0
270.627 0 1 0 0 0 0 0 0 0
273.44 1 0 0 0 0 0 0 0 0
273.574 0 1 0 0 0 0 0 0 0
280.098 1 0 0 0 0 0 0 0 0
280.932 0 1 0 0 0 0 0 0 0
281.674 1 0 0 0 0 0 0 0 0
283.282 0 1 0 0 0 0 0 0 0
283.798 1 0 0 0 0 0 0 0 0
300.924 0 1 0 0 0 0 0 0 0
301.233 1 0 0 0 0 0 0 0 0
301.285 0 1 0 0 0 0 0 0 0
301.377 1 0 1 0 0 0 0 0 0
301.46 0 1 0 0 0 0 0 0 0
324.718 1 0 0 0 0 0 0 0 0
326.688 0 1 0 0 0 0 0 0 0
327.016 0 0 0 1 0 0 0 0 0
330.736 0 0 0 0 1 0 0 0 0
336.909 1 0 0 0 0 0 0 0 0
338.578 0 1 0 0 0 0 0 0 0
344.184 1 0 0 0 0 0 0 0 0
349.295 0 1 0 0 0 0 0 0 0
349.646 1 0 0 0 0 0 0 0 0
349.739 0 1 0 0 0 0 0 0 0
349.8 1 0 1 0 0 0 0 0 0
349.883 0 1 0 0 0 0 0 0 0
352.737 1 0 0 0 0 0 0 0 0
362.125 0 1 0 0 0 0 0 0 0
