3.16878 0 0 0 0 0 1 0 0 0
6.375 0 0 0 0 0 0 1 0 0
31.4566 1 0 0 0 0 0 0 0 0
32.4864 0 1 0 0 0 0 0 0 0
33.5071 1 0 0 0 0 0 0 0 0
47.1916 0 1 0 0 0 0 0 0 0
48.0694 1 0 0 0 0 0 0 0 0
50.4168 0 1 0 0 0 0 0 0 0
50.4998 0 0 0 1 0 0 0 0 0
50.9637 0 0 0 0 1 0 0 0 0
51.0976 1 0 0 0 0 0 0 0 0
52.9831 0 1 0 0 0 0 0 0 0
53.375 1 0 0 0 0 0 0 0 0
53.437 0 1 0 0 0 0 0 0 0
53.519 1 0 1 0 0 0 0 0 0
53.5909 0 1 0 0 0 0 0 0 0
55.2295 1 0 0 0 0 0 0 0 0
56.0954 0 1 0 0 0 0 0 0 0
56.1263 0 0 0 1 0 0 0 0 0
61.8758 0 0 0 0 1 0 0 0 0
62.1648 1 0 0 0 0 0 0 0 0
62.8556 0 1 0 0 0 0 0 0 0
62.8956 0 0 0 1 0 0 0 0 0
65.8539 0 0 0 0 1 0 0 0 0
66.2657 1 0 0 0 0 0 0 0 0
66.3687 0 1 0 0 0 0 0 0 0
66.4308 1 0 1 0 0 0 0 0 0
66.5457 0 1 0 0 0 0 0 0 0
68.0593 1 0 0 0 0 0 0 0 0
69.048 0 1 0 0 0 0 0 0 0
69.1003 0 0 0 1 0 0 0 0 0
70.4806 0 0 0 0 1 0 0 0 0
70.6246 1 0 0 0 0 0 0 0 0
71.3574 0 1 0 0 0 0 0 0 0
71.3664 0 0 0 1 0 0 0 0 0
74.3246 0 0 0 0 1 0 0 0 0
74.7576 1 0 0 0 0 0 0 0 0
77.8798 0 1 0 0 0 0 0 0 0
79.7253 1 0 0 0 0 0 0 0 0
79.7963 0 1 0 0 0 0 0 0 0
79.8682 1 0 1 0 0 0 0 0 0
79.9822 0 1 0 0 0 0 0 0 0
81.8168 1 0 0 0 0 0 0 0 0
84.0632 0 1 0 0 0 0 0 0 0
84.939 1 0 0 0 0 0 0 0 0
86.8455 0 1 0 0 0 0 0 0 0
88.1231 1 0 0 0 0 0 0 0 0
88.3811 0 1 0 0 0 0 0 0 0
88.4433 1 0 1 0 0 0 0 0 0
88.5351 0 1 0 0 0 0 0 0 0
90.4416 1 0 0 0 0 0 0 0 0
99.6242 0 1 0 0 0 0 0 0 0
99.9122 1 0 0 0 0 0 0 0 0
99.9841 0 1 0 0 0 0 0 0 0
100.057 1 0 1 0 0 0 0 0 0
100.139 0 1 0 0 0 0 0 0 0
107.919 1 0 0 0 0 0 0 0 0
110.032 0 1 0 0 0 0 0 0 0
110.186 1 0 0 0 0 0 0 0 0
110.268 0 1 0 0 0 0 0 0 0
110.35 1 0 1 0 0 0 0 0 0
110.412 0 1 0 0 0 0 0 0 0
111.567 1 0 0 0 0 0 0 0 0
119.646 0 1 0 0 0 0 0 0 0
120.522 1 0 0 0 0 0 0 0 0
121.943 0 1 0 0 0 0 0 0 0
123.933 0 0 0 0 0 1 0 0 0
125.263 0 0 0 0 0 0 1 0 0
156.734 1 0 0 0 0 0 0 0 0
161.268 0 1 0 0 0 0 0 0 0
162.628 1 0 0 0 0 0 0 0 0
162.721 0 1 0 0 0 0 0 0 0
162.793 1 0 1 0 0 0 0 0 0
162.896 0 1 0 0 0 0 0 0 0
164.009 1 0 0 0 0 0 0 0 0
167.987 0 1 0 0 0 0 0 0 0
168.028 0 0 0 1 0 0 0 0 0
170.213 0 0 0 0 1 0 0 0 0
170.697 0 0 0 1 0 0 0 0 0
173.468 0 0 0 0 1 0 0 0 0
174.241 1 0 0 0 0 0 0 0 0
178.384 0 1 0 0 0 0 0 0 0
178.56 1 0 0 0 0 0 0 0 0
178.642 0 1 0 0 0 0 0 0 0
178.714 1 0 1 0 0 0 0 0 0
178.807 0 1 0 0 0 0 0 0 0
180.209 1 0 0 0 0 0 0 0 0
182.136 0 1 0 0 0 0 0 0 0
182.166 0 0 0 1 0 0 0 0 0
185.938 0 0 0 0 1 0 0 0 0
186.35 1 0 0 0 0 0 0 0 0
188.144 0 1 0 0 0 0 0 0 0
188.596 1 0 0 0 0 0 0 0 0
189.08 0 1 0 0 0 0 0 0 0
189.101 0 0 0 1 0 0 0 0 0
191.121 0 0 0 0 1 0 0 0 0
191.791 1 0 0 0 0 0 0 0 0
191.895 0 1 0 0 0 0 0 0 0
191.977 1 0 1 0 0 0 0 0 0
192.07 0 1 0 0 0 0 0 0 0
194.893 1 0 0 0 0 0 0 0 0
202.056 0 1 0 0 0 0 0 0 0
205.311 1 0 0 0 0 0 0 0 0
207.156 0 1 0 0 0 0 0 0 0
207.362 1 0 0 0 0 0 0 0 0
207.465 0 1 0 0 0 0 0 0 0
207.517 1 0 1 0 0 0 0 0 0
207.599 0 1 0 0 0 0 0 0 0
209.258 1 0 0 0 0 0 0 0 0
218.275 0 1 0 0 0 0 0 0 0
218.47 1 0 0 0 0 0 0 0 0
218.563 0 1 0 0 0 0 0 0 0
218.625 1 0 1 0 0 0 0 0 0
218.708 0 1 0 0 0 0 0 0 0
219.13 0 0 0 1 0 0 0 0 0
219.923 0 0 0 0 1 0 0 0 0
220.16 1 0 0 0 0 0 0 0 0
220.861 0 1 0 0 0 0 0 0 0
221.181 1 0 0 0 0 0 0 0 0
222.036 0 1 0 0 0 0 0 0 0
222.149 0 0 0 1 0 0 0 0 0
223.613 0 0 0 0 1 0 0 0 0
223.89 1 0 0 0 0 0 0 0 0
224.839 0 1 0 0 0 0 0 0 0
225.581 1 0 0 0 0 0 0 0 0
227.806 0 1 0 0 0 0 0 0 0
228.095 1 0 0 0 0 0 0 0 0
229.352 0 1 0 0 0 0 0 0 0
229.62 1 0 0 0 0 0 0 0 0
229.713 0 1 0 0 0 0 0 0 0
229.786 1 0 1 0 0 0 0 0 0
229.878 0 1 0 0 0 0 0 0 0
234.928 1 0 0 0 0 0 0 0 0
241.399 0 1 0 0 0 0 0 0 0
242.337 0 0 0 0 0 1 0 0 0
244.727 0 0 0 0 0 0 1 0 0
270.819 1 0 0 0 0 0 0 0 0
272.346 0 1 0 0 0 0 0 0 0
272.551 0 0 0 1 0 0 0 0 0
275.766 0 0 0 0 1 0 0 0 0
276.107 1 0 0 0 0 0 0 0 0
278.034 0 1 0 0 0 0 0 0 0
280.146 1 0 0 0 0 0 0 0 0
280.219 0 1 0 0 0 0 0 0 0
280.301 1 0 1 0 0 0 0 0 0
280.394 0 1 0 0 0 0 0 0 0
281.909 1 0 0 0 0 0 0 0 0
291.915 0 1 0 0 0 0 0 0 0
292.101 0 0 0 1 0 0 0 0 0
292.205 0 0 0 0 1 0 0 0 0
292.276 0 0 0 1 0 0 0 0 0
292.369 0 0 0 0 1 0 0 0 0
292.925 1 0 0 0 0 0 0 0 0
293.028 0 1 0 0 0 0 0 0 0
293.101 1 0 1 0 0 0 0 0 0
293.204 0 1 0 0 0 0 0 0 0
294.945 1 0 0 0 0 0 0 0 0
301.489 0 1 0 0 0 0 0 0 0
301.623 1 0 0 0 0 0 0 0 0
301.706 0 1 0 0 0 0 0 0 0
301.788 1 0 1 0 0 0 0 0 0
301.871 0 1 0 0 0 0 0 0 0
303.653 1 0 0 0 0 0 0 0 0
310.732 0 1 0 0 0 0 0 0 0
313.515 1 0 0 0 0 0 0 0 0
313.618 0 1 0 0 0 0 0 0 0
313.69 1 0 1 0 0 0 0 0 0
313.793 0 1 0 0 0 0 0 0 0
316.617 1 0 0 0 0 0 0 0 0
319.585 0 1 0 0 0 0 0 0 0
319.76 0 0 0 1 0 0 0 0 0
321.718 0 0 0 0 1 0 0 0 0
323.232 1 0 0 0 0 0 0 0 0
323.315 0 1 0 0 0 0 0 0 0
323.397 1 0 1 0 0 0 0 0 0
323.49 0 1 0 0 0 0 0 0 0
324.562 0 0 0 1 0 0 0 0 0
324.892 0 0 0 0 1 0 0 0 0
324.954 0 0 0 1 0 0 0 0 0
326.695 0 0 0 0 1 0 0 0 0
327.097 1 0 0 0 0 0 0 0 0
329.25 0 1 0 0 0 0 0 0 0
329.796 0 0 0 1 0 0 0 0 0
331.641 0 0 0 0 1 0 0 0 0
332.084 1 0 0 0 0 0 0 0 0
333.722 0 0 0 1 0 0 0 0 0
334.289 0 1 0 0 1 0 0 0 0
334.754 1 0 0 0 0 0 0 0 0
334.835 0 1 0 0 0 0 0 0 0
334.907 1 0 1 0 0 0 0 0 0
335 0 1 0 0 0 0 0 0 0
340.225 1 0 0 0 0 0 0 0 0
348.449 0 1 0 0 0 0 0 0 0
349.519 1 0 0 0 0 0 0 0 0
349.602 0 1 0 0 0 0 0 0 0
349.664 1 0 1 0 0 0 0 0 0
349.746 0 1 0 0 0 0 0 0 0
