3.6466 0 0 0 0 0 1 0 0 0
6.96464 0 0 0 0 0 0 1 0 0
32.5221 1 0 0 0 0 0 0 0 0
34.0268 0 1 0 0 0 0 0 0 0
34.0788 0 0 0 1 0 0 0 0 0
37.665 0 0 0 0 1 0 0 0 0
37.7178 1 0 0 0 0 0 0 0 0
38.7366 0 1 0 0 0 0 0 0 0
38.7675 0 0 0 1 0 0 0 0 0
41.293 0 0 0 0 1 0 0 0 0
41.3249 1 0 0 0 0 0 0 0 0
42.0447 0 1 0 0 0 0 0 0 0
42.0547 0 0 0 1 0 0 0 0 0
43.4054 0 0 0 0 1 0 0 0 0
44.3631 0 0 0 1 0 0 0 0 0
50.9184 0 0 0 0 1 0 0 0 0
52.721 1 0 0 0 0 0 0 0 0
52.7939 0 1 0 0 0 0 0 0 0
52.8759 1 0 1 0 0 0 0 0 0
52.9889 0 1 0 0 0 0 0 0 0
55.7302 1 0 0 0 0 0 0 0 0
61.4907 0 1 0 0 0 0 0 0 0
61.8107 1 0 0 0 0 0 0 0 0
65.2218 0 1 0 0 0 0 0 0 0
65.2538 0 0 0 1 0 0 0 0 0
67.1903 0 0 0 0 1 0 0 0 0
67.7981 1 0 0 0 0 0 0 0 0
67.8801 0 1 0 0 0 0 0 0 0
67.9631 1 0 1 0 0 0 0 0 0
68.0351 0 1 0 0 0 0 0 0 0
69.6527 1 0 0 0 0 0 0 0 0
70.0855 0 1 0 0 0 0 0 0 0
70.4264 1 0 0 0 0 0 0 0 0
77.0528 0 1 0 0 0 0 0 0 0
83.843 0 0 0 0 0 1 0 0 0
85.8215 0 0 0 0 0 0 1 0 0
89.7895 0 0 0 0 0 1 0 0 0
93.5506 0 0 0 0 0 0 1 0 0
99.0852 0 0 0 0 0 1 0 0 0
101.764 0 0 0 0 0 0 1 0 0
124.014 1 0 0 0 0 0 0 0 0
127.363 0 1 0 0 0 0 0 0 0
127.94 1 0 0 0 0 0 0 0 0
129.712 0 1 0 0 0 0 0 0 0
148.879 1 0 0 0 0 0 0 0 0
150.116 0 1 0 0 0 0 0 0 0
150.538 1 0 0 0 0 0 0 0 0
150.621 0 1 0 0 0 0 0 0 0
150.672 1 0 1 0 0 0 0 0 0
150.765 0 1 0 0 0 0 0 0 0
153.372 1 0 0 0 0 0 0 0 0
163.152 0 1 0 0 0 0 0 0 0
164.101 1 0 0 0 0 0 0 0 0
169.551 0 0 0 1 0 0 0 0 0
173.92 0 1 0 0 1 0 0 0 0
174.002 1 0 0 0 0 0 0 0 0
175.043 0 1 0 0 0 0 0 0 0
175.713 1 0 0 0 0 0 0 0 0
175.796 0 1 0 0 0 0 0 0 0
175.878 1 0 1 0 0 0 0 0 0
175.971 0 1 0 0 0 0 0 0 0
178.299 0 0 0 1 0 0 0 0 0
179.351 0 0 0 0 1 0 0 0 0
179.495 1 0 0 0 0 0 0 0 0
181.421 0 1 0 0 0 0 0 0 0
182.596 0 0 0 0 0 1 0 0 0
184.977 0 0 0 0 0 0 1 0 0
214.8 1 0 0 0 0 0 0 0 0
218.087 0 1 0 0 0 0 0 0 0
220.169 1 0 0 0 0 0 0 0 0
220.241 0 1 0 0 0 0 0 0 0
220.313 1 0 1 0 0 0 0 0 0
220.395 0 1 0 0 0 0 0 0 0
221.21 1 0 0 0 0 0 0 0 0
222.756 0 1 0 0 0 0 0 0 0
223.003 1 0 0 0 0 0 0 0 0
223.446 0 1 0 0 0 0 0 0 0
223.755 1 0 0 0 0 0 0 0 0
229.31 0 1 0 0 0 0 0 0 0
229.383 0 0 0 1 0 0 0 0 0
232.597 0 0 0 0 1 0 0 0 0
232.834 1 0 0 0 0 0 0 0 0
235.03 0 1 0 0 0 0 0 0 0
235.451 1 0 0 0 0 0 0 0 0
235.533 0 1 0 0 0 0 0 0 0
235.606 1 0 1 0 0 0 0 0 0
235.688 0 1 0 0 0 0 0 0 0
238.08 1 0 0 0 0 0 0 0 0
238.812 0 1 0 0 0 0 0 0 0
238.895 0 0 0 1 0 0 0 0 0
240.903 0 0 0 0 1 0 0 0 0
241.274 1 0 0 0 0 0 0 0 0
242.171 0 1 0 0 0 0 0 0 0
242.253 0 0 0 1 0 0 0 0 0
245.128 0 0 0 0 1 0 0 0 0
245.86 1 0 0 0 0 0 0 0 0
247.9 0 1 0 0 0 0 0 0 0
248.838 1 0 0 0 0 0 0 0 0
248.89 0 1 0 0 0 0 0 0 0
248.962 1 0 1 0 0 0 0 0 0
249.075 0 1 0 0 0 0 0 0 0
250.272 1 0 0 0 0 0 0 0 0
252.743 0 1 0 0 0 0 0 0 0
252.899 0 0 0 1 0 0 0 0 0
254.649 0 0 0 0 1 0 0 0 0
254.814 1 0 0 0 0 0 0 0 0
256.794 0 1 0 0 0 0 0 0 0
260.699 1 0 0 0 0 0 0 0 0
267.15 0 1 0 0 0 0 0 0 0
267.294 1 0 0 0 0 0 0 0 0
267.387 0 1 0 0 0 0 0 0 0
267.469 1 0 1 0 0 0 0 0 0
267.541 0 1 0 0 0 0 0 0 0
270.016 1 0 0 0 0 0 0 0 0
271.313 0 1 0 0 0 0 0 0 0
271.396 0 0 0 1 0 0 0 0 0
272.21 0 0 0 0 1 0 0 0 0
272.859 1 0 0 0 0 0 0 0 0
276.693 0 1 0 0 0 0 0 0 0
277.63 1 0 0 0 0 0 0 0 0
277.713 0 1 0 0 0 0 0 0 0
277.796 1 0 1 0 0 0 0 0 0
277.889 0 1 0 0 0 0 0 0 0
278.805 1 0 0 0 0 0 0 0 0
281.32 0 1 0 0 0 0 0 0 0
282.484 0 0 0 0 0 1 0 0 0
284.844 0 0 0 0 0 0 1 0 0
307.381 1 0 0 0 0 0 0 0 0
319.501 0 1 0 0 0 0 0 0 0
319.748 1 0 0 0 0 0 0 0 0
319.83 0 1 0 0 0 0 0 0 0
319.912 1 0 1 0 0 0 0 0 0
319.985 0 1 0 0 0 0 0 0 0
322.396 1 0 0 0 0 0 0 0 0
322.88 0 1 0 0 0 0 0 0 0
322.932 0 0 0 1 0 0 0 0 0
325.456 0 0 0 0 1 0 0 0 0
325.879 1 0 0 0 0 0 0 0 0
326.652 0 1 0 0 0 0 0 0 0
328.476 1 0 0 0 0 0 0 0 0
328.559 0 1 0 0 0 0 0 0 0
328.641 1 0 1 0 0 0 0 0 0
328.713 0 1 0 0 0 0 0 0 0
339.762 1 0 0 0 0 0 0 0 0
342.707 0 1 0 0 0 0 0 0 0
342.738 0 0 0 1 0 0 0 0 0
346.624 0 0 0 0 1 0 0 0 0
347.066 1 0 0 0 0 0 0 0 0
348.705 0 1 0 0 0 0 0 0 0
349.323 1 0 0 0 0 0 0 0 0
352.674 0 1 0 0 0 0 0 0 0
352.704 0 0 0 1 0 0 0 0 0
356.445 0 0 0 0 1 0 0 0 0
356.753 1 0 0 0 0 0 0 0 0
357.464 0 1 0 0 0 0 0 0 0
357.959 1 0 0 0 0 0 0 0 0
360.566 0 1 0 0 0 0 0 0 0
