23.6947 1 0 0 0 0 0 0 0 0
36.1436 0 1 0 0 0 0 0 0 0
36.2975 1 0 0 0 0 0 0 0 0
36.4005 0 1 0 0 0 0 0 0 0
36.4835 1 0 1 0 0 0 0 0 0
36.5554 0 1 0 0 0 0 0 0 0
38.5749 1 0 0 0 0 0 0 0 0
39.7186 0 1 0 0 0 0 0 0 0
40.4614 1 0 0 0 0 0 0 0 0
41.0793 0 1 0 0 0 0 0 0 0
41.4504 1 0 0 0 0 0 0 0 0
42.017 0 1 0 0 0 0 0 0 0
42.5839 1 0 0 0 0 0 0 0 0
51.4566 0 1 0 0 0 0 0 0 0
53.5481 1 0 0 0 0 0 0 0 0
54.2389 0 1 0 0 0 0 0 0 0
54.3419 0 0 0 1 0 0 0 0 0
60.5973 0 0 0 0 1 0 0 0 0
61.5662 1 0 0 0 0 0 0 0 0
63.7915 0 1 0 0 0 0 0 0 0
64.7812 0 0 0 1 0 0 0 0 0
65.4711 0 0 0 0 1 0 0 0 0
65.75 1 0 0 0 0 0 0 0 0
68.3673 0 0 0 1 0 0 0 0 0
69.0881 0 1 0 0 1 0 0 0 0
69.1091 1 0 0 0 0 0 0 0 0
72.2213 0 1 0 0 0 0 0 0 0
72.2743 0 0 0 1 0 0 0 0 0
73.488 0 0 0 0 1 0 0 0 0
73.5302 1 0 0 0 0 0 0 0 0
78.0738 0 1 0 0 0 0 0 0 0
78.136 0 0 0 1 0 0 0 0 0
80.8372 0 0 0 0 1 0 0 0 0
81.7119 1 0 0 0 0 0 0 0 0
81.8249 0 1 0 0 0 0 0 0 0
81.8978 1 0 1 0 0 0 0 0 0
81.9898 0 1 0 0 0 0 0 0 0
85.9989 0 0 0 1 0 0 0 0 0
90.7806 0 0 0 0 1 0 0 0 0
91.4604 0 0 0 1 0 0 0 0 0
92.7901 0 0 0 0 1 0 0 0 0
93.5729 1 0 0 0 0 0 0 0 0
93.6658 0 1 0 0 0 0 0 0 0
93.739 1 0 1 0 0 0 0 0 0
93.8208 0 1 0 0 0 0 0 0 0
95.7783 1 0 0 0 0 0 0 0 0
103.002 0 1 0 0 0 0 0 0 0
103.116 0 0 0 1 0 0 0 0 0
104.682 0 0 0 0 1 0 0 0 0
105.487 1 0 0 0 0 0 0 0 0
108.495 0 1 0 0 0 0 0 0 0
108.526 0 0 0 1 0 0 0 0 0
109.629 0 0 0 0 1 0 0 0 0
110.01 1 0 0 0 0 0 0 0 0
110.989 0 1 0 0 0 0 0 0 0
111.155 1 0 0 0 0 0 0 0 0
111.246 0 1 0 0 0 0 0 0 0
111.308 1 0 1 0 0 0 0 0 0
111.401 0 1 0 0 0 0 0 0 0
113.813 1 0 0 0 0 0 0 0 0
123.365 0 1 0 0 0 0 0 0 0
130.197 1 0 0 0 0 0 0 0 0
131.094 0 1 0 0 0 0 0 0 0
132.919 1 0 0 0 0 0 0 0 0
133.001 0 1 0 0 0 0 0 0 0
133.074 1 0 1 0 0 0 0 0 0
133.166 0 1 0 0 0 0 0 0 0
144.203 1 0 0 0 0 0 0 0 0
149.057 0 1 0 0 0 0 0 0 0
149.418 1 0 0 0 0 0 0 0 0
154.25 0 1 0 0 0 0 0 0 0
157.198 0 0 0 1 0 0 0 0 0
160.073 0 0 0 0 1 0 0 0 0
161.103 1 0 0 0 0 0 0 0 0
164.597 0 1 0 0 0 0 0 0 0
164.916 1 0 0 0 0 0 0 0 0
164.999 0 1 0 0 0 0 0 0 0
165.081 1 0 1 0 0 0 0 0 0
165.174 0 1 0 0 0 0 0 0 0
169.852 1 0 0 0 0 0 0 0 0
181.321 0 1 0 0 0 0 0 0 0
183.403 0 0 0 0 0 1 0 0 0
185.402 0 0 0 0 0 0 1 0 0
210.651 1 0 0 0 0 0 0 0 0
230.169 0 1 0 0 0 0 0 0 0
230.366 1 0 0 0 0 0 0 0 0
230.458 0 1 0 0 0 0 0 0 0
230.55 1 0 1 0 0 0 0 0 0
230.633 0 1 0 0 0 0 0 0 0
232.333 1 0 0 0 0 0 0 0 0
241.804 0 1 0 0 0 0 0 0 0
242.175 1 0 0 0 0 0 0 0 0
242.248 0 1 0 0 0 0 0 0 0
242.331 1 0 1 0 0 0 0 0 0
242.412 0 1 0 0 0 0 0 0 0
244.431 1 0 0 0 0 0 0 0 0
255.119 0 1 0 0 0 0 0 0 0
255.737 0 0 0 1 0 0 0 0 0
258.479 0 0 0 0 1 0 0 0 0
259.509 1 0 0 0 0 0 0 0 0
262.137 0 1 0 0 0 0 0 0 0
262.395 0 0 0 1 0 0 0 0 0
265.084 0 0 0 0 1 0 0 0 0
265.115 1 0 0 0 0 0 0 0 0
265.662 0 1 0 0 0 0 0 0 0
265.754 0 0 0 1 0 0 0 0 0
266.393 0 0 0 0 1 0 0 0 0
266.414 1 0 0 0 0 0 0 0 0
267.042 0 1 0 0 0 0 0 0 0
267.434 1 0 0 0 0 0 0 0 0
269.465 0 1 0 0 0 0 0 0 0
269.496 0 0 0 1 0 0 0 0 0
272.515 0 0 0 0 1 0 0 0 0
272.628 1 0 0 0 0 0 0 0 0
274.071 0 1 0 0 0 0 0 0 0
274.515 1 0 0 0 0 0 0 0 0
275.74 0 1 0 0 0 0 0 0 0
275.967 0 0 0 1 0 0 0 0 0
278.606 0 0 0 0 1 0 0 0 0
278.926 1 0 0 0 0 0 0 0 0
279.657 0 1 0 0 0 0 0 0 0
279.729 0 0 0 1 0 0 0 0 0
280.203 0 0 0 0 1 0 0 0 0
281.41 1 0 0 0 0 0 0 0 0
281.471 0 1 0 0 0 0 0 0 0
281.553 1 0 1 0 0 0 0 0 0
281.657 0 1 0 0 0 0 0 0 0
289.892 1 0 0 0 0 0 0 0 0
289.984 0 1 0 0 0 0 0 0 0
290.046 1 0 1 0 0 0 0 0 0
290.149 0 1 0 0 0 0 0 0 0
290.529 1 0 0 0 0 0 0 0 0
301.227 0 1 0 0 0 0 0 0 0
302.051 1 0 0 0 0 0 0 0 0
302.155 0 1 0 0 0 0 0 0 0
302.216 1 0 1 0 0 0 0 0 0
302.339 0 1 0 0 0 0 0 0 0
308.235 1 0 0 0 0 0 0 0 0
312.253 0 1 0 0 0 0 0 0 0
312.295 0 0 0 1 0 0 0 0 0
317.51 0 0 0 0 1 0 0 0 0
317.798 1 0 0 0 0 0 0 0 0
320.281 0 1 0 0 0 0 0 0 0
320.941 1 0 0 0 0 0 0 0 0
322.62 0 1 0 0 0 0 0 0 0
323.137 0 0 0 1 0 0 0 0 0
325.146 0 0 0 0 1 0 0 0 0
325.414 1 0 0 0 0 0 0 0 0
326.062 0 1 0 0 0 0 0 0 0
326.557 1 0 0 0 0 0 0 0 0
327.969 0 1 0 0 0 0 0 0 0
328 0 0 0 1 0 0 0 0 0
330.968 0 0 0 0 1 0 0 0 0
332.071 1 0 0 0 0 0 0 0 0
333.626 0 1 0 0 0 0 0 0 0
334.162 1 0 0 0 0 0 0 0 0
334.905 0 1 0 0 0 0 0 0 0
339.078 1 0 0 0 0 0 0 0 0
339.151 0 1 0 0 0 0 0 0 0
339.233 1 0 1 0 0 0 0 0 0
339.315 0 1 0 0 0 0 0 0 0
341.016 1 0 0 0 0 0 0 0 0
351.651 0 1 0 0 0 0 0 0 0
351.847 0 0 0 1 0 0 0 0 0
351.95 0 0 0 0 1 0 0 0 0
352.022 0 0 0 1 0 0 0 0 0
352.125 0 0 0 0 1 0 0 0 0
353.33 0 0 0 1 0 0 0 0 0
353.434 0 0 0 0 1 0 0 0 0
353.526 0 0 0 1 0 0 0 0 0
353.598 0 0 0 0 1 0 0 0 0
353.908 1 0 0 0 0 0 0 0 0
354 0 1 0 0 0 0 0 0 0
354.093 1 0 1 0 0 0 0 0 0
354.196 0 1 0 0 0 0 0 0 0
355.526 1 0 0 0 0 0 0 0 0
363.358 0 1 0 0 0 0 0 0 0
