204.646 0 0 0 0 0 1 0 0 0
206.584 0 0 0 0 0 0 1 0 0
210.047 0 0 0 0 0 1 0 0 0
213.035 0 0 0 0 0 0 1 0 0
217.343 0 0 0 0 0 1 0 0 0
221.58 0 0 0 0 0 0 1 0 0
385.491 1 0 0 0 0 0 0 0 0
393.632 0 1 0 0 0 0 0 0 0
398.311 1 0 0 0 0 0 0 0 0
413.13 0 1 0 0 0 0 0 0 0
426.136 1 0 0 0 0 0 0 0 0
445.191 0 1 0 0 0 0 0 0 0
452.146 1 0 0 0 0 0 0 0 0
455.907 0 1 0 0 0 0 0 0 0
458.588 1 0 0 0 0 0 0 0 0
471.623 0 1 0 0 0 0 0 0 0
471.674 1 0 0 0 0 0 0 0 0
471.963 0 1 0 0 0 0 0 0 0
472.551 1 0 0 0 0 0 0 0 0
472.613 0 1 0 0 0 0 0 0 0
472.695 1 0 1 0 0 0 0 0 0
472.777 0 1 0 0 0 0 0 0 0
512.063 0 0 0 1 0 0 0 0 0
517.966 0 0 0 0 1 0 0 0 0
525.169 0 0 0 1 0 0 0 0 0
532.095 0 0 0 0 1 0 0 0 0
533.496 0 0 0 1 0 0 0 0 0
537.958 0 0 0 0 1 0 0 0 0
539.927 0 0 0 1 0 0 0 0 0
546.945 0 0 0 0 1 0 0 0 0
548.748 0 0 0 1 0 0 0 0 0
555.704 0 0 0 0 1 0 0 0 0
579.745 1 0 0 0 0 0 0 0 0
582.59 0 1 0 0 0 0 0 0 0
584.373 0 0 0 1 0 0 0 0 0
585.97 0 0 0 0 1 0 0 0 0
586.887 1 0 0 0 0 0 0 0 0
589.463 0 1 0 0 0 0 0 0 0
590.587 1 0 0 0 0 0 0 0 0
594.905 0 1 0 0 0 0 0 0 0
595.781 0 0 0 1 0 0 0 0 0
601.758 0 0 0 0 1 0 0 0 0
613.023 0 0 0 1 0 0 0 0 0
615.958 0 0 0 0 1 0 0 0 0
616.855 0 0 0 1 0 0 0 0 0
620.194 0 0 0 0 1 0 0 0 0
621.307 0 0 0 1 0 0 0 0 0
625.697 0 0 0 0 1 0 0 0 0
627.088 1 0 0 0 0 0 0 0 0
627.336 0 1 0 0 0 0 0 0 0
628.676 1 0 0 0 0 0 0 0 0
630.736 0 1 0 0 0 0 0 0 0
640.053 0 0 0 1 0 0 0 0 0
642.35 0 0 0 0 1 0 0 0 0
642.67 1 0 0 0 0 0 0 0 0
645.01 0 1 0 0 0 0 0 0 0
645.36 0 0 0 1 0 0 0 0 0
650.893 0 0 0 0 1 0 0 0 0
675.678 0 0 0 1 0 0 0 0 0
676.822 0 0 0 0 1 0 0 0 0
680.697 1 0 0 0 0 0 0 0 0
681.964 0 1 0 0 0 0 0 0 0
682.376 1 0 0 0 0 0 0 0 0
683.015 0 1 0 0 0 0 0 0 0
684.098 1 0 0 0 0 0 0 0 0
685.015 0 1 0 0 0 0 0 0 0
685.323 1 0 0 0 0 0 0 0 0
685.849 0 1 0 0 0 0 0 0 0
687.622 0 0 0 1 0 0 0 0 0
690.477 0 0 0 0 1 0 0 0 0
728.432 1 0 0 0 0 0 0 0 0
729.206 0 1 0 0 0 0 0 0 0
729.659 0 0 0 1 0 0 0 0 0
732.081 0 0 0 0 1 0 0 0 0
732.597 1 0 0 0 0 0 0 0 0
734.205 0 1 0 0 0 0 0 0 0
734.42 0 0 0 1 0 0 0 0 0
741.429 0 0 0 0 1 0 0 0 0
741.974 0 0 0 1 0 0 0 0 0
744.324 0 0 0 0 1 0 0 0 0
757.835 0 0 0 1 0 0 0 0 0
759.648 0 0 0 0 1 0 0 0 0
782.794 1 0 0 0 0 0 0 0 0
782.887 0 1 0 0 0 0 0 0 0
783 1 0 1 0 0 0 0 0 0
783.093 0 1 0 0 0 0 0 0 0
819.224 1 0 0 0 0 0 0 0 0
822.43 0 1 0 0 0 0 0 0 0
822.657 0 0 0 1 0 0 0 0 0
826.294 0 0 0 0 1 0 0 0 0
826.974 0 0 0 1 0 0 0 0 0
827.623 0 0 0 0 1 0 0 0 0
827.871 1 0 0 0 0 0 0 0 0
828.902 0 1 0 0 0 0 0 0 0
829.117 0 0 0 1 0 0 0 0 0
831.87 0 0 0 0 1 0 0 0 0
832.22 0 0 0 1 0 0 0 0 0
834.497 0 0 0 0 1 0 0 0 0
834.899 1 0 0 0 0 0 0 0 0
841.464 0 1 0 0 0 0 0 0 0
841.712 0 0 0 1 0 0 0 0 0
845.823 0 0 0 0 1 0 0 0 0
848.368 1 0 0 0 0 0 0 0 0
848.883 0 1 0 0 0 0 0 0 0
849.264 1 0 0 0 0 0 0 0 0
849.347 0 1 0 0 0 0 0 0 0
849.409 1 0 1 0 0 0 0 0 0
849.512 0 1 0 0 0 0 0 0 0
854.181 1 0 0 0 0 0 0 0 0
861.632 0 1 0 0 0 0 0 0 0
862.023 1 0 0 0 0 0 0 0 0
863.342 0 1 0 0 0 0 0 0 0
863.353 0 0 0 1 0 0 0 0 0
868.185 0 0 0 0 1 0 0 0 0
868.608 1 0 0 0 0 0 0 0 0
869.824 0 1 0 0 0 0 0 0 0
879.892 1 0 0 0 0 0 0 0 0
879.975 0 1 0 0 0 0 0 0 0
880.036 1 0 1 0 0 0 0 0 0
880.119 0 1 0 0 0 0 0 0 0
881.304 1 0 0 0 0 0 0 0 0
896.01 0 1 0 0 0 0 0 0 0
896.288 1 0 0 0 0 0 0 0 0
896.36 0 1 0 0 0 0 0 0 0
896.432 1 0 1 0 0 0 0 0 0
896.536 0 1 0 0 0 0 0 0 0
898.143 1 0 0 0 0 0 0 0 0
914.961 0 1 0 0 0 0 0 0 0
915.147 0 0 0 1 0 0 0 0 0
919.506 0 0 0 0 1 0 0 0 0
920.846 1 0 0 0 0 0 0 0 0
926.802 0 1 0 0 0 0 0 0 0
932.192 1 0 0 0 0 0 0 0 0
932.285 0 1 0 0 0 0 0 0 0
932.357 1 0 1 0 0 0 0 0 0
932.45 0 1 0 0 0 0 0 0 0
940.622 1 0 0 0 0 0 0 0 0
942.241 0 1 0 0 0 0 0 0 0
962.378 1 0 0 0 0 0 0 0 0
962.47 0 1 0 0 0 0 0 0 0
962.572 1 0 1 0 0 0 0 0 0
962.655 0 1 0 0 0 0 0 0 0
1137.99 0 0 0 0 0 1 0 0 0
1139.89 0 0 0 0 0 0 1 0 0
1163.74 1 0 0 0 0 0 0 0 0
1165.81 0 1 0 0 0 0 0 0 0
1166.01 0 0 0 1 0 0 0 0 0
1171.8 0 0 0 0 1 0 0 0 0
1172.58 1 0 0 0 0 0 0 0 0
1173.33 0 1 0 0 0 0 0 0 0
1173.6 0 0 0 1 0 0 0 0 0
1177.53 0 0 0 0 1 0 0 0 0
1178.32 1 0 0 0 0 0 0 0 0
1179.39 0 1 0 0 0 0 0 0 0
1179.7 0 0 0 1 0 0 0 0 0
1181.23 0 0 0 0 1 0 0 0 0
1183.22 1 0 0 0 0 0 0 0 0
1183.92 0 1 0 0 0 0 0 0 0
1184.28 1 0 0 0 0 0 0 0 0
1184.37 0 1 0 0 0 0 0 0 0
1184.47 1 0 1 0 0 0 0 0 0
1184.55 0 1 0 0 0 0 0 0 0
1187.04 1 0 0 0 0 0 0 0 0
1206.09 0 1 0 0 0 0 0 0 0
1224.3 0 0 0 1 0 0 0 0 0
1228.28 0 0 0 0 1 0 0 0 0
1230.56 1 0 0 0 0 0 0 0 0
1230.61 0 1 0 0 0 0 0 0 0
1230.75 1 0 1 0 0 0 0 0 0
1230.84 0 1 0 0 0 0 0 0 0
1242.45 1 0 0 0 0 0 0 0 0
1253.62 0 1 0 0 0 0 0 0 0
1254.16 1 0 0 0 0 0 0 0 0
1259.14 0 1 0 0 0 0 0 0 0
1260.22 1 0 0 0 0 0 0 0 0
1261.6 0 1 0 0 0 0 0 0 0
1263.86 1 0 0 0 0 0 0 0 0
1266.2 0 1 0 0 0 0 0 0 0
1266.32 0 0 0 1 0 0 0 0 0
1275.16 0 0 0 0 1 0 0 0 0
1275.48 1 0 0 0 0 0 0 0 0
1276.85 0 1 0 0 0 0 0 0 0
1277.37 1 0 0 0 0 0 0 0 0
1278.88 0 1 0 0 0 0 0 0 0
1279.3 1 0 0 0 0 0 0 0 0
1281.33 0 1 0 0 0 0 0 0 0
1281.66 1 0 0 0 0 0 0 0 0
1281.76 0 1 0 0 0 0 0 0 0
1281.83 1 0 1 0 0 0 0 0 0
1281.92 0 1 0 0 0 0 0 0 0
1283.76 1 0 0 0 0 0 0 0 0
1302.34 0 0 0 1 0 0 0 0 0
1303.8 0 0 0 0 1 0 0 0 0
1303.95 0 1 0 0 0 0 0 0 0
1304.48 1 0 0 0 0 0 0 0 0
1321.06 0 1 0 0 0 0 0 0 0
1321.26 1 0 0 0 0 0 0 0 0
1321.34 0 1 0 0 0 0 0 0 0
1321.42 1 0 1 0 0 0 0 0 0
1321.51 0 1 0 0 0 0 0 0 0
1322.5 1 0 0 0 0 0 0 0 0
1329.61 0 1 0 0 0 0 0 0 0
1329.74 1 0 0 0 0 0 0 0 0
1329.85 0 1 0 0 0 0 0 0 0
1329.94 1 0 1 0 0 0 0 0 0
1330.04 0 1 0 0 0 0 0 0 0
1331.69 1 0 0 0 0 0 0 0 0
1336.69 0 1 0 0 0 0 0 0 0
1336.73 0 0 0 1 0 0 0 0 0
1342.05 0 0 0 0 1 0 0 0 0
1342.29 1 0 0 0 0 0 0 0 0
1342.99 0 1 0 0 0 0 0 0 0
1343.05 0 0 0 1 0 0 0 0 0
1344.18 0 0 0 0 1 0 0 0 0
1347.89 1 0 0 0 0 0 0 0 0
1349.6 0 1 0 0 0 0 0 0 0
1350 1 0 0 0 0 0 0 0 0
1350.1 0 1 0 0 0 0 0 0 0
1350.19 1 0 1 0 0 0 0 0 0
1350.28 0 1 0 0 0 0 0 0 0
1352.18 1 0 0 0 0 0 0 0 0
1356.07 0 1 0 0 0 0 0 0 0
1356.29 1 0 0 0 0 0 0 0 0
1359.58 0 1 0 0 0 0 0 0 0
1359.74 0 0 0 1 0 0 0 0 0
1359.83 0 0 0 0 1 0 0 0 0
1359.93 0 0 0 1 0 0 0 0 0
1360.01 0 0 0 0 1 0 0 0 0
1360.48 1 0 0 0 0 0 0 0 0
1360.56 0 1 0 0 0 0 0 0 0
1360.64 1 0 1 0 0 0 0 0 0
1360.73 0 1 0 0 0 0 0 0 0
1361.33 1 0 0 0 0 0 0 0 0
1362.65 0 1 0 0 0 0 0 0 0
1363.03 1 0 0 0 0 0 0 0 0
1373.19 0 1 0 0 0 0 0 0 0
1373.37 0 0 0 1 0 0 0 0 0
1373.48 0 0 0 0 1 0 0 0 0
1373.88 0 0 0 1 0 0 0 0 0
1377.94 0 0 0 0 1 0 0 0 0
1378.52 1 0 0 0 0 0 0 0 0
1387.18 0 1 0 0 0 0 0 0 0
1387.39 1 0 0 0 0 0 0 0 0
1387.48 0 1 0 0 0 0 0 0 0
1387.54 1 0 1 0 0 0 0 0 0
1387.64 0 1 0 0 0 0 0 0 0
1391.01 1 0 0 0 0 0 0 0 0
1391.53 0 1 0 0 0 0 0 0 0
1392.1 1 0 0 0 0 0 0 0 0
1396.14 0 0 0 1 0 0 0 0 0
1400.69 0 1 0 0 1 0 0 0 0
1401.12 1 0 0 0 0 0 0 0 0
1402.81 0 1 0 0 0 0 0 0 0
1403.99 0 0 0 1 0 0 0 0 0
1404.66 0 0 0 0 1 0 0 0 0
1405.18 1 0 0 0 0 0 0 0 0
1405.29 0 1 0 0 0 0 0 0 0
1405.36 1 0 1 0 0 0 0 0 0
1405.44 0 1 0 0 0 0 0 0 0
1407.88 1 0 0 0 0 0 0 0 0
1415.19 0 1 0 0 0 0 0 0 0
1415.51 1 0 0 0 0 0 0 0 0
1415.61 0 1 0 0 0 0 0 0 0
1415.69 1 0 1 0 0 0 0 0 0
1415.77 0 1 0 0 0 0 0 0 0
