7.62083 0 0 0 0 0 1 0 0 0
9.11441 0 0 0 0 0 0 1 0 0
15.9357 0 0 0 0 0 1 0 0 0
16.6685 0 0 0 0 0 0 1 0 0
18.739 0 0 0 0 0 1 0 0 0
19.6557 0 0 0 0 0 0 1 0 0
21.9651 0 0 0 0 0 1 0 0 0
22.7589 0 0 0 0 0 0 1 0 0
48.5194 1 0 0 0 0 0 0 0 0
49.0353 0 1 0 0 0 0 0 0 0
49.0774 0 0 0 1 0 0 0 0 0
50.9119 0 0 0 0 1 0 0 0 0
51.3538 1 0 0 0 0 0 0 0 0
51.8898 0 1 0 0 0 0 0 0 0
52.2505 1 0 0 0 0 0 0 0 0
53.5382 0 1 0 0 0 0 0 0 0
53.8581 1 0 0 0 0 0 0 0 0
56.2485 0 1 0 0 0 0 0 0 0
56.6914 0 0 0 1 0 0 0 0 0
58.3199 0 0 0 0 1 0 0 0 0
58.7418 1 0 0 0 0 0 0 0 0
60.5564 0 1 0 0 0 0 0 0 0
62.3689 1 0 0 0 0 0 0 0 0
62.4519 0 1 0 0 0 0 0 0 0
62.5338 1 0 1 0 0 0 0 0 0
62.6169 0 1 0 0 0 0 0 0 0
63.0707 1 0 0 0 0 0 0 0 0
64.3374 0 1 0 0 0 0 0 0 0
64.6783 0 0 0 1 0 0 0 0 0
67.3256 0 0 0 0 1 0 0 0 0
68.3564 1 0 0 0 0 0 0 0 0
69.2942 0 1 0 0 0 0 0 0 0
70.3039 1 0 0 0 0 0 0 0 0
71.6435 0 1 0 0 0 0 0 0 0
72.2824 1 0 0 0 0 0 0 0 0
73.3961 0 1 0 0 0 0 0 0 0
74.0859 1 0 0 0 0 0 0 0 0
74.6328 0 1 0 0 0 0 0 0 0
74.6838 0 0 0 1 0 0 0 0 0
78.6408 0 0 0 0 1 0 0 0 0
79.4345 1 0 0 0 0 0 0 0 0
80.6402 0 1 0 0 0 0 0 0 0
81.341 1 0 0 0 0 0 0 0 0
81.413 0 1 0 0 0 0 0 0 0
81.485 1 0 1 0 0 0 0 0 0
81.578 0 1 0 0 0 0 0 0 0
84.5862 1 0 0 0 0 0 0 0 0
85.473 0 1 0 0 0 0 0 0 0
85.556 0 0 0 1 0 0 0 0 0
87.4205 0 0 0 0 1 0 0 0 0
88.0283 1 0 0 0 0 0 0 0 0
88.3682 0 1 0 0 0 0 0 0 0
90.6047 1 0 0 0 0 0 0 0 0
92.0273 0 1 0 0 0 0 0 0 0
92.5421 1 0 0 0 0 0 0 0 0
94.2837 0 1 0 0 0 0 0 0 0
94.5727 0 0 0 1 0 0 0 0 0
96.5203 0 0 0 0 1 0 0 0 0
97.035 1 0 0 0 0 0 0 0 0
99.0855 0 1 0 0 0 0 0 0 0
99.2405 0 0 0 1 0 0 0 0 0
100.385 0 0 0 0 1 0 0 0 0
100.704 1 0 0 0 0 0 0 0 0
101.755 0 1 0 0 0 0 0 0 0
102.239 1 0 0 0 0 0 0 0 0
102.982 0 1 0 0 0 0 0 0 0
103.166 0 0 0 1 0 0 0 0 0
105.619 0 0 0 0 1 0 0 0 0
106.784 1 0 0 0 0 0 0 0 0
106.825 0 1 0 0 0 0 0 0 0
106.918 1 0 1 0 0 0 0 0 0
106.999 0 1 0 0 0 0 0 0 0
108.648 1 0 0 0 0 0 0 0 0
109.494 0 1 0 0 0 0 0 0 0
109.958 1 0 0 0 0 0 0 0 0
111.05 0 1 0 0 0 0 0 0 0
111.42 1 0 0 0 0 0 0 0 0
120.293 0 1 0 0 0 0 0 0 0
120.427 1 0 0 0 0 0 0 0 0
120.53 0 1 0 0 0 0 0 0 0
120.582 1 0 1 0 0 0 0 0 0
120.675 0 1 0 0 0 0 0 0 0
123.498 0 0 0 0 0 1 0 0 0
126.384 0 0 0 0 0 0 1 0 0
131.474 0 0 0 0 0 1 0 0 0
131.948 0 0 0 0 0 0 1 0 0
133.628 0 0 0 0 0 1 0 0 0
134.568 0 0 0 0 0 0 1 0 0
153.754 0 0 0 1 0 0 0 0 0
157.773 0 0 0 0 1 0 0 0 0
159.184 1 0 0 0 0 0 0 0 0
160.668 0 1 0 0 0 0 0 0 0
161.111 1 0 0 0 0 0 0 0 0
163.502 0 1 0 0 0 0 0 0 0
164.058 1 0 0 0 0 0 0 0 0
164.13 0 1 0 0 0 0 0 0 0
164.202 1 0 1 0 0 0 0 0 0
164.306 0 1 0 0 0 0 0 0 0
165.852 1 0 0 0 0 0 0 0 0
166.613 0 1 0 0 0 0 0 0 0
167.263 1 0 0 0 0 0 0 0 0
169.004 0 1 0 0 0 0 0 0 0
169.437 1 0 0 0 0 0 0 0 0
170.21 0 1 0 0 0 0 0 0 0
171.097 1 0 0 0 0 0 0 0 0
172.796 0 1 0 0 0 0 0 0 0
172.982 1 0 0 0 0 0 0 0 0
173.064 0 1 0 0 0 0 0 0 0
173.126 1 0 1 0 0 0 0 0 0
173.219 0 1 0 0 0 0 0 0 0
175.157 1 0 0 0 0 0 0 0 0
176.827 0 1 0 0 0 0 0 0 0
177.496 1 0 0 0 0 0 0 0 0
178.525 0 1 0 0 0 0 0 0 0
178.866 1 0 0 0 0 0 0 0 0
179.618 0 1 0 0 0 0 0 0 0
179.875 1 0 0 0 0 0 0 0 0
180.731 0 1 0 0 0 0 0 0 0
181.308 1 0 0 0 0 0 0 0 0
181.391 0 1 0 0 0 0 0 0 0
181.453 1 0 1 0 0 0 0 0 0
181.566 0 1 0 0 0 0 0 0 0
183.091 1 0 0 0 0 0 0 0 0
184.667 0 1 0 0 0 0 0 0 0
185.08 0 0 0 1 0 0 0 0 0
187.027 0 0 0 0 1 0 0 0 0
187.419 1 0 0 0 0 0 0 0 0
193.097 0 1 0 0 0 0 0 0 0
193.426 0 0 0 1 0 0 0 0 0
193.869 0 0 0 0 1 0 0 0 0
194.508 1 0 0 0 0 0 0 0 0
194.621 0 1 0 0 0 0 0 0 0
194.694 1 0 1 0 0 0 0 0 0
194.796 0 1 0 0 0 0 0 0 0
197.404 1 0 0 0 0 0 0 0 0
201.298 0 1 0 0 0 0 0 0 0
201.649 1 0 0 0 0 0 0 0 0
201.742 0 1 0 0 0 0 0 0 0
201.834 1 0 1 0 0 0 0 0 0
201.927 0 1 0 0 0 0 0 0 0
205.502 1 0 0 0 0 0 0 0 0
211.552 0 1 0 0 0 0 0 0 0
212.026 0 0 0 1 0 0 0 0 0
214.509 0 0 0 0 1 0 0 0 0
215.313 1 0 0 0 0 0 0 0 0
216.282 0 1 0 0 0 0 0 0 0
216.643 0 0 0 1 0 0 0 0 0
219.878 0 0 0 0 1 0 0 0 0
220.116 1 0 0 0 0 0 0 0 0
227.153 0 1 0 0 0 0 0 0 0
227.462 1 0 0 0 0 0 0 0 0
227.566 0 1 0 0 0 0 0 0 0
227.617 1 0 1 0 0 0 0 0 0
227.72 0 1 0 0 0 0 0 0 0
231.1 1 0 0 0 0 0 0 0 0
234.15 0 1 0 0 0 0 0 0 0
234.387 1 0 0 0 0 0 0 0 0
234.47 0 1 0 0 0 0 0 0 0
234.552 1 0 1 0 0 0 0 0 0
234.624 0 1 0 0 0 0 0 0 0
235.294 1 0 0 0 0 0 0 0 0
241.281 0 1 0 0 0 0 0 0 0
241.487 1 0 0 0 0 0 0 0 0
241.569 0 1 0 0 0 0 0 0 0
241.641 1 0 1 0 0 0 0 0 0
241.724 0 1 0 0 0 0 0 0 0
242.909 1 0 0 0 0 0 0 0 0
249.174 0 1 0 0 0 0 0 0 0
250.101 1 0 0 0 0 0 0 0 0
250.184 0 1 0 0 0 0 0 0 0
250.266 1 0 1 0 0 0 0 0 0
250.359 0 1 0 0 0 0 0 0 0
252.244 1 0 0 0 0 0 0 0 0
253.708 0 0 0 1 0 0 0 0 0
256.84 0 1 0 0 1 0 0 0 0
257.192 1 0 0 0 0 0 0 0 0
259.118 0 1 0 0 0 0 0 0 0
259.613 1 0 0 0 0 0 0 0 0
259.686 0 1 0 0 0 0 0 0 0
259.757 1 0 1 0 0 0 0 0 0
259.86 0 1 0 0 0 0 0 0 0
260.396 1 0 0 0 0 0 0 0 0
265.106 0 1 0 0 0 0 0 0 0
265.249 1 0 0 0 0 0 0 0 0
265.352 0 1 0 0 0 0 0 0 0
265.414 1 0 1 0 0 0 0 0 0
265.527 0 1 0 0 0 0 0 0 0
266.29 1 0 0 0 0 0 0 0 0
268.99 0 1 0 0 0 0 0 0 0
270.629 0 0 0 1 0 0 0 0 0
273.761 0 0 0 0 1 0 0 0 0
286.034 0 0 0 0 0 1 0 0 0
288.043 0 0 0 0 0 0 1 0 0
311.445 1 0 0 0 0 0 0 0 0
312.084 0 1 0 0 0 0 0 0 0
312.455 0 0 0 1 0 0 0 0 0
314.98 0 0 0 0 1 0 0 0 0
315.248 1 0 0 0 0 0 0 0 0
319.493 0 1 0 0 0 0 0 0 0
319.823 0 0 0 1 0 0 0 0 0
323.419 0 0 0 0 1 0 0 0 0
323.904 1 0 0 0 0 0 0 0 0
333.405 0 1 0 0 0 0 0 0 0
337.805 1 0 0 0 0 0 0 0 0
338.712 0 1 0 0 0 0 0 0 0
339 1 0 0 0 0 0 0 0 0
339.062 0 1 0 0 0 0 0 0 0
339.144 1 0 1 0 0 0 0 0 0
339.217 0 1 0 0 0 0 0 0 0
341.484 1 0 0 0 0 0 0 0 0
342.555 0 1 0 0 0 0 0 0 0
342.669 0 0 0 1 0 0 0 0 0
343.741 0 0 0 0 1 0 0 0 0
344.524 1 0 0 0 0 0 0 0 0
344.576 0 1 0 0 0 0 0 0 0
344.658 1 0 1 0 0 0 0 0 0
344.761 0 1 0 0 0 0 0 0 0
346.121 1 0 0 0 0 0 0 0 0
349.667 0 1 0 0 0 0 0 0 0
349.883 1 0 0 0 0 0 0 0 0
349.976 0 1 0 0 0 0 0 0 0
350.048 1 0 1 0 0 0 0 0 0
350.109 0 1 0 0 0 0 0 0 0
356.375 1 0 0 0 0 0 0 0 0
362.99 0 1 0 0 0 0 0 0 0
