14.6431 1 0 0 0 0 0 0 0 0
24.1127 0 1 0 0 0 0 0 0 0
24.4836 1 0 0 0 0 0 0 0 0
24.5765 0 1 0 0 0 0 0 0 0
24.6595 1 0 1 0 0 0 0 0 0
24.7415 0 1 0 0 0 0 0 0 0
27.4099 1 0 0 0 0 0 0 0 0
35.0269 0 1 0 0 0 0 0 0 0
35.3248 1 0 0 0 0 0 0 0 0
35.4078 0 1 0 0 0 0 0 0 0
35.4908 1 0 1 0 0 0 0 0 0
35.5818 0 1 0 0 0 0 0 0 0
36.0976 1 0 0 0 0 0 0 0 0
50.9978 0 1 0 0 0 0 0 0 0
51.3178 1 0 0 0 0 0 0 0 0
51.4007 0 1 0 0 0 0 0 0 0
51.5029 1 0 1 0 0 0 0 0 0
51.5757 0 1 0 0 0 0 0 0 0
53.7092 1 0 0 0 0 0 0 0 0
54.244 0 1 0 0 0 0 0 0 0
54.296 0 0 0 1 0 0 0 0 0
55.6766 0 0 0 0 1 0 0 0 0
56.1815 1 0 0 0 0 0 0 0 0
58.325 0 1 0 0 0 0 0 0 0
58.4069 0 0 0 1 0 0 0 0 0
63.2407 0 0 0 0 1 0 0 0 0
63.2917 1 0 0 0 0 0 0 0 0
64.0445 0 1 0 0 0 0 0 0 0
64.0955 0 0 0 1 0 0 0 0 0
65.1472 0 0 0 0 1 0 0 0 0
65.4461 1 0 0 0 0 0 0 0 0
67.1157 0 1 0 0 0 0 0 0 0
67.8465 1 0 0 0 0 0 0 0 0
67.9516 0 1 0 0 0 0 0 0 0
68.0225 1 0 1 0 0 0 0 0 0
68.1165 0 1 0 0 0 0 0 0 0
70.6298 1 0 0 0 0 0 0 0 0
76.9675 0 1 0 0 0 0 0 0 0
82.7178 1 0 0 0 0 0 0 0 0
83.9134 0 1 0 0 0 0 0 0 0
84.0984 1 0 0 0 0 0 0 0 0
84.1814 0 1 0 0 0 0 0 0 0
84.2533 1 0 1 0 0 0 0 0 0
84.3253 0 1 0 0 0 0 0 0 0
86.3348 1 0 0 0 0 0 0 0 0
91.6835 0 1 0 0 0 0 0 0 0
92.3223 0 0 0 0 0 1 0 0 0
95.6195 0 0 0 0 0 0 1 0 0
124.082 1 0 0 0 0 0 0 0 0
126.443 0 1 0 0 0 0 0 0 0
126.474 0 0 0 1 0 0 0 0 0
129.689 0 0 0 0 1 0 0 0 0
130.122 1 0 0 0 0 0 0 0 0
131.019 0 1 0 0 0 0 0 0 0
131.832 0 0 0 1 0 0 0 0 0
134.254 0 0 0 0 1 0 0 0 0
134.883 1 0 0 0 0 0 0 0 0
136.233 0 1 0 0 0 0 0 0 0
136.48 1 0 0 0 0 0 0 0 0
149.949 0 1 0 0 0 0 0 0 0
150.114 1 0 0 0 0 0 0 0 0
150.207 0 1 0 0 0 0 0 0 0
150.289 1 0 1 0 0 0 0 0 0
150.371 0 1 0 0 0 0 0 0 0
154.679 1 0 0 0 0 0 0 0 0
165.84 0 1 0 0 0 0 0 0 0
166.395 1 0 0 0 0 0 0 0 0
166.498 0 1 0 0 0 0 0 0 0
166.56 1 0 1 0 0 0 0 0 0
166.663 0 1 0 0 0 0 0 0 0
175.372 0 0 0 0 0 1 0 0 0
177.897 0 0 0 0 0 0 1 0 0
200.827 1 0 0 0 0 0 0 0 0
201.732 0 1 0 0 0 0 0 0 0
201.846 0 0 0 1 0 0 0 0 0
205.906 0 0 0 0 1 0 0 0 0
206.503 1 0 0 0 0 0 0 0 0
207.782 0 1 0 0 0 0 0 0 0
207.977 1 0 0 0 0 0 0 0 0
208.761 0 1 0 0 0 0 0 0 0
209.234 1 0 0 0 0 0 0 0 0
212.326 0 1 0 0 0 0 0 0 0
212.347 0 0 0 1 0 0 0 0 0
216.325 0 0 0 0 1 0 0 0 0
216.891 1 0 0 0 0 0 0 0 0
217.406 0 1 0 0 0 0 0 0 0
218.313 1 0 0 0 0 0 0 0 0
218.397 0 1 0 0 0 0 0 0 0
218.467 1 0 1 0 0 0 0 0 0
218.571 0 1 0 0 0 0 0 0 0
221.652 1 0 0 0 0 0 0 0 0
236.41 0 1 0 0 0 0 0 0 0
237.202 1 0 0 0 0 0 0 0 0
237.275 0 1 0 0 0 0 0 0 0
237.357 1 0 1 0 0 0 0 0 0
237.45 0 1 0 0 0 0 0 0 0
237.656 0 0 0 1 0 0 0 0 0
240.459 0 0 0 0 1 0 0 0 0
240.85 1 0 0 0 0 0 0 0 0
241.83 0 1 0 0 0 0 0 0 0
242.046 1 0 0 0 0 0 0 0 0
243.149 0 1 0 0 0 0 0 0 0
243.293 0 0 0 1 0 0 0 0 0
246.147 0 0 0 0 1 0 0 0 0
247.034 1 0 0 0 0 0 0 0 0
247.137 0 1 0 0 0 0 0 0 0
247.209 1 0 1 0 0 0 0 0 0
247.292 0 1 0 0 0 0 0 0 0
249.084 1 0 0 0 0 0 0 0 0
251.507 0 1 0 0 0 0 0 0 0
255.402 1 0 0 0 0 0 0 0 0
260.987 0 1 0 0 0 0 0 0 0
264.203 0 0 0 0 0 1 0 0 0
265.366 0 0 0 0 0 0 1 0 0
286.101 1 0 0 0 0 0 0 0 0
287.379 0 1 0 0 0 0 0 0 0
287.451 0 0 0 1 0 0 0 0 0
289.966 0 0 0 0 1 0 0 0 0
290.388 1 0 0 0 0 0 0 0 0
293.583 0 1 0 0 0 0 0 0 0
294.315 1 0 0 0 0 0 0 0 0
294.407 0 1 0 0 0 0 0 0 0
294.459 1 0 1 0 0 0 0 0 0
294.541 0 1 0 0 0 0 0 0 0
296.839 1 0 0 0 0 0 0 0 0
301.312 0 1 0 0 0 0 0 0 0
301.58 0 0 0 1 0 0 0 0 0
303.383 0 0 0 0 1 0 0 0 0
303.919 1 0 0 0 0 0 0 0 0
305.713 0 1 0 0 0 0 0 0 0
306.063 0 0 0 1 0 0 0 0 0
307.711 0 0 0 0 1 0 0 0 0
308.536 1 0 0 0 0 0 0 0 0
308.598 0 1 0 0 0 0 0 0 0
308.69 1 0 1 0 0 0 0 0 0
308.794 0 1 0 0 0 0 0 0 0
310.35 1 0 0 0 0 0 0 0 0
312.4 0 1 0 0 0 0 0 0 0
313.369 0 0 0 1 0 0 0 0 0
315.687 0 0 0 0 1 0 0 0 0
316.522 1 0 0 0 0 0 0 0 0
316.595 0 1 0 0 0 0 0 0 0
316.677 1 0 1 0 0 0 0 0 0
316.78 0 1 0 0 0 0 0 0 0
319.335 1 0 0 0 0 0 0 0 0
321.057 0 1 0 0 0 0 0 0 0
321.974 1 0 0 0 0 0 0 0 0
323.355 0 1 0 0 0 0 0 0 0
327.26 1 0 0 0 0 0 0 0 0
328.538 0 1 0 0 0 0 0 0 0
328.775 1 0 0 0 0 0 0 0 0
330.496 0 1 0 0 0 0 0 0 0
330.62 1 0 0 0 0 0 0 0 0
330.713 0 1 0 0 0 0 0 0 0
330.774 1 0 1 0 0 0 0 0 0
330.857 0 1 0 0 0 0 0 0 0
332.856 1 0 0 0 0 0 0 0 0
333.578 0 1 0 0 0 0 0 0 0
333.588 0 0 0 1 0 0 0 0 0
336.98 0 0 0 0 1 0 0 0 0
337.556 0 0 0 1 0 0 0 0 0
340.977 0 0 0 0 1 0 0 0 0
341.544 1 0 0 0 0 0 0 0 0
343.615 0 1 0 0 0 0 0 0 0
344.14 1 0 0 0 0 0 0 0 0
345.367 0 1 0 0 0 0 0 0 0
345.408 0 0 0 1 0 0 0 0 0
346.12 0 0 0 0 1 0 0 0 0
347.026 1 0 0 0 0 0 0 0 0
348.778 0 1 0 0 0 0 0 0 0
349.314 1 0 0 0 0 0 0 0 0
349.417 0 1 0 0 0 0 0 0 0
349.489 1 0 1 0 0 0 0 0 0
349.582 0 1 0 0 0 0 0 0 0
351.612 1 0 0 0 0 0 0 0 0
361.546 0 1 0 0 0 0 0 0 0
361.845 1 0 0 0 0 0 0 0 0
361.948 0 1 0 0 0 0 0 0 0
362.02 1 0 1 0 0 0 0 0 0
362.102 0 1 0 0 0 0 0 0 0
