232.274 0 0 0 0 0 1 0 0 0
232.46 0 0 0 0 0 0 1 0 0
236.304 0 0 0 0 0 1 0 0 0
236.48 0 0 0 0 0 0 1 0 0
243.498 0 0 0 0 0 1 0 0 0
246.837 0 0 0 0 0 0 1 0 0
249.599 0 0 0 0 0 1 0 0 0
250.012 0 0 0 0 0 0 1 0 0
254.298 0 0 0 0 0 1 0 0 0
254.917 0 0 0 0 0 0 1 0 0
405.521 1 0 0 0 0 0 0 0 0
405.666 0 1 0 0 0 0 0 0 0
414.168 1 0 0 0 0 0 0 0 0
416.992 0 1 0 0 0 0 0 0 0
425.763 1 0 0 0 0 0 0 0 0
426.988 0 1 0 0 0 0 0 0 0
428.071 1 0 0 0 0 0 0 0 0
428.803 0 1 0 0 0 0 0 0 0
429.936 1 0 0 0 0 0 0 0 0
430.657 0 1 0 0 0 0 0 0 0
432.275 1 0 0 0 0 0 0 0 0
433.842 0 1 0 0 0 0 0 0 0
435.831 1 0 0 0 0 0 0 0 0
438.047 0 1 0 0 0 0 0 0 0
440.491 1 0 0 0 0 0 0 0 0
441.963 0 1 0 0 0 0 0 0 0
442.448 1 0 0 0 0 0 0 0 0
443.004 0 1 0 0 0 0 0 0 0
443.406 1 0 0 0 0 0 0 0 0
444.478 0 1 0 0 0 0 0 0 0
444.879 1 0 0 0 0 0 0 0 0
445.446 0 1 0 0 0 0 0 0 0
446.075 1 0 0 0 0 0 0 0 0
446.92 0 1 0 0 0 0 0 0 0
447.467 1 0 0 0 0 0 0 0 0
448.445 0 1 0 0 0 0 0 0 0
448.992 1 0 0 0 0 0 0 0 0
449.929 0 1 0 0 0 0 0 0 0
450.413 1 0 0 0 0 0 0 0 0
451.248 0 1 0 0 0 0 0 0 0
451.671 1 0 0 0 0 0 0 0 0
452.257 0 1 0 0 0 0 0 0 0
452.794 1 0 0 0 0 0 0 0 0
452.856 0 1 0 0 0 0 0 0 0
452.948 1 0 1 0 0 0 0 0 0
453.051 0 1 0 0 0 0 0 0 0
487.443 0 0 0 1 0 0 0 0 0
487.598 0 0 0 0 1 0 0 0 0
494.255 0 0 0 1 0 0 0 0 0
498.769 0 0 0 0 1 0 0 0 0
502.974 0 0 0 1 0 0 0 0 0
510.261 0 0 0 0 1 0 0 0 0
510.817 0 0 0 1 0 0 0 0 0
512.569 0 0 0 0 1 0 0 0 0
514.002 0 0 0 1 0 0 0 0 0
516.062 0 0 0 0 1 0 0 0 0
522.02 1 0 0 0 0 0 0 0 0
523.596 0 1 0 0 0 0 0 0 0
524.317 0 0 0 1 0 0 0 0 0
528.841 0 0 0 0 1 0 0 0 0
530.037 1 0 0 0 0 0 0 0 0
531.169 0 1 0 0 0 0 0 0 0
532.241 0 0 0 1 0 0 0 0 0
534.972 0 0 0 0 1 0 0 0 0
564.067 1 0 0 0 0 0 0 0 0
566.406 0 1 0 0 0 0 0 0 0
567.107 1 0 0 0 0 0 0 0 0
567.798 0 1 0 0 0 0 0 0 0
568.26 1 0 0 0 0 0 0 0 0
568.827 0 1 0 0 0 0 0 0 0
569.776 0 0 0 1 0 0 0 0 0
573.177 0 0 0 0 1 0 0 0 0
579.165 0 0 0 1 0 0 0 0 0
580.968 0 0 0 0 1 0 0 0 0
581.649 1 0 0 0 0 0 0 0 0
582.432 0 1 0 0 0 0 0 0 0
583.277 0 0 0 1 0 0 0 0 0
586.544 0 0 0 0 1 0 0 0 0
586.729 0 0 0 1 0 0 0 0 0
589.069 0 0 0 0 1 0 0 0 0
589.594 0 0 0 1 0 0 0 0 0
591.263 0 0 0 0 1 0 0 0 0
591.933 1 0 0 0 0 0 0 0 0
593.212 0 1 0 0 0 0 0 0 0
594.016 1 0 0 0 0 0 0 0 0
595.252 0 1 0 0 0 0 0 0 0
595.581 0 0 0 1 0 0 0 0 0
596.912 0 0 0 0 1 0 0 0 0
597.458 1 0 0 0 0 0 0 0 0
597.983 0 1 0 0 0 0 0 0 0
598.292 1 0 0 0 0 0 0 0 0
599.199 0 1 0 0 0 0 0 0 0
599.972 0 0 0 1 0 0 0 0 0
601.137 0 0 0 0 1 0 0 0 0
601.601 0 0 0 1 0 0 0 0 0
602.208 0 0 0 0 1 0 0 0 0
602.909 1 0 0 0 0 0 0 0 0
604.961 0 1 0 0 0 0 0 0 0
605.867 1 0 0 0 0 0 0 0 0
607.186 0 1 0 0 0 0 0 0 0
608.155 1 0 0 0 0 0 0 0 0
609.598 0 1 0 0 0 0 0 0 0
610.391 1 0 0 0 0 0 0 0 0
611.195 0 1 0 0 0 0 0 0 0
612.288 1 0 0 0 0 0 0 0 0
613.256 0 1 0 0 0 0 0 0 0
616.966 0 0 0 1 0 0 0 0 0
618.183 0 0 0 0 1 0 0 0 0
618.719 1 0 0 0 0 0 0 0 0
621.749 0 1 0 0 0 0 0 0 0
622.81 0 0 0 1 0 0 0 0 0
623.326 0 0 0 0 1 0 0 0 0
623.779 0 0 0 1 0 0 0 0 0
626.252 0 0 0 0 1 0 0 0 0
626.49 0 0 0 1 0 0 0 0 0
628.622 0 0 0 0 1 0 0 0 0
638.599 1 0 0 0 0 0 0 0 0
639.393 0 1 0 0 0 0 0 0 0
641.145 1 0 0 0 0 0 0 0 0
641.857 0 1 0 0 0 0 0 0 0
649.399 1 0 0 0 0 0 0 0 0
650.553 0 1 0 0 0 0 0 0 0
652.429 0 0 0 1 0 0 0 0 0
655.314 0 0 0 0 1 0 0 0 0
656.459 1 0 0 0 0 0 0 0 0
657.624 0 1 0 0 0 0 0 0 0
659.158 1 0 0 0 0 0 0 0 0
659.829 0 1 0 0 0 0 0 0 0
660.529 1 0 0 0 0 0 0 0 0
661.591 0 1 0 0 0 0 0 0 0
662.198 1 0 0 0 0 0 0 0 0
663.033 0 1 0 0 0 0 0 0 0
669.763 0 0 0 1 0 0 0 0 0
672.02 0 0 0 0 1 0 0 0 0
688.994 1 0 0 0 0 0 0 0 0
690.385 0 1 0 0 0 0 0 0 0
690.942 0 0 0 1 0 0 0 0 0
695.744 0 0 0 0 1 0 0 0 0
697.063 1 0 0 0 0 0 0 0 0
698.374 0 1 0 0 0 0 0 0 0
698.733 0 0 0 1 0 0 0 0 0
702.082 0 0 0 0 1 0 0 0 0
702.279 0 0 0 1 0 0 0 0 0
705.133 0 0 0 0 1 0 0 0 0
705.978 1 0 0 0 0 0 0 0 0
707.297 0 1 0 0 0 0 0 0 0
708.111 1 0 0 0 0 0 0 0 0
709.152 0 1 0 0 0 0 0 0 0
710.193 1 0 0 0 0 0 0 0 0
711.47 0 1 0 0 0 0 0 0 0
712.481 1 0 0 0 0 0 0 0 0
714.214 0 1 0 0 0 0 0 0 0
714.913 1 0 0 0 0 0 0 0 0
716.511 0 1 0 0 0 0 0 0 0
791.704 1 0 0 0 0 0 0 0 0
794.816 0 1 0 0 0 0 0 0 0
795.517 1 0 0 0 0 0 0 0 0
797.021 0 1 0 0 0 0 0 0 0
798.423 1 0 0 0 0 0 0 0 0
798.825 0 1 0 0 0 0 0 0 0
799.753 1 0 0 0 0 0 0 0 0
801.103 0 1 0 0 0 0 0 0 0
801.927 1 0 0 0 0 0 0 0 0
803.082 0 1 0 0 0 0 0 0 0
803.566 1 0 0 0 0 0 0 0 0
804.699 0 1 0 0 0 0 0 0 0
805.122 0 0 0 1 0 0 0 0 0
810.729 0 0 0 0 1 0 0 0 0
811.708 1 0 0 0 0 0 0 0 0
812.769 0 1 0 0 0 0 0 0 0
813.996 1 0 0 0 0 0 0 0 0
814.944 0 1 0 0 0 0 0 0 0
815.551 1 0 0 0 0 0 0 0 0
816.17 0 1 0 0 0 0 0 0 0
817.222 1 0 0 0 0 0 0 0 0
817.778 0 1 0 0 0 0 0 0 0
819.417 0 0 0 1 0 0 0 0 0
832.341 0 0 0 0 1 0 0 0 0
841.112 0 0 0 1 0 0 0 0 0
848.036 0 0 0 0 1 0 0 0 0
857.465 0 0 0 1 0 0 0 0 0
862.288 0 0 0 0 1 0 0 0 0
866.771 0 0 0 1 0 0 0 0 0
870.471 0 0 0 0 1 0 0 0 0
870.729 0 0 0 1 0 0 0 0 0
877.366 0 0 0 0 1 0 0 0 0
877.664 0 0 0 1 0 0 0 0 0
883.249 0 0 0 0 1 0 0 0 0
883.517 1 0 0 0 0 0 0 0 0
883.91 0 1 0 0 0 0 0 0 0
884.765 1 0 0 0 0 0 0 0 0
885.476 0 1 0 0 0 0 0 0 0
886.548 1 0 0 0 0 0 0 0 0
887.691 0 1 0 0 0 0 0 0 0
888.516 1 0 0 0 0 0 0 0 0
889.372 0 1 0 0 0 0 0 0 0
889.805 1 0 0 0 0 0 0 0 0
891.412 0 1 0 0 0 0 0 0 0
891.824 1 0 0 0 0 0 0 0 0
893.112 0 1 0 0 0 0 0 0 0
893.876 1 0 0 0 0 0 0 0 0
894.822 0 1 0 0 0 0 0 0 0
895.173 1 0 0 0 0 0 0 0 0
896.833 0 1 0 0 0 0 0 0 0
897.008 1 0 0 0 0 0 0 0 0
898.491 0 1 0 0 0 0 0 0 0
899.398 1 0 0 0 0 0 0 0 0
900.254 0 1 0 0 0 0 0 0 0
900.759 1 0 0 0 0 0 0 0 0
901.305 0 1 0 0 0 0 0 0 0
901.563 0 0 0 1 0 0 0 0 0
902.964 0 0 0 0 1 0 0 0 0
903.479 0 0 0 1 0 0 0 0 0
904.603 0 0 0 0 1 0 0 0 0
904.881 1 0 0 0 0 0 0 0 0
905.118 0 1 0 0 0 0 0 0 0
905.767 1 0 0 0 0 0 0 0 0
906.632 0 1 0 0 0 0 0 0 0
909.281 1 0 0 0 0 0 0 0 0
910.023 0 1 0 0 0 0 0 0 0
912.012 1 0 0 0 0 0 0 0 0
913.341 0 1 0 0 0 0 0 0 0
913.939 1 0 0 0 0 0 0 0 0
914.558 0 1 0 0 0 0 0 0 0
915.918 1 0 0 0 0 0 0 0 0
916.762 0 1 0 0 0 0 0 0 0
917.03 1 0 0 0 0 0 0 0 0
917.876 0 1 0 0 0 0 0 0 0
918.453 1 0 0 0 0 0 0 0 0
919.958 0 1 0 0 0 0 0 0 0
920.513 1 0 0 0 0 0 0 0 0
920.957 0 1 0 0 0 0 0 0 0
921.503 1 0 0 0 0 0 0 0 0
921.854 0 1 0 0 0 0 0 0 0
922.256 0 0 0 1 0 0 0 0 0
924.78 0 0 0 0 1 0 0 0 0
925.254 0 0 0 1 0 0 0 0 0
926.234 0 0 0 0 1 0 0 0 0
930.243 1 0 0 0 0 0 0 0 0
930.418 0 1 0 0 0 0 0 0 0
931.109 1 0 0 0 0 0 0 0 0
931.881 0 1 0 0 0 0 0 0 0
932.86 1 0 0 0 0 0 0 0 0
933.695 0 1 0 0 0 0 0 0 0
935.931 0 0 0 1 0 0 0 0 0
939.93 0 0 0 0 1 0 0 0 0
1134.53 0 0 0 0 0 1 0 0 0
1135.99 0 0 0 0 0 0 1 0 0
1141.99 0 0 0 0 0 1 0 0 0
1142.17 0 0 0 0 0 0 1 0 0
1156.16 1 0 0 0 0 0 0 0 0
1157.4 0 1 0 0 0 0 0 0 0
1157.63 1 0 0 0 0 0 0 0 0
1158.2 0 1 0 0 0 0 0 0 0
1158.53 0 0 0 1 0 0 0 0 0
1161.8 0 0 0 0 1 0 0 0 0
1162.01 0 0 0 1 0 0 0 0 0
1163.94 0 0 0 0 1 0 0 0 0
1164.57 0 0 0 1 0 0 0 0 0
1165.01 0 0 0 0 1 0 0 0 0
1166.29 1 0 0 0 0 0 0 0 0
1166.94 0 1 0 0 0 0 0 0 0
1167.86 1 0 0 0 0 0 0 0 0
1169.22 0 1 0 0 0 0 0 0 0
1192.78 0 0 0 1 0 0 0 0 0
1194.47 0 0 0 0 1 0 0 0 0
1195.29 0 0 0 1 0 0 0 0 0
1195.5 0 0 0 0 1 0 0 0 0
1196.76 0 0 0 1 0 0 0 0 0
1197.3 0 0 0 0 1 0 0 0 0
1197.92 0 0 0 1 0 0 0 0 0
1199.21 0 0 0 0 1 0 0 0 0
1199.78 1 0 0 0 0 0 0 0 0
1200.41 0 1 0 0 0 0 0 0 0
1201.38 1 0 0 0 0 0 0 0 0
1202.42 0 1 0 0 0 0 0 0 0
1203.63 0 0 0 1 0 0 0 0 0
1205.36 0 0 0 0 1 0 0 0 0
1213.52 1 0 0 0 0 0 0 0 0
1214.21 0 1 0 0 0 0 0 0 0
1214.92 0 0 0 1 0 0 0 0 0
1218.34 0 0 0 0 1 0 0 0 0
1219.71 0 0 0 1 0 0 0 0 0
1220.13 0 0 0 0 1 0 0 0 0
1220.51 1 0 0 0 0 0 0 0 0
1221.16 0 1 0 0 0 0 0 0 0
1226.6 0 0 0 1 0 0 0 0 0
1229.82 0 0 0 0 1 0 0 0 0
1230.71 0 0 0 1 0 0 0 0 0
1231.16 0 0 0 0 1 0 0 0 0
1278.5 0 0 0 1 0 0 0 0 0
1278.87 0 0 0 0 1 0 0 0 0
1279.09 0 0 0 1 0 0 0 0 0
1279.53 0 0 0 0 1 0 0 0 0
1279.79 0 0 0 1 0 0 0 0 0
1283.17 0 0 0 0 1 0 0 0 0
1283.5 0 0 0 1 0 0 0 0 0
1283.79 0 0 0 0 1 0 0 0 0
1286.78 0 0 0 1 0 0 0 0 0
1288.45 0 0 0 0 1 0 0 0 0
1289.12 1 0 0 0 0 0 0 0 0
1289.59 0 1 0 0 0 0 0 0 0
1290.23 1 0 0 0 0 0 0 0 0
1290.76 0 1 0 0 0 0 0 0 0
1291.24 0 0 0 1 0 0 0 0 0
1293.38 0 0 0 0 1 0 0 0 0
1294.22 0 0 0 1 0 0 0 0 0
1295.69 0 0 0 0 1 0 0 0 0
1296.14 0 0 0 1 0 0 0 0 0
1297.98 0 0 0 0 1 0 0 0 0
1298.75 1 0 0 0 0 0 0 0 0
1300.07 0 1 0 0 0 0 0 0 0
1301.19 0 0 0 1 0 0 0 0 0
1301.72 0 0 0 0 1 0 0 0 0
1305.14 1 0 0 0 0 0 0 0 0
1305.93 0 1 0 0 0 0 0 0 0
1306.23 0 0 0 1 0 0 0 0 0
1307.94 0 0 0 0 1 0 0 0 0
1308.86 1 0 0 0 0 0 0 0 0
1309.89 0 1 0 0 0 0 0 0 0
1310.69 1 0 0 0 0 0 0 0 0
1311.26 0 1 0 0 0 0 0 0 0
1311.64 0 0 0 1 0 0 0 0 0
1314.57 0 0 0 0 1 0 0 0 0
1316.08 0 0 0 1 0 0 0 0 0
1319.39 0 0 0 0 1 0 0 0 0
1320.05 1 0 0 0 0 0 0 0 0
1320.8 0 1 0 0 0 0 0 0 0
1321.28 1 0 0 0 0 0 0 0 0
1321.94 0 1 0 0 0 0 0 0 0
1322.23 0 0 0 1 0 0 0 0 0
1323.18 0 0 0 0 1 0 0 0 0
1325.65 0 0 0 1 0 0 0 0 0
1330.24 0 0 0 0 1 0 0 0 0
1332.72 0 0 0 1 0 0 0 0 0
1337.12 0 0 0 0 1 0 0 0 0
1337.59 1 0 0 0 0 0 0 0 0
1338.4 0 1 0 0 0 0 0 0 0
1339.52 1 0 0 0 0 0 0 0 0
1340.26 0 1 0 0 0 0 0 0 0
1341.04 1 0 0 0 0 0 0 0 0
1341.77 0 1 0 0 0 0 0 0 0
1342.67 1 0 0 0 0 0 0 0 0
1343.32 0 1 0 0 0 0 0 0 0
1344.13 0 0 0 1 0 0 0 0 0
1349.76 0 0 0 0 1 0 0 0 0
1350.31 1 0 0 0 0 0 0 0 0
1352.57 0 1 0 0 0 0 0 0 0
1357.13 0 0 0 1 0 0 0 0 0
1359.25 0 0 0 0 1 0 0 0 0
1359.29 0 0 0 1 0 0 0 0 0
1359.43 0 0 0 0 1 0 0 0 0
1359.9 1 0 0 0 0 0 0 0 0
1360.88 0 1 0 0 0 0 0 0 0
1361.73 1 0 0 0 0 0 0 0 0
1362.45 0 1 0 0 0 0 0 0 0
1362.99 1 0 0 0 0 0 0 0 0
1363.55 0 1 0 0 0 0 0 0 0
1364.47 1 0 0 0 0 0 0 0 0
1364.97 0 1 0 0 0 0 0 0 0
1365.56 1 0 0 0 0 0 0 0 0
1366.05 0 1 0 0 0 0 0 0 0
1367.44 1 0 0 0 0 0 0 0 0
1367.89 0 1 0 0 0 0 0 0 0
