2.23404 0 0 0 0 0 1 0 0 0
2.42998 0 0 0 0 0 0 1 0 0
23.7095 0 0 0 1 0 0 0 0 0
24.3902 0 0 0 0 1 0 0 0 0
24.9151 0 0 0 1 0 0 0 0 0
28.0073 0 0 0 0 1 0 0 0 0
28.6661 0 0 0 1 0 0 0 0 0
29.8418 0 0 0 0 1 0 0 0 0
32.861 0 0 0 1 0 0 0 0 0
34.8085 0 0 0 0 1 0 0 0 0
37.1379 0 0 0 1 0 0 0 0 0
40.7029 0 0 0 0 1 0 0 0 0
41.2488 1 0 0 0 0 0 0 0 0
41.7437 0 1 0 0 0 0 0 0 0
42.3415 0 0 0 1 0 0 0 0 0
44.1451 0 0 0 0 1 0 0 0 0
47.1643 1 0 0 0 0 0 0 0 0
47.2472 0 1 0 0 0 0 0 0 0
47.3503 1 0 1 0 0 0 0 0 0
47.4532 0 1 0 0 0 0 0 0 0
52.039 0 0 0 1 0 0 0 0 0
53.8325 0 0 0 0 1 0 0 0 0
57.8714 0 0 0 1 0 0 0 0 0
61.6534 0 0 0 0 1 0 0 0 0
61.9945 0 0 0 1 0 0 0 0 0
66.6002 0 0 0 0 1 0 0 0 0
67.197 0 0 0 1 0 0 0 0 0
69.3304 0 0 0 0 1 0 0 0 0
71.4839 0 0 0 1 0 0 0 0 0
76.8635 0 0 0 0 1 0 0 0 0
77.2754 0 0 0 1 0 0 0 0 0
78.574 0 0 0 0 1 0 0 0 0
79.0589 1 0 0 0 0 0 0 0 0
79.1409 0 1 0 0 0 0 0 0 0
79.8727 0 0 0 1 0 0 0 0 0
81.8302 0 0 0 0 1 0 0 0 0
84.1696 1 0 0 0 0 0 0 0 0
84.3035 0 1 0 0 0 0 0 0 0
84.3655 1 0 1 0 0 0 0 0 0
84.4995 0 1 0 0 0 0 0 0 0
94.1559 0 0 0 1 0 0 0 0 0
99.8444 0 0 0 0 1 0 0 0 0
100.297 0 0 0 1 0 0 0 0 0
100.823 0 0 0 0 1 0 0 0 0
114.066 0 0 0 1 0 0 0 0 0
114.685 0 0 0 0 1 0 0 0 0
115.034 0 0 0 1 0 0 0 0 0
117.343 0 0 0 0 1 0 0 0 0
117.601 0 0 0 1 0 0 0 0 0
120.486 0 0 0 0 1 0 0 0 0
123.897 0 0 0 0 0 1 0 0 0
124.062 0 0 0 0 0 0 1 0 0
151.855 0 0 0 1 0 0 0 0 0
153.483 0 0 0 0 1 0 0 0 0
153.844 0 0 0 1 0 0 0 0 0
156.174 0 0 0 0 1 0 0 0 0
156.431 0 0 0 1 0 0 0 0 0
157.059 0 0 0 0 1 0 0 0 0
157.286 0 0 0 1 0 0 0 0 0
159.017 0 0 0 0 1 0 0 0 0
159.347 0 0 0 1 0 0 0 0 0
160.182 0 0 0 0 1 0 0 0 0
160.573 0 0 0 1 0 0 0 0 0
162.294 0 0 0 0 1 0 0 0 0
165.191 1 0 0 0 0 0 0 0 0
166.025 0 1 0 0 0 0 0 0 0
167.18 1 0 0 0 0 0 0 0 0
168.137 0 1 0 0 0 0 0 0 0
168.684 1 0 0 0 0 0 0 0 0
169.158 0 1 0 0 0 0 0 0 0
169.951 1 0 0 0 0 0 0 0 0
170.766 0 1 0 0 0 0 0 0 0
171.292 1 0 0 0 0 0 0 0 0
171.962 0 1 0 0 0 0 0 0 0
172.487 1 0 0 0 0 0 0 0 0
173.084 0 1 0 0 0 0 0 0 0
174.084 1 0 0 0 0 0 0 0 0
174.188 0 1 0 0 0 0 0 0 0
174.261 1 0 1 0 0 0 0 0 0
174.373 0 1 0 0 0 0 0 0 0
177.661 0 0 0 1 0 0 0 0 0
179.937 0 0 0 0 1 0 0 0 0
180.278 1 0 0 0 0 0 0 0 0
180.999 0 1 0 0 0 0 0 0 0
181.68 1 0 0 0 0 0 0 0 0
182.247 0 1 0 0 0 0 0 0 0
182.453 0 0 0 1 0 0 0 0 0
185.606 0 0 0 0 1 0 0 0 0
186.08 1 0 0 0 0 0 0 0 0
186.719 0 1 0 0 0 0 0 0 0
187.192 1 0 0 0 0 0 0 0 0
187.625 0 1 0 0 0 0 0 0 0
187.965 0 0 0 1 0 0 0 0 0
189.48 0 0 0 0 1 0 0 0 0
189.687 0 0 0 1 0 0 0 0 0
193.52 0 0 0 0 1 0 0 0 0
193.881 0 0 0 1 0 0 0 0 0
198.806 0 0 0 0 1 0 0 0 0
199.074 0 0 0 1 0 0 0 0 0
199.888 0 0 0 0 1 0 0 0 0
200.517 1 0 0 0 0 0 0 0 0
201.445 0 1 0 0 0 0 0 0 0
201.692 1 0 0 0 0 0 0 0 0
202.074 0 1 0 0 0 0 0 0 0
204.485 1 0 0 0 0 0 0 0 0
205 0 1 0 0 0 0 0 0 0
205.258 0 0 0 1 0 0 0 0 0
206.803 0 0 0 0 1 0 0 0 0
207.648 0 0 0 1 0 0 0 0 0
208.39 0 0 0 0 1 0 0 0 0
208.72 1 0 0 0 0 0 0 0 0
209.658 0 1 0 0 0 0 0 0 0
214.573 1 0 0 0 0 0 0 0 0
214.779 0 1 0 0 0 0 0 0 0
214.841 1 0 1 0 0 0 0 0 0
214.944 0 1 0 0 0 0 0 0 0
217.397 0 0 0 1 0 0 0 0 0
219.52 0 0 0 0 1 0 0 0 0
220.035 1 0 0 0 0 0 0 0 0
221.066 0 1 0 0 0 0 0 0 0
221.642 1 0 0 0 0 0 0 0 0
222.291 0 1 0 0 0 0 0 0 0
226.64 1 0 0 0 0 0 0 0 0
226.723 0 1 0 0 0 0 0 0 0
227.063 1 0 1 0 0 0 0 0 0
227.217 0 1 0 0 0 0 0 0 0
232.154 1 0 0 0 0 0 0 0 0
233.029 0 1 0 0 0 0 0 0 0
233.369 0 0 0 1 0 0 0 0 0
235.523 0 0 0 0 1 0 0 0 0
235.77 0 0 0 1 0 0 0 0 0
238.707 0 0 0 0 1 0 0 0 0
238.965 0 0 0 1 0 0 0 0 0
239.656 0 0 0 0 1 0 0 0 0
240.13 0 0 0 1 0 0 0 0 0
241.139 0 0 0 0 1 0 0 0 0
241.438 0 0 0 1 0 0 0 0 0
241.964 0 0 0 0 1 0 0 0 0
243.407 0 0 0 0 0 1 0 0 0
243.531 0 0 0 0 0 0 1 0 0
261.853 0 0 0 1 0 0 0 0 0
262.327 0 0 0 0 1 0 0 0 0
262.554 0 0 0 1 0 0 0 0 0
264.79 0 0 0 0 1 0 0 0 0
265.161 0 0 0 1 0 0 0 0 0
266.676 0 0 0 0 1 0 0 0 0
267.098 0 0 0 1 0 0 0 0 0
269.737 0 0 0 0 1 0 0 0 0
270.108 1 0 0 0 0 0 0 0 0
270.993 0 1 0 0 0 0 0 0 0
271.56 0 0 0 1 0 0 0 0 0
274.353 0 0 0 0 1 0 0 0 0
274.868 1 0 0 0 0 0 0 0 0
275.816 0 1 0 0 0 0 0 0 0
281.248 0 0 0 1 0 0 0 0 0
283.669 0 0 0 0 1 0 0 0 0
284.844 0 0 0 1 0 0 0 0 0
287.616 0 0 0 0 1 0 0 0 0
288.017 0 0 0 1 0 0 0 0 0
288.914 0 0 0 0 1 0 0 0 0
289.573 0 0 0 1 0 0 0 0 0
290.934 0 0 0 0 1 0 0 0 0
291.521 0 0 0 1 0 0 0 0 0
293.098 0 0 0 0 1 0 0 0 0
293.789 0 0 0 1 0 0 0 0 0
296.303 0 0 0 0 1 0 0 0 0
297.126 0 0 0 1 0 0 0 0 0
301.259 0 0 0 0 1 0 0 0 0
301.547 0 0 0 1 0 0 0 0 0
303.424 0 0 0 0 1 0 0 0 0
304.845 0 0 0 1 0 0 0 0 0
306.618 0 0 0 0 1 0 0 0 0
306.959 0 0 0 1 0 0 0 0 0
309.132 0 0 0 0 1 0 0 0 0
309.4 0 0 0 1 0 0 0 0 0
312.121 0 0 0 0 1 0 0 0 0
319.572 0 0 0 1 0 0 0 0 0
322.168 0 0 0 0 1 0 0 0 0
322.519 0 0 0 1 0 0 0 0 0
324.517 0 0 0 0 1 0 0 0 0
324.805 0 0 0 1 0 0 0 0 0
329.402 0 0 0 0 1 0 0 0 0
332.049 1 0 0 0 0 0 0 0 0
332.977 0 1 0 0 0 0 0 0 0
333.585 1 0 0 0 0 0 0 0 0
334.245 0 1 0 0 0 0 0 0 0
338.429 1 0 0 0 0 0 0 0 0
339.644 0 1 0 0 0 0 0 0 0
340.48 1 0 0 0 0 0 0 0 0
341.51 0 1 0 0 0 0 0 0 0
341.798 0 0 0 1 0 0 0 0 0
342.921 0 0 0 0 1 0 0 0 0
344.509 1 0 0 0 0 0 0 0 0
344.642 0 1 0 0 0 0 0 0 0
346.147 1 0 0 0 0 0 0 0 0
346.24 0 1 0 0 0 0 0 0 0
346.322 1 0 1 0 0 0 0 0 0
346.446 0 1 0 0 0 0 0 0 0
