3.34284 0 0 0 0 0 1 0 0 0
3.46679 0 0 0 0 0 0 1 0 0
25.54 0 0 0 0 0 1 0 0 0
25.756 0 0 0 0 0 0 1 0 0
26.3128 0 0 0 0 0 1 0 0 0
26.5188 0 0 0 0 0 0 1 0 0
29.7959 0 0 0 0 0 1 0 0 0
29.9709 0 0 0 0 0 0 1 0 0
51.3493 0 0 0 1 0 0 0 0 0
52.7759 0 0 0 0 1 0 0 0 0
52.9508 0 0 0 1 0 0 0 0 0
56.032 0 0 0 0 1 0 0 0 0
56.9598 1 0 0 0 0 0 0 0 0
57.8566 0 1 0 0 0 0 0 0 0
58.1035 0 0 0 1 0 0 0 0 0
59.6491 0 0 0 0 1 0 0 0 0
59.969 0 0 0 1 0 0 0 0 0
61.0407 0 0 0 0 1 0 0 0 0
62.6273 0 0 0 1 0 0 0 0 0
63.771 0 0 0 0 1 0 0 0 0
64.4308 0 0 0 1 0 0 0 0 0
67.0282 0 0 0 0 1 0 0 0 0
67.2342 0 0 0 1 0 0 0 0 0
70.3973 0 0 0 0 1 0 0 0 0
70.7582 0 0 0 1 0 0 0 0 0
71.1291 0 0 0 0 1 0 0 0 0
71.48 1 0 0 0 0 0 0 0 0
72.2937 0 1 0 0 0 0 0 0 0
72.7266 1 0 0 0 0 0 0 0 0
73.2415 0 1 0 0 0 0 0 0 0
73.6335 1 0 0 0 0 0 0 0 0
74.2523 0 1 0 0 0 0 0 0 0
74.7571 1 0 0 0 0 0 0 0 0
75.4469 0 1 0 0 0 0 0 0 0
75.8908 1 0 0 0 0 0 0 0 0
76.6326 0 1 0 0 0 0 0 0 0
77.1165 1 0 0 0 0 0 0 0 0
77.7454 0 1 0 0 0 0 0 0 0
78.2502 1 0 0 0 0 0 0 0 0
79.075 0 1 0 0 0 0 0 0 0
79.8477 1 0 0 0 0 0 0 0 0
80.5376 0 1 0 0 0 0 0 0 0
81.4653 0 0 0 1 0 0 0 0 0
82.5371 0 0 0 0 1 0 0 0 0
93.1413 0 0 0 1 0 0 0 0 0
94.9758 0 0 0 0 1 0 0 0 0
95.7786 0 0 0 1 0 0 0 0 0
96.9953 0 0 0 0 1 0 0 0 0
97.5932 0 0 0 1 0 0 0 0 0
98.4999 0 0 0 0 1 0 0 0 0
100.22 0 0 0 1 0 0 0 0 0
104.322 0 0 0 0 1 0 0 0 0
104.579 0 0 0 1 0 0 0 0 0
105.857 0 0 0 0 1 0 0 0 0
106.125 0 0 0 1 0 0 0 0 0
107.785 0 0 0 0 1 0 0 0 0
108.134 0 0 0 1 0 0 0 0 0
108.361 0 0 0 0 1 0 0 0 0
108.67 1 0 0 0 0 0 0 0 0
110.031 0 1 0 0 0 0 0 0 0
110.484 1 0 0 0 0 0 0 0 0
111.32 0 1 0 0 0 0 0 0 0
111.536 0 0 0 1 0 0 0 0 0
112.256 0 0 0 0 1 0 0 0 0
112.69 1 0 0 0 0 0 0 0 0
113.267 0 1 0 0 0 0 0 0 0
113.535 0 0 0 1 0 0 0 0 0
115.585 0 0 0 0 1 0 0 0 0
115.853 0 0 0 1 0 0 0 0 0
117.224 0 0 0 0 1 0 0 0 0
117.595 0 0 0 1 0 0 0 0 0
118.368 0 0 0 0 1 0 0 0 0
118.698 0 0 0 1 0 0 0 0 0
120.047 0 0 0 0 1 0 0 0 0
120.552 0 0 0 1 0 0 0 0 0
121.367 0 0 0 0 1 0 0 0 0
123.582 0 0 0 0 0 1 0 0 0
123.716 0 0 0 0 0 0 1 0 0
147.366 0 0 0 1 0 0 0 0 0
152.271 0 0 0 0 1 0 0 0 0
152.921 1 0 0 0 0 0 0 0 0
153.704 0 1 0 0 0 0 0 0 0
154.198 1 0 0 0 0 0 0 0 0
155.219 0 1 0 0 0 0 0 0 0
155.951 1 0 0 0 0 0 0 0 0
156.827 0 1 0 0 0 0 0 0 0
157.291 0 0 0 1 0 0 0 0 0
158.466 0 0 0 0 1 0 0 0 0
163.04 1 0 0 0 0 0 0 0 0
163.133 0 1 0 0 0 0 0 0 0
163.236 1 0 1 0 0 0 0 0 0
163.35 0 1 0 0 0 0 0 0 0
167.41 0 0 0 1 0 0 0 0 0
169.801 0 0 0 0 1 0 0 0 0
170.006 0 0 0 1 0 0 0 0 0
170.862 0 0 0 0 1 0 0 0 0
171.409 0 0 0 1 0 0 0 0 0
174.345 0 0 0 0 1 0 0 0 0
175.036 0 0 0 1 0 0 0 0 0
176.932 0 0 0 0 1 0 0 0 0
177.2 0 0 0 1 0 0 0 0 0
178.364 0 0 0 0 1 0 0 0 0
178.674 0 0 0 1 0 0 0 0 0
180.106 0 0 0 0 1 0 0 0 0
180.61 0 0 0 1 0 0 0 0 0
181.074 0 0 0 0 1 0 0 0 0
182.084 0 0 0 1 0 0 0 0 0
183.888 0 0 0 0 1 0 0 0 0
184.568 0 0 0 1 0 0 0 0 0
186.598 0 0 0 0 1 0 0 0 0
187.072 0 0 0 1 0 0 0 0 0
187.371 0 0 0 0 1 0 0 0 0
187.979 0 0 0 1 0 0 0 0 0
190.287 0 0 0 0 1 0 0 0 0
190.586 0 0 0 1 0 0 0 0 0
191.699 0 0 0 0 1 0 0 0 0
192.121 1 0 0 0 0 0 0 0 0
193.049 0 1 0 0 0 0 0 0 0
193.337 0 0 0 1 0 0 0 0 0
194.389 0 0 0 0 1 0 0 0 0
195.079 0 0 0 1 0 0 0 0 0
198.211 0 0 0 0 1 0 0 0 0
198.758 1 0 0 0 0 0 0 0 0
199.623 0 1 0 0 0 0 0 0 0
200.056 1 0 0 0 0 0 0 0 0
200.561 0 1 0 0 0 0 0 0 0
214.956 1 0 0 0 0 0 0 0 0
215.08 0 1 0 0 0 0 0 0 0
215.183 1 0 1 0 0 0 0 0 0
215.297 0 1 0 0 0 0 0 0 0
218.718 0 0 0 1 0 0 0 0 0
219.553 0 0 0 0 1 0 0 0 0
222.078 0 0 0 1 0 0 0 0 0
222.386 0 0 0 0 1 0 0 0 0
223.159 0 0 0 1 0 0 0 0 0
225.705 0 0 0 0 1 0 0 0 0
235.897 0 0 0 1 0 0 0 0 0
237.803 0 0 0 0 1 0 0 0 0
238.133 0 0 0 1 0 0 0 0 0
238.72 0 0 0 0 1 0 0 0 0
239.236 0 0 0 1 0 0 0 0 0
240.627 0 0 0 0 1 0 0 0 0
243.77 0 0 0 0 0 1 0 0 0
243.935 0 0 0 0 0 0 1 0 0
266.575 0 0 0 1 0 0 0 0 0
269.214 0 0 0 0 1 0 0 0 0
271.399 0 0 0 1 0 0 0 0 0
275.047 0 0 0 0 1 0 0 0 0
275.305 0 0 0 1 0 0 0 0 0
275.871 0 0 0 0 1 0 0 0 0
276.437 1 0 0 0 0 0 0 0 0
277.221 0 1 0 0 0 0 0 0 0
277.479 0 0 0 1 0 0 0 0 0
280.776 0 0 0 0 1 0 0 0 0
281.055 0 0 0 1 0 0 0 0 0
282.611 0 0 0 0 1 0 0 0 0
282.972 0 0 0 1 0 0 0 0 0
284.321 0 0 0 0 1 0 0 0 0
284.64 0 0 0 1 0 0 0 0 0
286.248 0 0 0 0 1 0 0 0 0
286.877 0 0 0 1 0 0 0 0 0
288.505 0 0 0 0 1 0 0 0 0
289.381 1 0 0 0 0 0 0 0 0
289.485 0 1 0 0 0 0 0 0 0
289.577 1 0 1 0 0 0 0 0 0
289.701 0 1 0 0 0 0 0 0 0
295.183 0 0 0 1 0 0 0 0 0
299.171 0 0 0 0 1 0 0 0 0
299.758 0 0 0 1 0 0 0 0 0
302.222 0 0 0 0 1 0 0 0 0
302.654 0 0 0 1 0 0 0 0 0
303.881 0 0 0 0 1 0 0 0 0
305.489 0 0 0 1 0 0 0 0 0
306.364 0 0 0 0 1 0 0 0 0
306.653 0 0 0 1 0 0 0 0 0
308.147 0 0 0 0 1 0 0 0 0
308.57 0 0 0 1 0 0 0 0 0
309.322 0 0 0 0 1 0 0 0 0
309.693 0 0 0 1 0 0 0 0 0
310.527 0 0 0 0 1 0 0 0 0
311.043 0 0 0 1 0 0 0 0 0
311.476 0 0 0 0 1 0 0 0 0
311.754 1 0 0 0 0 0 0 0 0
312.94 0 1 0 0 0 0 0 0 0
313.249 0 0 0 1 0 0 0 0 0
314.815 0 0 0 0 1 0 0 0 0
315.155 1 0 0 0 0 0 0 0 0
316 0 1 0 0 0 0 0 0 0
316.196 0 0 0 1 0 0 0 0 0
318.596 0 0 0 0 1 0 0 0 0
318.937 0 0 0 1 0 0 0 0 0
320.556 0 0 0 0 1 0 0 0 0
321.554 1 0 0 0 0 0 0 0 0
322.688 0 1 0 0 0 0 0 0 0
323.224 1 0 0 0 0 0 0 0 0
323.832 0 1 0 0 0 0 0 0 0
324.729 1 0 0 0 0 0 0 0 0
326.604 0 1 0 0 0 0 0 0 0
327.903 1 0 0 0 0 0 0 0 0
329.304 0 1 0 0 0 0 0 0 0
329.654 0 0 0 1 0 0 0 0 0
331.396 0 0 0 0 1 0 0 0 0
339.218 0 0 0 1 0 0 0 0 0
341.248 0 0 0 0 1 0 0 0 0
341.465 0 0 0 1 0 0 0 0 0
343.144 0 0 0 0 1 0 0 0 0
343.423 0 0 0 1 0 0 0 0 0
344.844 0 0 0 0 1 0 0 0 0
344.927 0 0 0 1 0 0 0 0 0
344.947 0 0 0 0 1 0 0 0 0
345.741 0 0 0 1 0 0 0 0 0
347.205 0 0 0 0 1 0 0 0 0
347.493 0 0 0 1 0 0 0 0 0
348.863 0 0 0 0 1 0 0 0 0
350.471 1 0 0 0 0 0 0 0 0
350.554 0 1 0 0 0 0 0 0 0
350.657 1 0 1 0 0 0 0 0 0
350.75 0 1 0 0 0 0 0 0 0
