2.1199 0 0 0 0 0 1 0 0 0
2.31586 0 0 0 0 0 0 1 0 0
23.1624 0 0 0 1 0 0 0 0 0
29.1608 0 0 0 0 1 0 0 0 0
29.4687 0 0 0 1 0 0 0 0 0
30.6135 0 0 0 0 1 0 0 0 0
30.9843 0 0 0 1 0 0 0 0 0
32.2929 0 0 0 0 1 0 0 0 0
32.5708 0 0 0 1 0 0 0 0 0
33.4886 0 0 0 0 1 0 0 0 0
34.3334 0 0 0 1 0 0 0 0 0
36.8687 0 0 0 0 1 0 0 0 0
37.1057 0 0 0 1 0 0 0 0 0
37.9295 0 0 0 0 1 0 0 0 0
38.2084 0 0 0 1 0 0 0 0 0
40.8157 0 0 0 0 1 0 0 0 0
41.1966 1 0 0 0 0 0 0 0 0
41.8354 0 1 0 0 0 0 0 0 0
42.0415 0 0 0 1 0 0 0 0 0
43.8559 0 0 0 0 1 0 0 0 0
44.2578 1 0 0 0 0 0 0 0 0
45.3914 0 1 0 0 0 0 0 0 0
45.8345 1 0 0 0 0 0 0 0 0
46.7211 0 1 0 0 0 0 0 0 0
46.9281 0 0 0 1 0 0 0 0 0
48.5546 0 0 0 0 1 0 0 0 0
48.7406 1 0 0 0 0 0 0 0 0
49.0815 0 1 0 0 0 0 0 0 0
49.7513 1 0 0 0 0 0 0 0 0
50.6781 0 1 0 0 0 0 0 0 0
51.1109 0 0 0 1 0 0 0 0 0
51.657 0 0 0 0 1 0 0 0 0
52.2966 0 0 0 1 0 0 0 0 0
53.6663 0 0 0 0 1 0 0 0 0
54.5121 0 0 0 1 0 0 0 0 0
55.4389 0 0 0 0 1 0 0 0 0
55.7077 0 0 0 1 0 0 0 0 0
57.0674 0 0 0 0 1 0 0 0 0
57.3353 0 0 0 1 0 0 0 0 0
58.2211 0 0 0 0 1 0 0 0 0
58.9219 1 0 0 0 0 0 0 0 0
59.077 0 1 0 0 0 0 0 0 0
59.7057 1 0 0 0 0 0 0 0 0
59.7887 0 1 0 0 0 0 0 0 0
59.8706 1 0 1 0 0 0 0 0 0
59.9951 0 1 0 0 0 0 0 0 0
63.2917 0 0 0 1 0 0 0 0 0
64.7453 0 0 0 0 1 0 0 0 0
65.0652 0 0 0 1 0 0 0 0 0
66.9708 0 0 0 0 1 0 0 0 0
67.4346 0 0 0 1 0 0 0 0 0
69.62 0 0 0 0 1 0 0 0 0
70.1859 0 0 0 1 0 0 0 0 0
71.8054 0 0 0 0 1 0 0 0 0
72.0314 0 0 0 1 0 0 0 0 0
73.401 0 0 0 0 1 0 0 0 0
73.649 0 0 0 1 0 0 0 0 0
74.3908 0 0 0 0 1 0 0 0 0
74.6487 0 0 0 1 0 0 0 0 0
75.8334 0 0 0 0 1 0 0 0 0
83.1095 0 0 0 0 0 1 0 0 0
83.2534 0 0 0 0 0 0 1 0 0
94.2805 0 0 0 0 0 1 0 0 0
94.4258 0 0 0 0 0 0 1 0 0
94.7236 0 0 0 0 0 1 0 0 0
94.8273 0 0 0 0 0 0 1 0 0
113.506 0 0 0 1 0 0 0 0 0
114.706 0 0 0 0 1 0 0 0 0
114.882 0 0 0 1 0 0 0 0 0
118.066 0 0 0 0 1 0 0 0 0
118.499 0 0 0 1 0 0 0 0 0
121.034 0 0 0 0 1 0 0 0 0
121.405 1 0 0 0 0 0 0 0 0
121.993 0 1 0 0 0 0 0 0 0
122.188 0 0 0 1 0 0 0 0 0
125.774 0 0 0 0 1 0 0 0 0
126.733 1 0 0 0 0 0 0 0 0
126.908 0 1 0 0 0 0 0 0 0
129.381 0 0 0 1 0 0 0 0 0
130.865 0 0 0 0 1 0 0 0 0
131.071 0 0 0 1 0 0 0 0 0
134.214 0 0 0 0 1 0 0 0 0
136.316 0 0 0 1 0 0 0 0 0
140.088 0 0 0 0 1 0 0 0 0
140.5 0 0 0 1 0 0 0 0 0
144.725 0 0 0 0 1 0 0 0 0
145.302 0 0 0 1 0 0 0 0 0
148.93 0 0 0 0 1 0 0 0 0
149.156 0 0 0 1 0 0 0 0 0
150.435 0 0 0 0 1 0 0 0 0
151.022 0 0 0 1 0 0 0 0 0
151.299 0 0 0 0 1 0 0 0 0
151.671 1 0 0 0 0 0 0 0 0
152.537 0 1 0 0 0 0 0 0 0
153.062 1 0 0 0 0 0 0 0 0
154.041 0 1 0 0 0 0 0 0 0
154.63 1 0 0 0 0 0 0 0 0
155.7 0 1 0 0 0 0 0 0 0
156.184 1 0 0 0 0 0 0 0 0
156.906 0 1 0 0 0 0 0 0 0
157.597 0 0 0 1 0 0 0 0 0
162.573 0 0 0 0 1 0 0 0 0
163.068 1 0 0 0 0 0 0 0 0
163.697 0 1 0 0 0 0 0 0 0
164.099 0 0 0 1 0 0 0 0 0
167.118 0 0 0 0 1 0 0 0 0
172.333 1 0 0 0 0 0 0 0 0
172.467 0 1 0 0 0 0 0 0 0
172.509 1 0 1 0 0 0 0 0 0
172.663 0 1 0 0 0 0 0 0 0
175.425 0 0 0 1 0 0 0 0 0
179.691 0 0 0 0 1 0 0 0 0
180.134 0 0 0 1 0 0 0 0 0
181.371 0 0 0 0 1 0 0 0 0
181.578 0 0 0 1 0 0 0 0 0
181.731 0 0 0 0 1 0 0 0 0
182.947 0 0 0 0 0 1 0 0 0
183.133 0 0 0 0 0 0 1 0 0
205.897 0 0 0 1 0 0 0 0 0
210.762 0 0 0 0 1 0 0 0 0
213.389 1 0 0 0 0 0 0 0 0
213.915 0 1 0 0 0 0 0 0 0
216.532 1 0 0 0 0 0 0 0 0
216.625 0 1 0 0 0 0 0 0 0
216.708 1 0 1 0 0 0 0 0 0
216.831 0 1 0 0 0 0 0 0 0
218.954 0 0 0 1 0 0 0 0 0
219.685 0 0 0 0 1 0 0 0 0
219.933 0 0 0 1 0 0 0 0 0
220.582 0 0 0 0 1 0 0 0 0
221.046 1 0 0 0 0 0 0 0 0
221.757 0 1 0 0 0 0 0 0 0
221.973 0 0 0 1 0 0 0 0 0
223.271 0 0 0 0 1 0 0 0 0
226.694 1 0 0 0 0 0 0 0 0
226.787 0 1 0 0 0 0 0 0 0
226.868 1 0 1 0 0 0 0 0 0
226.993 0 1 0 0 0 0 0 0 0
233.145 0 0 0 1 0 0 0 0 0
235.35 0 0 0 0 1 0 0 0 0
235.577 0 0 0 1 0 0 0 0 0
242.212 0 0 0 0 1 0 0 0 0
242.511 0 0 0 1 0 0 0 0 0
244.655 0 0 0 0 1 0 0 0 0
244.985 0 0 0 1 0 0 0 0 0
246.211 0 0 0 0 1 0 0 0 0
246.448 0 0 0 1 0 0 0 0 0
248.891 0 0 0 0 1 0 0 0 0
249.601 0 0 0 1 0 0 0 0 0
250.89 0 0 0 0 1 0 0 0 0
251.539 0 0 0 1 0 0 0 0 0
252.632 0 0 0 0 1 0 0 0 0
252.991 0 0 0 1 0 0 0 0 0
254.063 0 0 0 0 1 0 0 0 0
254.496 0 0 0 1 0 0 0 0 0
255.341 0 0 0 0 1 0 0 0 0
256.042 0 0 0 1 0 0 0 0 0
256.876 0 0 0 0 1 0 0 0 0
265.059 0 0 0 1 0 0 0 0 0
266.687 0 0 0 0 1 0 0 0 0
266.967 0 0 0 1 0 0 0 0 0
267.759 0 0 0 0 1 0 0 0 0
267.933 0 0 0 1 0 0 0 0 0
269.541 0 0 0 0 1 0 0 0 0
272.705 1 0 0 0 0 0 0 0 0
272.849 0 1 0 0 0 0 0 0 0
272.911 1 0 1 0 0 0 0 0 0
273.035 0 1 0 0 0 0 0 0 0
278.735 1 0 0 0 0 0 0 0 0
278.869 0 1 0 0 0 0 0 0 0
279.137 1 0 1 0 0 0 0 0 0
280.424 0 1 0 0 0 0 0 0 0
282.64 0 0 0 0 0 1 0 0 0
282.775 0 0 0 0 0 0 1 0 0
304.034 0 0 0 1 0 0 0 0 0
305.631 0 0 0 0 1 0 0 0 0
306.496 0 0 0 1 0 0 0 0 0
310.783 0 0 0 0 1 0 0 0 0
310.969 0 0 0 1 0 0 0 0 0
312.628 0 0 0 0 1 0 0 0 0
314.472 1 0 0 0 0 0 0 0 0
314.947 0 1 0 0 0 0 0 0 0
315.4 1 0 0 0 0 0 0 0 0
316.513 0 1 0 0 0 0 0 0 0
316.966 1 0 0 0 0 0 0 0 0
317.894 0 1 0 0 0 0 0 0 0
318.357 0 0 0 1 0 0 0 0 0
319.811 0 0 0 0 1 0 0 0 0
325.881 0 0 0 1 0 0 0 0 0
328.281 0 0 0 0 1 0 0 0 0
341.482 0 0 0 1 0 0 0 0 0
343.842 0 0 0 0 1 0 0 0 0
344.162 0 0 0 1 0 0 0 0 0
345.749 0 0 0 0 1 0 0 0 0
345.996 0 0 0 1 0 0 0 0 0
347.263 0 0 0 0 1 0 0 0 0
347.768 1 0 0 0 0 0 0 0 0
348.293 0 1 0 0 0 0 0 0 0
348.552 0 0 0 1 0 0 0 0 0
353.601 0 0 0 0 1 0 0 0 0
353.776 0 0 0 1 0 0 0 0 0
354.218 0 0 0 0 1 0 0 0 0
355.043 1 0 0 0 0 0 0 0 0
356.373 0 1 0 0 0 0 0 0 0
356.878 0 0 0 1 0 0 0 0 0
359.897 0 0 0 0 1 0 0 0 0
360.082 0 0 0 1 0 0 0 0 0
360.577 0 0 0 0 1 0 0 0 0
