3.4667 0 0 0 0 0 1 0 0 0
3.51874 0 0 0 0 0 0 1 0 0
19.1205 0 0 0 1 0 0 0 0 0
20.4701 0 0 0 0 1 0 0 0 0
22.5416 0 0 0 1 0 0 0 0 0
23.8812 0 0 0 0 1 0 0 0 0
24.2731 0 0 0 1 0 0 0 0 0
26.0047 0 0 0 0 1 0 0 0 0
27.6433 0 0 0 1 0 0 0 0 0
30.6004 0 0 0 0 1 0 0 0 0
31.9191 0 0 0 1 0 0 0 0 0
33.6816 0 0 0 0 1 0 0 0 0
34.5674 0 0 0 1 0 0 0 0 0
37.8035 0 0 0 0 1 0 0 0 0
38.0405 0 0 0 1 0 0 0 0 0
38.4213 0 0 0 0 1 0 0 0 0
38.9263 1 0 0 0 0 0 0 0 0
39.4001 0 1 0 0 0 0 0 0 0
39.9569 1 0 0 0 0 0 0 0 0
40.5962 0 1 0 0 0 0 0 0 0
40.9877 1 0 0 0 0 0 0 0 0
41.2968 0 1 0 0 0 0 0 0 0
47.6339 1 0 0 0 0 0 0 0 0
48.2217 0 1 0 0 0 0 0 0 0
48.4487 0 0 0 1 0 0 0 0 0
49.5194 0 0 0 0 1 0 0 0 0
50.2934 0 0 0 1 0 0 0 0 0
51.3749 0 0 0 0 1 0 0 0 0
51.5708 0 0 0 1 0 0 0 0 0
54.4872 0 0 0 0 1 0 0 0 0
61.5563 0 0 0 1 0 0 0 0 0
63.0398 0 0 0 0 1 0 0 0 0
63.3189 0 0 0 1 0 0 0 0 0
64.9473 0 0 0 0 1 0 0 0 0
65.4312 1 0 0 0 0 0 0 0 0
66.3279 0 1 0 0 0 0 0 0 0
67.4207 1 0 0 0 0 0 0 0 0
68.0485 0 1 0 0 0 0 0 0 0
68.7393 1 0 0 0 0 0 0 0 0
69.1823 0 1 0 0 0 0 0 0 0
69.842 0 0 0 1 0 0 0 0 0
71.6455 0 0 0 0 1 0 0 0 0
72.4903 0 0 0 1 0 0 0 0 0
73.3561 0 0 0 0 1 0 0 0 0
73.634 0 0 0 1 0 0 0 0 0
75.9225 0 0 0 0 1 0 0 0 0
87.1024 0 0 0 1 0 0 0 0 0
88.1332 0 0 0 0 1 0 0 0 0
89.8338 0 0 0 1 0 0 0 0 0
90.4415 0 0 0 0 1 0 0 0 0
93.4507 0 0 0 0 0 1 0 0 0
93.6367 0 0 0 0 0 0 1 0 0
115.185 0 0 0 1 0 0 0 0 0
118.07 0 0 0 0 1 0 0 0 0
118.616 1 0 0 0 0 0 0 0 0
119.131 0 1 0 0 0 0 0 0 0
119.43 0 0 0 1 0 0 0 0 0
121.646 0 0 0 0 1 0 0 0 0
127.077 0 0 0 1 0 0 0 0 0
127.86 0 0 0 0 1 0 0 0 0
128.044 0 0 0 1 0 0 0 0 0
128.601 0 0 0 0 1 0 0 0 0
139.01 0 0 0 1 0 0 0 0 0
141.226 0 0 0 0 1 0 0 0 0
143.74 0 0 0 1 0 0 0 0 0
144.729 0 0 0 0 1 0 0 0 0
145.09 1 0 0 0 0 0 0 0 0
145.946 0 1 0 0 0 0 0 0 0
146.224 0 0 0 1 0 0 0 0 0
150.573 0 0 0 0 1 0 0 0 0
154.714 0 0 0 1 0 0 0 0 0
155.199 0 0 0 0 1 0 0 0 0
155.426 1 0 0 0 0 0 0 0 0
157.075 0 1 0 0 0 0 0 0 0
159.239 0 0 0 1 0 0 0 0 0
161.311 0 0 0 0 1 0 0 0 0
162.063 0 0 0 1 0 0 0 0 0
163.547 0 0 0 0 1 0 0 0 0
164.124 0 0 0 1 0 0 0 0 0
165.433 0 0 0 0 1 0 0 0 0
174.439 0 0 0 0 0 1 0 0 0
174.604 0 0 0 0 0 0 1 0 0
183.034 0 0 0 0 0 1 0 0 0
183.179 0 0 0 0 0 0 1 0 0
184.909 0 0 0 0 0 1 0 0 0
185.044 0 0 0 0 0 0 1 0 0
201.718 0 0 0 1 0 0 0 0 0
205.953 0 0 0 0 1 0 0 0 0
210.766 0 0 0 1 0 0 0 0 0
212.023 0 0 0 0 1 0 0 0 0
212.692 0 0 0 1 0 0 0 0 0
215.672 0 0 0 0 1 0 0 0 0
215.98 0 0 0 1 0 0 0 0 0
223.461 0 0 0 0 1 0 0 0 0
223.894 1 0 0 0 0 0 0 0 0
224.534 0 1 0 0 0 0 0 0 0
224.791 0 0 0 1 0 0 0 0 0
229.645 0 0 0 0 1 0 0 0 0
230.139 1 0 0 0 0 0 0 0 0
230.603 0 1 0 0 0 0 0 0 0
236.075 1 0 0 0 0 0 0 0 0
236.137 0 1 0 0 0 0 0 0 0
236.23 1 0 1 0 0 0 0 0 0
236.353 0 1 0 0 0 0 0 0 0
239.064 1 0 0 0 0 0 0 0 0
239.641 0 1 0 0 0 0 0 0 0
241.146 1 0 0 0 0 0 0 0 0
241.732 0 1 0 0 0 0 0 0 0
242.691 0 0 0 1 0 0 0 0 0
244.742 0 0 0 0 1 0 0 0 0
245.154 1 0 0 0 0 0 0 0 0
246.153 0 1 0 0 0 0 0 0 0
246.618 0 0 0 1 0 0 0 0 0
247.73 0 0 0 0 1 0 0 0 0
248.122 0 0 0 1 0 0 0 0 0
248.473 0 0 0 0 1 0 0 0 0
248.863 1 0 0 0 0 0 0 0 0
249.708 0 1 0 0 0 0 0 0 0
250.131 0 0 0 1 0 0 0 0 0
250.503 0 0 0 0 1 0 0 0 0
256.51 1 0 0 0 0 0 0 0 0
256.592 0 1 0 0 0 0 0 0 0
256.685 1 0 1 0 0 0 0 0 0
256.788 0 1 0 0 0 0 0 0 0
264.692 0 0 0 0 0 1 0 0 0
264.857 0 0 0 0 0 0 1 0 0
296.019 0 0 0 1 0 0 0 0 0
297.545 0 0 0 0 1 0 0 0 0
298.545 0 0 0 1 0 0 0 0 0
300.647 0 0 0 0 1 0 0 0 0
301.162 0 0 0 1 0 0 0 0 0
304.459 0 0 0 0 1 0 0 0 0
304.882 1 0 0 0 0 0 0 0 0
305.808 0 1 0 0 0 0 0 0 0
306.159 0 0 0 1 0 0 0 0 0
312.693 0 0 0 0 1 0 0 0 0
313.021 1 0 0 0 0 0 0 0 0
313.898 0 1 0 0 0 0 0 0 0
314.196 0 0 0 1 0 0 0 0 0
316.053 0 0 0 0 1 0 0 0 0
316.33 0 0 0 1 0 0 0 0 0
319.7 0 0 0 0 1 0 0 0 0
320.009 0 0 0 1 0 0 0 0 0
320.709 0 0 0 0 1 0 0 0 0
335.94 1 0 0 0 0 0 0 0 0
336.043 0 1 0 0 0 0 0 0 0
336.538 1 0 0 0 0 0 0 0 0
336.63 0 1 0 0 0 0 0 0 0
336.713 1 0 1 0 0 0 0 0 0
336.826 0 1 0 0 0 0 0 0 0
343.669 0 0 0 1 0 0 0 0 0
345.452 0 0 0 0 1 0 0 0 0
345.658 0 0 0 1 0 0 0 0 0
347.502 0 0 0 0 1 0 0 0 0
347.688 0 0 0 1 0 0 0 0 0
349.625 0 0 0 0 1 0 0 0 0
349.8 0 0 0 1 0 0 0 0 0
351.687 0 0 0 0 1 0 0 0 0
354.447 1 0 0 0 0 0 0 0 0
354.52 0 1 0 0 0 0 0 0 0
354.603 1 0 1 0 0 0 0 0 0
354.715 0 1 0 0 0 0 0 0 0
