4.59357 0 0 0 0 0 1 0 0 0
4.72755 0 0 0 0 0 0 1 0 0
33.366 0 0 0 1 0 0 0 0 0
35.7464 0 0 0 0 1 0 0 0 0
40.3841 0 0 0 1 0 0 0 0 0
42.3836 0 0 0 0 1 0 0 0 0
43.0535 1 0 0 0 0 0 0 0 0
43.5273 0 1 0 0 0 0 0 0 0
44.1252 0 0 0 1 0 0 0 0 0
46.5155 0 0 0 0 1 0 0 0 0
49.2049 0 0 0 1 0 0 0 0 0
49.7827 0 0 0 0 1 0 0 0 0
50.0196 0 0 0 1 0 0 0 0 0
51.4522 0 0 0 0 1 0 0 0 0
51.8221 0 0 0 1 0 0 0 0 0
52.6159 0 0 0 0 1 0 0 0 0
52.9868 0 0 0 1 0 0 0 0 0
55.3982 0 0 0 0 1 0 0 0 0
55.6461 0 0 0 1 0 0 0 0 0
59.3452 0 0 0 0 1 0 0 0 0
61.2937 0 0 0 1 0 0 0 0 0
64.8077 0 0 0 0 1 0 0 0 0
72.1658 0 0 0 1 0 0 0 0 0
76.3087 0 0 0 0 1 0 0 0 0
76.7306 0 0 0 1 0 0 0 0 0
80.9455 0 0 0 0 1 0 0 0 0
81.4503 0 0 0 1 0 0 0 0 0
82.1512 0 0 0 0 1 0 0 0 0
83.079 1 0 0 0 0 0 0 0 0
84.1507 0 1 0 0 0 0 0 0 0
86.418 1 0 0 0 0 0 0 0 0
87.6447 0 1 0 0 0 0 0 0 0
88.5715 1 0 0 0 0 0 0 0 0
89.3963 0 1 0 0 0 0 0 0 0
89.7152 0 0 0 1 0 0 0 0 0
91.9626 0 0 0 0 1 0 0 0 0
93.1263 0 0 0 1 0 0 0 0 0
95.9085 0 0 0 0 1 0 0 0 0
99.1967 0 0 0 1 0 0 0 0 0
101.041 0 0 0 0 1 0 0 0 0
101.567 0 0 0 1 0 0 0 0 0
102.68 0 0 0 0 1 0 0 0 0
103.37 1 0 0 0 0 0 0 0 0
104.091 0 1 0 0 0 0 0 0 0
104.483 1 0 0 0 0 0 0 0 0
105.431 0 1 0 0 0 0 0 0 0
106.214 1 0 0 0 0 0 0 0 0
107.173 0 1 0 0 0 0 0 0 0
107.718 1 0 0 0 0 0 0 0 0
108.811 0 1 0 0 0 0 0 0 0
109.481 1 0 0 0 0 0 0 0 0
110.274 0 1 0 0 0 0 0 0 0
112.799 0 0 0 1 0 0 0 0 0
116.005 0 0 0 0 1 0 0 0 0
116.272 0 0 0 1 0 0 0 0 0
116.931 0 0 0 0 1 0 0 0 0
117.735 1 0 0 0 0 0 0 0 0
119.023 0 1 0 0 0 0 0 0 0
119.507 1 0 0 0 0 0 0 0 0
120.569 0 1 0 0 0 0 0 0 0
134.769 0 0 0 1 0 0 0 0 0
140.313 0 0 0 0 1 0 0 0 0
140.829 0 0 0 1 0 0 0 0 0
143.136 0 0 0 0 1 0 0 0 0
143.745 0 0 0 1 0 0 0 0 0
145.939 0 0 0 0 1 0 0 0 0
146.815 1 0 0 0 0 0 0 0 0
148.186 0 1 0 0 0 0 0 0 0
148.897 1 0 0 0 0 0 0 0 0
149.896 0 1 0 0 0 0 0 0 0
150.69 1 0 0 0 0 0 0 0 0
151.669 0 1 0 0 0 0 0 0 0
152.762 1 0 0 0 0 0 0 0 0
153.39 0 1 0 0 0 0 0 0 0
153.988 0 0 0 1 0 0 0 0 0
154.988 0 0 0 0 1 0 0 0 0
156.153 1 0 0 0 0 0 0 0 0
157.234 0 1 0 0 0 0 0 0 0
159.903 1 0 0 0 0 0 0 0 0
159.976 0 1 0 0 0 0 0 0 0
160.079 1 0 1 0 0 0 0 0 0
160.171 0 1 0 0 0 0 0 0 0
171.929 1 0 0 0 0 0 0 0 0
172.825 0 1 0 0 0 0 0 0 0
174.65 1 0 0 0 0 0 0 0 0
175.443 0 1 0 0 0 0 0 0 0
175.897 1 0 0 0 0 0 0 0 0
176.834 0 1 0 0 0 0 0 0 0
177.432 1 0 0 0 0 0 0 0 0
178.349 0 1 0 0 0 0 0 0 0
178.885 1 0 0 0 0 0 0 0 0
179.761 0 1 0 0 0 0 0 0 0
180.203 1 0 0 0 0 0 0 0 0
181.059 0 1 0 0 0 0 0 0 0
182.842 0 0 0 0 0 1 0 0 0
182.966 0 0 0 0 0 0 1 0 0
210.614 1 0 0 0 0 0 0 0 0
210.892 0 1 0 0 0 0 0 0 0
211.16 0 0 0 1 0 0 0 0 0
214.365 0 0 0 0 1 0 0 0 0
215.138 1 0 0 0 0 0 0 0 0
216.571 0 1 0 0 0 0 0 0 0
217.148 1 0 0 0 0 0 0 0 0
217.93 0 1 0 0 0 0 0 0 0
218.332 1 0 0 0 0 0 0 0 0
219.075 0 1 0 0 0 0 0 0 0
219.93 0 0 0 1 0 0 0 0 0
220.415 0 0 0 0 1 0 0 0 0
226.587 0 0 0 1 0 0 0 0 0
230.946 0 0 0 0 1 0 0 0 0
231.276 0 0 0 1 0 0 0 0 0
233.676 0 0 0 0 1 0 0 0 0
234.089 0 0 0 1 0 0 0 0 0
235.965 0 0 0 0 1 0 0 0 0
236.697 0 0 0 1 0 0 0 0 0
237.737 0 0 0 0 1 0 0 0 0
238.294 1 0 0 0 0 0 0 0 0
239.077 0 1 0 0 0 0 0 0 0
239.943 1 0 0 0 0 0 0 0 0
240.746 0 1 0 0 0 0 0 0 0
241.684 0 0 0 1 0 0 0 0 0
242.622 0 0 0 0 1 0 0 0 0
243.169 0 0 0 1 0 0 0 0 0
243.797 0 0 0 0 1 0 0 0 0
244.445 0 0 0 1 0 0 0 0 0
244.785 0 0 0 0 1 0 0 0 0
248.99 1 0 0 0 0 0 0 0 0
249.794 0 1 0 0 0 0 0 0 0
250.144 1 0 0 0 0 0 0 0 0
250.969 0 1 0 0 0 0 0 0 0
251.247 0 0 0 1 0 0 0 0 0
254.411 0 0 0 0 1 0 0 0 0
260.728 0 0 0 1 0 0 0 0 0
266.51 0 0 0 0 1 0 0 0 0
266.808 0 0 0 1 0 0 0 0 0
267.364 0 0 0 0 1 0 0 0 0
268.22 1 0 0 0 0 0 0 0 0
268.704 0 1 0 0 0 0 0 0 0
269.292 1 0 0 0 0 0 0 0 0
269.776 0 1 0 0 0 0 0 0 0
270.312 1 0 0 0 0 0 0 0 0
270.724 0 1 0 0 0 0 0 0 0
278.927 1 0 0 0 0 0 0 0 0
279.02 0 1 0 0 0 0 0 0 0
279.112 1 0 1 0 0 0 0 0 0
279.226 0 1 0 0 0 0 0 0 0
282.399 1 0 0 0 0 0 0 0 0
283.235 0 1 0 0 0 0 0 0 0
284.09 1 0 0 0 0 0 0 0 0
284.688 0 1 0 0 0 0 0 0 0
285.173 1 0 0 0 0 0 0 0 0
285.657 0 1 0 0 0 0 0 0 0
286.512 1 0 0 0 0 0 0 0 0
287.068 0 1 0 0 0 0 0 0 0
287.666 1 0 0 0 0 0 0 0 0
288.161 0 1 0 0 0 0 0 0 0
289.037 1 0 0 0 0 0 0 0 0
289.861 0 1 0 0 0 0 0 0 0
290.427 1 0 0 0 0 0 0 0 0
291.045 0 1 0 0 0 0 0 0 0
291.891 1 0 0 0 0 0 0 0 0
292.479 0 1 0 0 0 0 0 0 0
293.334 1 0 0 0 0 0 0 0 0
293.941 0 1 0 0 0 0 0 0 0
294.601 1 0 0 0 0 0 0 0 0
295.189 0 1 0 0 0 0 0 0 0
296.199 1 0 0 0 0 0 0 0 0
296.848 0 1 0 0 0 0 0 0 0
297.744 1 0 0 0 0 0 0 0 0
298.496 0 1 0 0 0 0 0 0 0
298.764 1 0 0 0 0 0 0 0 0
299.517 0 1 0 0 0 0 0 0 0
300.115 0 0 0 1 0 0 0 0 0
302.475 0 0 0 0 1 0 0 0 0
310.225 0 0 0 1 0 0 0 0 0
312.285 0 0 0 0 1 0 0 0 0
317.2 1 0 0 0 0 0 0 0 0
317.293 0 1 0 0 0 0 0 0 0
317.365 1 0 1 0 0 0 0 0 0
317.488 0 1 0 0 0 0 0 0 0
327.753 0 0 0 1 0 0 0 0 0
330.525 0 0 0 0 1 0 0 0 0
331.688 1 0 0 0 0 0 0 0 0
332.441 0 1 0 0 0 0 0 0 0
333.348 1 0 0 0 0 0 0 0 0
334.234 0 1 0 0 0 0 0 0 0
334.832 0 0 0 1 0 0 0 0 0
336.243 0 0 0 0 1 0 0 0 0
337.315 0 0 0 1 0 0 0 0 0
338.212 0 0 0 0 1 0 0 0 0
338.748 0 0 0 1 0 0 0 0 0
342.746 0 0 0 0 1 0 0 0 0
343.858 0 0 0 1 0 0 0 0 0
347.712 0 0 0 0 1 0 0 0 0
349.64 1 0 0 0 0 0 0 0 0
350.217 0 1 0 0 0 0 0 0 0
350.824 1 0 0 0 0 0 0 0 0
351.504 0 1 0 0 0 0 0 0 0
352.442 1 0 0 0 0 0 0 0 0
353.525 0 1 0 0 0 0 0 0 0
356.266 0 0 0 1 0 0 0 0 0
358.656 0 0 0 0 1 0 0 0 0
359.13 1 0 0 0 0 0 0 0 0
359.862 0 1 0 0 0 0 0 0 0
360.769 1 0 0 0 0 0 0 0 0
361.243 0 1 0 0 0 0 0 0 0
362.171 1 0 0 0 0 0 0 0 0
362.994 0 1 0 0 0 0 0 0 0
