3.26985 0 0 0 0 0 1 0 0 0
3.48676 0 0 0 0 0 0 1 0 0
28.0133 0 0 0 1 0 0 0 0 0
31.8474 0 0 0 0 1 0 0 0 0
32.8061 1 0 0 0 0 0 0 0 0
33.2489 0 1 0 0 0 0 0 0 0
33.6508 1 0 0 0 0 0 0 0 0
34.0737 0 1 0 0 0 0 0 0 0
37.6388 1 0 0 0 0 0 0 0 0
37.7528 0 1 0 0 0 0 0 0 0
37.8347 1 0 1 0 0 0 0 0 0
37.9177 0 1 0 0 0 0 0 0 0
42.1837 0 0 0 1 0 0 0 0 0
44.225 0 0 0 0 1 0 0 0 0
44.286 0 0 0 1 0 0 0 0 0
44.7399 0 0 0 0 1 0 0 0 0
44.9868 0 0 0 1 0 0 0 0 0
47.0073 0 0 0 0 1 0 0 0 0
47.965 1 0 0 0 0 0 0 0 0
48.4289 0 1 0 0 0 0 0 0 0
49.0477 1 0 0 0 0 0 0 0 0
49.4906 0 1 0 0 0 0 0 0 0
51.0153 1 0 0 0 0 0 0 0 0
51.716 0 1 0 0 0 0 0 0 0
51.984 1 0 0 0 0 0 0 0 0
52.4999 0 1 0 0 0 0 0 0 0
53.1177 1 0 0 0 0 0 0 0 0
53.8285 0 1 0 0 0 0 0 0 0
54.6843 1 0 0 0 0 0 0 0 0
55.1682 0 1 0 0 0 0 0 0 0
55.529 1 0 0 0 0 0 0 0 0
56.0549 0 1 0 0 0 0 0 0 0
56.4978 1 0 0 0 0 0 0 0 0
56.9827 0 1 0 0 0 0 0 0 0
57.3126 1 0 0 0 0 0 0 0 0
57.7965 0 1 0 0 0 0 0 0 0
58.2293 1 0 0 0 0 0 0 0 0
59.2291 0 1 0 0 0 0 0 0 0
59.487 1 0 0 0 0 0 0 0 0
60.1568 0 1 0 0 0 0 0 0 0
60.7127 1 0 0 0 0 0 0 0 0
61.1456 0 1 0 0 0 0 0 0 0
61.7024 1 0 0 0 0 0 0 0 0
62.4132 0 1 0 0 0 0 0 0 0
63.331 1 0 0 0 0 0 0 0 0
63.8769 0 1 0 0 0 0 0 0 0
64.4947 1 0 0 0 0 0 0 0 0
65.1855 0 1 0 0 0 0 0 0 0
65.6804 1 0 0 0 0 0 0 0 0
66.4842 0 1 0 0 0 0 0 0 0
66.8861 1 0 0 0 0 0 0 0 0
67.8338 0 1 0 0 0 0 0 0 0
68.1947 1 0 0 0 0 0 0 0 0
68.6786 0 1 0 0 0 0 0 0 0
70.0912 1 0 0 0 0 0 0 0 0
70.822 0 1 0 0 0 0 0 0 0
71.4409 0 0 0 1 0 0 0 0 0
74.1711 0 0 0 0 1 0 0 0 0
74.4811 0 0 0 1 0 0 0 0 0
76.6145 0 0 0 0 1 0 0 0 0
76.9744 0 0 0 1 0 0 0 0 0
77.3043 0 0 0 0 1 0 0 0 0
81.9931 0 0 0 1 0 0 0 0 0
84.4874 0 0 0 0 1 0 0 0 0
84.8383 0 0 0 1 0 0 0 0 0
85.7551 0 0 0 0 1 0 0 0 0
86.4041 1 0 0 0 0 0 0 0 0
87.0228 0 1 0 0 0 0 0 0 0
87.4037 1 0 0 0 0 0 0 0 0
87.9705 0 1 0 0 0 0 0 0 0
88.4754 1 0 0 0 0 0 0 0 0
89.3102 0 1 0 0 0 0 0 0 0
89.6811 1 0 0 0 0 0 0 0 0
90.31 0 1 0 0 0 0 0 0 0
93.0002 0 0 0 1 0 0 0 0 0
94.7208 0 0 0 0 1 0 0 0 0
95.0916 0 0 0 1 0 0 0 0 0
95.3805 0 0 0 0 1 0 0 0 0
95.7515 0 0 0 1 0 0 0 0 0
98.0598 0 0 0 0 1 0 0 0 0
98.6467 1 0 0 0 0 0 0 0 0
99.2556 0 1 0 0 0 0 0 0 0
99.8424 1 0 0 0 0 0 0 0 0
100.317 0 1 0 0 0 0 0 0 0
100.749 1 0 0 0 0 0 0 0 0
101.44 0 1 0 0 0 0 0 0 0
101.925 1 0 0 0 0 0 0 0 0
102.831 0 1 0 0 0 0 0 0 0
103.83 1 0 0 0 0 0 0 0 0
104.315 0 1 0 0 0 0 0 0 0
104.717 1 0 0 0 0 0 0 0 0
105.325 0 1 0 0 0 0 0 0 0
105.871 1 0 0 0 0 0 0 0 0
106.562 0 1 0 0 0 0 0 0 0
106.995 1 0 0 0 0 0 0 0 0
107.664 0 1 0 0 0 0 0 0 0
110.694 1 0 0 0 0 0 0 0 0
111.497 0 1 0 0 0 0 0 0 0
111.796 0 0 0 1 0 0 0 0 0
113.507 0 0 0 0 1 0 0 0 0
114.157 0 0 0 1 0 0 0 0 0
115.115 0 0 0 0 1 0 0 0 0
116.042 1 0 0 0 0 0 0 0 0
116.135 0 1 0 0 0 0 0 0 0
116.238 1 0 1 0 0 0 0 0 0
116.341 0 1 0 0 0 0 0 0 0
120.67 0 0 0 1 0 0 0 0 0
121.494 0 0 0 0 1 0 0 0 0
137.591 0 0 0 1 0 0 0 0 0
140.209 0 0 0 0 1 0 0 0 0
141.157 0 0 0 1 0 0 0 0 0
141.805 0 0 0 0 1 0 0 0 0
142.135 1 0 0 0 0 0 0 0 0
142.641 0 1 0 0 0 0 0 0 0
143.455 1 0 0 0 0 0 0 0 0
143.939 0 1 0 0 0 0 0 0 0
144.434 1 0 0 0 0 0 0 0 0
145.103 0 1 0 0 0 0 0 0 0
145.515 1 0 0 0 0 0 0 0 0
146.113 0 1 0 0 0 0 0 0 0
146.505 1 0 0 0 0 0 0 0 0
147.309 0 1 0 0 0 0 0 0 0
147.701 0 0 0 1 0 0 0 0 0
149.411 0 0 0 0 1 0 0 0 0
149.886 1 0 0 0 0 0 0 0 0
150.699 0 1 0 0 0 0 0 0 0
151.555 0 0 0 1 0 0 0 0 0
152.677 0 0 0 0 1 0 0 0 0
153.038 1 0 0 0 0 0 0 0 0
153.719 0 1 0 0 0 0 0 0 0
154.492 1 0 0 0 0 0 0 0 0
155.533 0 1 0 0 0 0 0 0 0
155.79 1 0 0 0 0 0 0 0 0
156.409 0 1 0 0 0 0 0 0 0
157.304 0 0 0 1 0 0 0 0 0
157.768 0 0 0 0 1 0 0 0 0
158.191 1 0 0 0 0 0 0 0 0
158.799 0 1 0 0 0 0 0 0 0
159.583 0 0 0 1 0 0 0 0 0
160.396 0 0 0 0 1 0 0 0 0
162.808 1 0 0 0 0 0 0 0 0
163.746 0 1 0 0 0 0 0 0 0
164.807 0 0 0 1 0 0 0 0 0
166.59 0 0 0 0 1 0 0 0 0
167.518 0 0 0 1 0 0 0 0 0
169.372 0 0 0 0 1 0 0 0 0
170.887 0 0 0 1 0 0 0 0 0
171.517 0 0 0 0 1 0 0 0 0
172.659 1 0 0 0 0 0 0 0 0
173.257 0 1 0 0 0 0 0 0 0
173.752 1 0 0 0 0 0 0 0 0
174.669 0 1 0 0 0 0 0 0 0
175.247 0 0 0 1 0 0 0 0 0
176.503 0 0 0 0 1 0 0 0 0
177.039 0 0 0 1 0 0 0 0 0
177.637 0 0 0 0 1 0 0 0 0
183.82 0 0 0 0 0 1 0 0 0
184.016 0 0 0 0 0 0 1 0 0
217.179 0 0 0 1 0 0 0 0 0
220.827 0 0 0 0 1 0 0 0 0
221.301 0 0 0 1 0 0 0 0 0
221.497 0 0 0 0 1 0 0 0 0
224.259 1 0 0 0 0 0 0 0 0
225.259 0 1 0 0 0 0 0 0 0
233.09 1 0 0 0 0 0 0 0 0
233.163 0 1 0 0 0 0 0 0 0
233.266 1 0 1 0 0 0 0 0 0
233.369 0 1 0 0 0 0 0 0 0
238.584 1 0 0 0 0 0 0 0 0
239.377 0 1 0 0 0 0 0 0 0
239.737 0 0 0 1 0 0 0 0 0
241.098 0 0 0 0 1 0 0 0 0
241.613 0 0 0 1 0 0 0 0 0
247.92 0 0 0 0 1 0 0 0 0
248.311 0 0 0 1 0 0 0 0 0
249.579 0 0 0 0 1 0 0 0 0
254 0 0 0 1 0 0 0 0 0
255.762 0 0 0 0 1 0 0 0 0
256.205 0 0 0 1 0 0 0 0 0
258.76 0 0 0 0 1 0 0 0 0
259.296 0 0 0 1 0 0 0 0 0
262.398 0 0 0 0 1 0 0 0 0
262.676 0 0 0 1 0 0 0 0 0
264.459 0 0 0 0 1 0 0 0 0
265.315 1 0 0 0 0 0 0 0 0
265.851 0 1 0 0 0 0 0 0 0
266.737 1 0 0 0 0 0 0 0 0
267.262 0 1 0 0 0 0 0 0 0
268.108 1 0 0 0 0 0 0 0 0
268.768 0 1 0 0 0 0 0 0 0
269.18 1 0 0 0 0 0 0 0 0
269.704 0 1 0 0 0 0 0 0 0
270.199 1 0 0 0 0 0 0 0 0
270.797 0 1 0 0 0 0 0 0 0
271.148 1 0 0 0 0 0 0 0 0
271.982 0 1 0 0 0 0 0 0 0
272.334 0 0 0 1 0 0 0 0 0
273.981 0 0 0 0 1 0 0 0 0
274.383 0 0 0 1 0 0 0 0 0
277.567 0 0 0 0 1 0 0 0 0
277.948 0 0 0 1 0 0 0 0 0
278.526 0 0 0 0 1 0 0 0 0
279.567 1 0 0 0 0 0 0 0 0
280.185 0 1 0 0 0 0 0 0 0
280.939 1 0 0 0 0 0 0 0 0
282.215 0 1 0 0 0 0 0 0 0
282.936 1 0 0 0 0 0 0 0 0
284.204 0 1 0 0 0 0 0 0 0
284.801 1 0 0 0 0 0 0 0 0
285.491 0 1 0 0 0 0 0 0 0
286.368 1 0 0 0 0 0 0 0 0
286.955 0 1 0 0 0 0 0 0 0
287.842 1 0 0 0 0 0 0 0 0
288.562 0 1 0 0 0 0 0 0 0
289.82 1 0 0 0 0 0 0 0 0
290.551 0 1 0 0 0 0 0 0 0
290.871 1 0 0 0 0 0 0 0 0
292.283 0 1 0 0 0 0 0 0 0
293.189 0 0 0 1 0 0 0 0 0
295.685 0 0 0 0 1 0 0 0 0
296.116 1 0 0 0 0 0 0 0 0
296.992 0 1 0 0 0 0 0 0 0
297.435 0 0 0 1 0 0 0 0 0
300.186 0 0 0 0 1 0 0 0 0
300.589 0 0 0 1 0 0 0 0 0
301.372 0 0 0 0 1 0 0 0 0
314.12 0 0 0 1 0 0 0 0 0
317.149 0 0 0 0 1 0 0 0 0
317.448 0 0 0 1 0 0 0 0 0
317.943 0 0 0 0 1 0 0 0 0
318.457 0 0 0 1 0 0 0 0 0
318.87 0 0 0 0 1 0 0 0 0
319.333 1 0 0 0 0 0 0 0 0
319.447 0 1 0 0 0 0 0 0 0
319.509 1 0 1 0 0 0 0 0 0
319.653 0 1 0 0 0 0 0 0 0
328.959 1 0 0 0 0 0 0 0 0
329.711 0 1 0 0 0 0 0 0 0
330.092 1 0 0 0 0 0 0 0 0
330.535 0 1 0 0 0 0 0 0 0
330.988 1 0 0 0 0 0 0 0 0
331.607 0 1 0 0 0 0 0 0 0
332.163 1 0 0 0 0 0 0 0 0
332.782 0 1 0 0 0 0 0 0 0
333.564 1 0 0 0 0 0 0 0 0
334.358 0 1 0 0 0 0 0 0 0
334.636 1 0 0 0 0 0 0 0 0
335.574 0 1 0 0 0 0 0 0 0
336.09 1 0 0 0 0 0 0 0 0
337.172 0 1 0 0 0 0 0 0 0
337.913 1 0 0 0 0 0 0 0 0
338.563 0 1 0 0 0 0 0 0 0
339.995 1 0 0 0 0 0 0 0 0
340.83 0 1 0 0 0 0 0 0 0
341.427 0 0 0 1 0 0 0 0 0
344.674 0 0 0 0 1 0 0 0 0
345.22 1 0 0 0 0 0 0 0 0
346.095 0 1 0 0 0 0 0 0 0
346.436 1 0 0 0 0 0 0 0 0
347.075 0 1 0 0 0 0 0 0 0
347.57 1 0 0 0 0 0 0 0 0
348.168 0 1 0 0 0 0 0 0 0
348.579 1 0 0 0 0 0 0 0 0
349.362 0 1 0 0 0 0 0 0 0
349.857 1 0 0 0 0 0 0 0 0
350.939 0 1 0 0 0 0 0 0 0
351.981 1 0 0 0 0 0 0 0 0
353.021 0 1 0 0 0 0 0 0 0
353.608 1 0 0 0 0 0 0 0 0
354.391 0 1 0 0 0 0 0 0 0
354.639 0 0 0 1 0 0 0 0 0
356.813 0 0 0 0 1 0 0 0 0
357.153 0 0 0 1 0 0 0 0 0
357.864 0 0 0 0 1 0 0 0 0
358.699 1 0 0 0 0 0 0 0 0
359.514 0 1 0 0 0 0 0 0 0
359.936 1 0 0 0 0 0 0 0 0
360.575 0 1 0 0 0 0 0 0 0
361.523 1 0 0 0 0 0 0 0 0
362.657 0 1 0 0 0 0 0 0 0
368.046 1 0 0 0 0 0 0 0 0
368.664 0 1 0 0 0 0 0 0 0
369.118 1 0 0 0 0 0 0 0 0
369.953 0 1 0 0 0 0 0 0 0
374.797 1 0 0 0 0 0 0 0 0
375.919 0 1 0 0 0 0 0 0 0
376.188 1 0 0 0 0 0 0 0 0
382.515 0 1 0 0 0 0 0 0 0
383.71 1 0 0 0 0 0 0 0 0
384.36 0 1 0 0 0 0 0 0 0
384.927 1 0 0 0 0 0 0 0 0
386.03 0 1 0 0 0 0 0 0 0
386.318 1 0 0 0 0 0 0 0 0
387.688 0 1 0 0 0 0 0 0 0
388.111 0 0 0 1 0 0 0 0 0
389.637 0 0 0 0 1 0 0 0 0
390.821 1 0 0 0 0 0 0 0 0
390.934 0 1 0 0 0 0 0 0 0
390.986 1 0 1 0 0 0 0 0 0
391.13 0 1 0 0 0 0 0 0 0
394.294 1 0 0 0 0 0 0 0 0
396.005 0 1 0 0 0 0 0 0 0
396.18 1 0 0 0 0 0 0 0 0
406.115 0 1 0 0 0 0 0 0 0
408.372 1 0 0 0 0 0 0 0 0
409.104 0 1 0 0 0 0 0 0 0
409.577 1 0 0 0 0 0 0 0 0
410.629 0 1 0 0 0 0 0 0 0
412.051 1 0 0 0 0 0 0 0 0
412.113 0 1 0 0 0 0 0 0 0
412.227 1 0 1 0 0 0 0 0 0
412.319 0 1 0 0 0 0 0 0 0
413.39 1 0 0 0 0 0 0 0 0
413.473 0 1 0 0 0 0 0 0 0
413.586 1 0 1 0 0 0 0 0 0
413.689 0 1 0 0 0 0 0 0 0
