187.795 0 0 0 0 0 1 0 0 0
188.011 0 0 0 0 0 0 1 0 0
198.193 0 0 0 0 0 1 0 0 0
202.522 0 0 0 0 0 0 1 0 0
380.377 1 0 0 0 0 0 0 0 0
380.615 0 1 0 0 0 0 0 0 0
391.498 1 0 0 0 0 0 0 0 0
406.124 0 1 0 0 0 0 0 0 0
412.215 1 0 0 0 0 0 0 0 0
445.299 0 1 0 0 0 0 0 0 0
457.08 1 0 0 0 0 0 0 0 0
458.379 0 1 0 0 0 0 0 0 0
459.183 1 0 0 0 0 0 0 0 0
461.389 0 1 0 0 0 0 0 0 0
463.367 1 0 0 0 0 0 0 0 0
464.985 0 1 0 0 0 0 0 0 0
466.356 1 0 0 0 0 0 0 0 0
484.898 0 1 0 0 0 0 0 0 0
487.578 1 0 0 0 0 0 0 0 0
492.442 0 1 0 0 0 0 0 0 0
495.03 1 0 0 0 0 0 0 0 0
498.296 0 1 0 0 0 0 0 0 0
499.73 1 0 0 0 0 0 0 0 0
502.759 0 1 0 0 0 0 0 0 0
505.562 1 0 0 0 0 0 0 0 0
507.027 0 1 0 0 0 0 0 0 0
510.943 1 0 0 0 0 0 0 0 0
513.004 0 1 0 0 0 0 0 0 0
515.911 1 0 0 0 0 0 0 0 0
516.014 0 1 0 0 0 0 0 0 0
516.086 1 0 1 0 0 0 0 0 0
516.199 0 1 0 0 0 0 0 0 0
552.057 0 0 0 1 0 0 0 0 0
552.222 0 0 0 0 1 0 0 0 0
552.934 0 0 0 1 0 0 0 0 0
553.098 0 0 0 0 1 0 0 0 0
553.892 0 0 0 1 0 0 0 0 0
568.198 0 0 0 0 1 0 0 0 0
570.218 0 0 0 1 0 0 0 0 0
573.66 0 0 0 0 1 0 0 0 0
577.092 0 0 0 1 0 0 0 0 0
592.737 0 0 0 0 1 0 0 0 0
597.778 0 0 0 1 0 0 0 0 0
599.601 0 0 0 0 1 0 0 0 0
612.042 1 0 0 0 0 0 0 0 0
612.206 0 1 0 0 0 0 0 0 0
612.814 1 0 0 0 0 0 0 0 0
621.369 0 1 0 0 0 0 0 0 0
633.912 1 0 0 0 0 0 0 0 0
635.705 0 1 0 0 0 0 0 0 0
639.725 1 0 0 0 0 0 0 0 0
641.724 0 1 0 0 0 0 0 0 0
648.465 0 0 0 1 0 0 0 0 0
648.609 0 0 0 0 1 0 0 0 0
649.547 1 0 0 0 0 0 0 0 0
649.64 0 1 0 0 0 0 0 0 0
649.743 1 0 1 0 0 0 0 0 0
649.857 0 1 0 0 0 0 0 0 0
653.083 0 0 0 1 0 0 0 0 0
654.888 0 0 0 0 1 0 0 0 0
655.875 0 0 0 1 0 0 0 0 0
656.082 0 0 0 0 1 0 0 0 0
656.597 1 0 0 0 0 0 0 0 0
660.019 0 1 0 0 0 0 0 0 0
660.936 1 0 0 0 0 0 0 0 0
662.616 0 1 0 0 0 0 0 0 0
663.678 1 0 0 0 0 0 0 0 0
664.265 0 1 0 0 0 0 0 0 0
664.741 1 0 0 0 0 0 0 0 0
664.832 0 1 0 0 0 0 0 0 0
664.905 1 0 1 0 0 0 0 0 0
665.018 0 1 0 0 0 0 0 0 0
670.501 0 0 0 1 0 0 0 0 0
670.995 0 0 0 0 1 0 0 0 0
673.087 1 0 0 0 0 0 0 0 0
674.809 0 1 0 0 0 0 0 0 0
675.664 1 0 0 0 0 0 0 0 0
676.87 0 1 0 0 0 0 0 0 0
677.54 1 0 0 0 0 0 0 0 0
680.229 0 1 0 0 0 0 0 0 0
681.631 1 0 0 0 0 0 0 0 0
685.856 0 1 0 0 0 0 0 0 0
686.598 1 0 0 0 0 0 0 0 0
688.361 0 1 0 0 0 0 0 0 0
690.102 1 0 0 0 0 0 0 0 0
693.689 0 1 0 0 0 0 0 0 0
695.688 1 0 0 0 0 0 0 0 0
696.555 0 1 0 0 0 0 0 0 0
698.008 1 0 0 0 0 0 0 0 0
698.09 0 1 0 0 0 0 0 0 0
698.163 1 0 1 0 0 0 0 0 0
698.276 0 1 0 0 0 0 0 0 0
703.078 0 0 0 1 0 0 0 0 0
705.099 0 0 0 0 1 0 0 0 0
718.528 1 0 0 0 0 0 0 0 0
718.62 0 1 0 0 0 0 0 0 0
718.714 1 0 1 0 0 0 0 0 0
718.827 0 1 0 0 0 0 0 0 0
721.774 1 0 0 0 0 0 0 0 0
723.888 0 1 0 0 0 0 0 0 0
740.017 1 0 0 0 0 0 0 0 0
741.068 0 1 0 0 0 0 0 0 0
744.542 1 0 0 0 0 0 0 0 0
744.655 0 1 0 0 0 0 0 0 0
744.748 1 0 1 0 0 0 0 0 0
744.882 0 1 0 0 0 0 0 0 0
752.291 1 0 0 0 0 0 0 0 0
753.281 0 1 0 0 0 0 0 0 0
757.208 1 0 0 0 0 0 0 0 0
758.599 0 1 0 0 0 0 0 0 0
785.88 1 0 0 0 0 0 0 0 0
786.85 0 1 0 0 0 0 0 0 0
796.692 1 0 0 0 0 0 0 0 0
797.991 0 1 0 0 0 0 0 0 0
800.125 0 0 0 1 0 0 0 0 0
802.298 0 0 0 0 1 0 0 0 0
804.917 0 0 0 1 0 0 0 0 0
805.38 0 0 0 0 1 0 0 0 0
816.366 1 0 0 0 0 0 0 0 0
817.809 0 1 0 0 0 0 0 0 0
819.065 1 0 0 0 0 0 0 0 0
820.025 0 1 0 0 0 0 0 0 0
823.611 0 0 0 1 0 0 0 0 0
823.786 0 0 0 0 1 0 0 0 0
826.022 1 0 0 0 0 0 0 0 0
829.764 0 1 0 0 0 0 0 0 0
849.398 1 0 0 0 0 0 0 0 0
849.49 0 1 0 0 0 0 0 0 0
849.614 1 0 1 0 0 0 0 0 0
849.707 0 1 0 0 0 0 0 0 0
864.362 1 0 0 0 0 0 0 0 0
865.732 0 1 0 0 0 0 0 0 0
867.351 1 0 0 0 0 0 0 0 0
868.68 0 1 0 0 0 0 0 0 0
870.412 1 0 0 0 0 0 0 0 0
872.617 0 1 0 0 0 0 0 0 0
875.668 1 0 0 0 0 0 0 0 0
877.482 0 1 0 0 0 0 0 0 0
880.987 1 0 0 0 0 0 0 0 0
882.923 0 1 0 0 0 0 0 0 0
883.975 1 0 0 0 0 0 0 0 0
885.635 0 1 0 0 0 0 0 0 0
891.962 1 0 0 0 0 0 0 0 0
893.292 0 1 0 0 0 0 0 0 0
894.024 1 0 0 0 0 0 0 0 0
895.589 0 1 0 0 0 0 0 0 0
896.343 1 0 0 0 0 0 0 0 0
897.065 0 1 0 0 0 0 0 0 0
897.538 1 0 0 0 0 0 0 0 0
898.456 0 1 0 0 0 0 0 0 0
899.012 1 0 0 0 0 0 0 0 0
900.011 0 1 0 0 0 0 0 0 0
901.197 1 0 0 0 0 0 0 0 0
902.041 0 1 0 0 0 0 0 0 0
903.247 1 0 0 0 0 0 0 0 0
903.639 0 1 0 0 0 0 0 0 0
904.464 1 0 0 0 0 0 0 0 0
904.515 0 1 0 0 0 0 0 0 0
904.618 1 0 1 0 0 0 0 0 0
904.752 0 1 0 0 0 0 0 0 0
906.7 0 0 0 1 0 0 0 0 0
912.306 0 0 0 0 1 0 0 0 0
913.564 1 0 0 0 0 0 0 0 0
914.718 0 1 0 0 0 0 0 0 0
918.15 1 0 0 0 0 0 0 0 0
919.438 0 1 0 0 0 0 0 0 0
921.355 1 0 0 0 0 0 0 0 0
924.633 0 1 0 0 0 0 0 0 0
927.394 1 0 0 0 0 0 0 0 0
929.116 0 1 0 0 0 0 0 0 0
930.682 0 0 0 1 0 0 0 0 0
931.568 0 0 0 0 1 0 0 0 0
932.041 0 0 0 1 0 0 0 0 0
937.185 0 0 0 0 1 0 0 0 0
941.761 1 0 0 0 0 0 0 0 0
943.306 0 1 0 0 0 0 0 0 0
945.821 1 0 0 0 0 0 0 0 0
947.212 0 1 0 0 0 0 0 0 0
954.54 1 0 0 0 0 0 0 0 0
959.292 0 1 0 0 0 0 0 0 0
960.394 1 0 0 0 0 0 0 0 0
962.136 0 1 0 0 0 0 0 0 0
964.383 1 0 0 0 0 0 0 0 0
965.918 0 1 0 0 0 0 0 0 0
966.835 1 0 0 0 0 0 0 0 0
967.65 0 1 0 0 0 0 0 0 0
969.597 1 0 0 0 0 0 0 0 0
971.957 0 1 0 0 0 0 0 0 0
974.565 1 0 0 0 0 0 0 0 0
975.843 0 1 0 0 0 0 0 0 0
982.171 1 0 0 0 0 0 0 0 0
983.202 0 1 0 0 0 0 0 0 0
1003.4 1 0 0 0 0 0 0 0 0
1005.19 0 1 0 0 0 0 0 0 0
1008.52 1 0 0 0 0 0 0 0 0
1009.84 0 1 0 0 0 0 0 0 0
1011.54 1 0 0 0 0 0 0 0 0
1014.65 0 1 0 0 0 0 0 0 0
1018.13 1 0 0 0 0 0 0 0 0
1020.41 0 1 0 0 0 0 0 0 0
1023.3 1 0 0 0 0 0 0 0 0
1026.98 0 1 0 0 0 0 0 0 0
1027.69 1 0 0 0 0 0 0 0 0
1027.83 0 1 0 0 0 0 0 0 0
1027.94 1 0 1 0 0 0 0 0 0
1028.04 0 1 0 0 0 0 0 0 0
1041.69 1 0 0 0 0 0 0 0 0
1042.76 0 1 0 0 0 0 0 0 0
1045.04 1 0 0 0 0 0 0 0 0
1053.58 0 1 0 0 0 0 0 0 0
1054.07 0 0 0 1 0 0 0 0 0
1060.09 0 0 0 0 1 0 0 0 0
1061.6 1 0 0 0 0 0 0 0 0
1061.91 0 1 0 0 0 0 0 0 0
1062.55 0 0 0 1 0 0 0 0 0
1063.8 0 0 0 0 1 0 0 0 0
1064.92 1 0 0 0 0 0 0 0 0
1066.1 0 1 0 0 0 0 0 0 0
1067.13 1 0 0 0 0 0 0 0 0
1068.23 0 1 0 0 0 0 0 0 0
1069.65 1 0 0 0 0 0 0 0 0
1070.9 0 1 0 0 0 0 0 0 0
1071.74 1 0 0 0 0 0 0 0 0
1073.11 0 1 0 0 0 0 0 0 0
1073.83 1 0 0 0 0 0 0 0 0
1074.84 0 1 0 0 0 0 0 0 0
1076.71 1 0 0 0 0 0 0 0 0
1078.8 0 1 0 0 0 0 0 0 0
1082.52 1 0 0 0 0 0 0 0 0
1084.38 0 1 0 0 0 0 0 0 0
1096.09 0 0 0 1 0 0 0 0 0
1098.51 0 0 0 0 1 0 0 0 0
1099.87 0 0 0 1 0 0 0 0 0
1102.76 0 0 0 0 1 0 0 0 0
1106.86 0 0 0 1 0 0 0 0 0
1107.85 0 0 0 0 1 0 0 0 0
1112.78 0 0 0 1 0 0 0 0 0
1114.13 0 0 0 0 1 0 0 0 0
1137.6 0 0 0 1 0 0 0 0 0
1138.08 0 0 0 0 1 0 0 0 0
1139.88 0 0 0 1 0 0 0 0 0
1141.31 0 0 0 0 1 0 0 0 0
1160.6 0 0 0 1 0 0 0 0 0
1163.73 0 0 0 0 1 0 0 0 0
1208.24 0 0 0 1 0 0 0 0 0
1208.96 0 0 0 0 1 0 0 0 0
1209.44 1 0 0 0 0 0 0 0 0
1209.51 0 1 0 0 0 0 0 0 0
1209.61 1 0 1 0 0 0 0 0 0
1209.72 0 1 0 0 0 0 0 0 0
1274.18 0 0 0 0 0 1 0 0 0
1276.38 0 0 0 0 0 0 1 0 0
1302.42 0 0 0 1 0 0 0 0 0
1303.71 0 0 0 0 1 0 0 0 0
1305.33 1 0 0 0 0 0 0 0 0
1306.68 0 1 0 0 0 0 0 0 0
1306.75 1 0 0 0 0 0 0 0 0
1306.81 0 1 0 0 0 0 0 0 0
1310.11 1 0 0 0 0 0 0 0 0
1311.38 0 1 0 0 0 0 0 0 0
1313.41 1 0 0 0 0 0 0 0 0
1314.46 0 1 0 0 0 0 0 0 0
1316.81 1 0 0 0 0 0 0 0 0
1318.26 0 1 0 0 0 0 0 0 0
1321.31 1 0 0 0 0 0 0 0 0
1322.11 0 1 0 0 0 0 0 0 0
1324.11 0 0 0 1 0 0 0 0 0
1326.96 0 0 0 0 1 0 0 0 0
1331.97 0 0 0 1 0 0 0 0 0
1332.9 0 0 0 0 1 0 0 0 0
1334.19 0 0 0 1 0 0 0 0 0
1337.07 0 0 0 0 1 0 0 0 0
1340.25 1 0 0 0 0 0 0 0 0
1342.63 0 1 0 0 0 0 0 0 0
1345.17 1 0 0 0 0 0 0 0 0
1345.81 0 1 0 0 0 0 0 0 0
1347.62 1 0 0 0 0 0 0 0 0
1349.45 0 1 0 0 0 0 0 0 0
1352.9 1 0 0 0 0 0 0 0 0
1354.85 0 1 0 0 0 0 0 0 0
1356.36 1 0 0 0 0 0 0 0 0
1357.11 0 1 0 0 0 0 0 0 0
1359.45 1 0 0 0 0 0 0 0 0
1361.32 0 1 0 0 0 0 0 0 0
1361.49 1 0 0 0 0 0 0 0 0
1362.11 0 1 0 0 0 0 0 0 0
1363.74 1 0 0 0 0 0 0 0 0
1366.25 0 1 0 0 0 0 0 0 0
1367.95 1 0 0 0 0 0 0 0 0
1368.49 0 1 0 0 0 0 0 0 0
1369.83 0 0 0 1 0 0 0 0 0
1373.9 0 0 0 0 1 0 0 0 0
1376.19 1 0 0 0 0 0 0 0 0
1378.78 0 1 0 0 0 0 0 0 0
1381.1 1 0 0 0 0 0 0 0 0
1382.5 0 1 0 0 0 0 0 0 0
1384.43 1 0 0 0 0 0 0 0 0
1384.9 0 1 0 0 0 0 0 0 0
1388.04 1 0 0 0 0 0 0 0 0
1389.87 0 1 0 0 0 0 0 0 0
1390.68 1 0 0 0 0 0 0 0 0
1392.07 0 1 0 0 0 0 0 0 0
1395.29 1 0 0 0 0 0 0 0 0
1397.24 0 1 0 0 0 0 0 0 0
1399.25 1 0 0 0 0 0 0 0 0
1401.43 0 1 0 0 0 0 0 0 0
1403.6 1 0 0 0 0 0 0 0 0
1405.17 0 1 0 0 0 0 0 0 0
1406.06 1 0 0 0 0 0 0 0 0
1407.45 0 1 0 0 0 0 0 0 0
1409.5 1 0 0 0 0 0 0 0 0
1412.45 0 1 0 0 0 0 0 0 0
1415.71 1 0 0 0 0 0 0 0 0
1416.96 0 1 0 0 0 0 0 0 0
1422.21 1 0 0 0 0 0 0 0 0
1423.86 0 1 0 0 0 0 0 0 0
1424.86 0 0 0 1 0 0 0 0 0
1426.33 0 0 0 0 1 0 0 0 0
1430.03 0 0 0 1 0 0 0 0 0
1431.86 0 0 0 0 1 0 0 0 0
1434.8 0 0 0 1 0 0 0 0 0
1438.25 0 0 0 0 1 0 0 0 0
1439.6 1 0 0 0 0 0 0 0 0
1440.93 0 1 0 0 0 0 0 0 0
1445.7 1 0 0 0 0 0 0 0 0
1447.1 0 1 0 0 0 0 0 0 0
1465 0 0 0 1 0 0 0 0 0
1465.93 0 0 0 0 1 0 0 0 0
1496.64 1 0 0 0 0 0 0 0 0
1510.11 0 1 0 0 0 0 0 0 0
1511.17 1 0 0 0 0 0 0 0 0
1512.33 0 1 0 0 0 0 0 0 0
1513.63 1 0 0 0 0 0 0 0 0
1514.97 0 1 0 0 0 0 0 0 0
1517.76 1 0 0 0 0 0 0 0 0
1522.53 0 1 0 0 0 0 0 0 0
1523.76 1 0 0 0 0 0 0 0 0
1524.83 0 1 0 0 0 0 0 0 0
1539.46 1 0 0 0 0 0 0 0 0
1539.59 0 1 0 0 0 0 0 0 0
1539.66 1 0 1 0 0 0 0 0 0
1539.79 0 1 0 0 0 0 0 0 0
1543.79 1 0 0 0 0 0 0 0 0
1544.69 0 1 0 0 0 0 0 0 0
1545.65 1 0 0 0 0 0 0 0 0
1546.74 0 1 0 0 0 0 0 0 0
1547.83 1 0 0 0 0 0 0 0 0
1550.35 0 1 0 0 0 0 0 0 0
1552.04 1 0 0 0 0 0 0 0 0
1553.09 0 1 0 0 0 0 0 0 0
1556.6 1 0 0 0 0 0 0 0 0
1559.67 0 1 0 0 0 0 0 0 0
1560.49 1 0 0 0 0 0 0 0 0
1561.66 0 1 0 0 0 0 0 0 0
1563.02 1 0 0 0 0 0 0 0 0
1566.69 0 1 0 0 0 0 0 0 0
1567.08 1 0 0 0 0 0 0 0 0
1569.99 0 1 0 0 0 0 0 0 0
1578.04 1 0 0 0 0 0 0 0 0
1578.13 0 1 0 0 0 0 0 0 0
1578.59 1 0 0 0 0 0 0 0 0
1578.7 0 1 0 0 0 0 0 0 0
1578.83 1 0 1 0 0 0 0 0 0
1578.93 0 1 0 0 0 0 0 0 0
1583.35 0 0 0 1 0 0 0 0 0
1586.57 0 0 0 0 1 0 0 0 0
1587.8 0 0 0 1 0 0 0 0 0
1588.44 0 0 0 0 1 0 0 0 0
1589.5 0 0 0 1 0 0 0 0 0
1590.68 0 0 0 0 1 0 0 0 0
1591.93 1 0 0 0 0 0 0 0 0
1594.02 0 1 0 0 0 0 0 0 0
1595.36 0 0 0 1 0 0 0 0 0
1598.05 0 0 0 0 1 0 0 0 0
1617.12 1 0 0 0 0 0 0 0 0
1617.29 0 1 0 0 0 0 0 0 0
1617.42 1 0 1 0 0 0 0 0 0
1617.57 0 1 0 0 0 0 0 0 0
