12.3665 1 0 0 0 0 0 0 0 0
13.5102 0 1 0 0 0 0 0 0 0
15.5925 1 0 0 0 0 0 0 0 0
16.7672 0 1 0 0 0 0 0 0 0
18.2617 1 0 0 0 0 0 0 0 0
19.4873 0 1 0 0 0 0 0 0 0
21.0649 1 0 0 0 0 0 0 0 0
21.8066 0 1 0 0 0 0 0 0 0
24.3111 1 0 0 0 0 0 0 0 0
25.4345 0 1 0 0 0 0 0 0 0
26.5682 1 0 0 0 0 0 0 0 0
28.2997 0 1 0 0 0 0 0 0 0
29.1865 1 0 0 0 0 0 0 0 0
30.8569 0 1 0 0 0 0 0 0 0
32.6795 1 0 0 0 0 0 0 0 0
34.4529 0 1 0 0 0 0 0 0 0
36.7402 1 0 0 0 0 0 0 0 0
37.9669 0 1 0 0 0 0 0 0 0
38.4926 1 0 0 0 0 0 0 0 0
39.4614 0 1 0 0 0 0 0 0 0
42.7593 1 0 0 0 0 0 0 0 0
44.8198 0 1 0 0 0 0 0 0 0
47.17 1 0 0 0 0 0 0 0 0
48.1797 0 1 0 0 0 0 0 0 0
49.3443 1 0 0 0 0 0 0 0 0
50.8389 0 1 0 0 0 0 0 0 0
53.3332 0 0 0 1 0 0 0 0 0
56.6511 0 0 0 0 1 0 0 0 0
59.2284 1 0 0 0 0 0 0 0 0
64.0099 0 1 0 0 0 0 0 0 0
67.071 0 0 0 1 0 0 0 0 0
70.523 0 0 0 0 1 0 0 0 0
74.0169 1 0 0 0 0 0 0 0 0
77.325 0 1 0 0 0 0 0 0 0
87.4358 1 0 0 0 0 0 0 0 0
88.9914 0 1 0 0 0 0 0 0 0
90.6509 1 0 0 0 0 0 0 0 0
91.5066 0 1 0 0 0 0 0 0 0
92.6093 0 0 0 1 0 0 0 0 0
94.3508 0 0 0 0 1 0 0 0 0
98.9264 0 0 0 0 0 1 0 0 0
101.37 0 0 0 0 0 0 1 0 0
129.258 1 0 0 0 0 0 0 0 0
131.494 0 1 0 0 0 0 0 0 0
133.896 1 0 0 0 0 0 0 0 0
137.833 0 1 0 0 0 0 0 0 0
138.388 0 0 0 1 0 0 0 0 0
139.656 0 0 0 0 1 0 0 0 0
141.234 0 0 0 1 0 0 0 0 0
143.099 0 0 0 0 1 0 0 0 0
144.336 1 0 0 0 0 0 0 0 0
148.488 0 1 0 0 0 0 0 0 0
150.272 1 0 0 0 0 0 0 0 0
151.642 0 1 0 0 0 0 0 0 0
153.25 1 0 0 0 0 0 0 0 0
155.651 0 1 0 0 0 0 0 0 0
158.815 1 0 0 0 0 0 0 0 0
159.67 0 1 0 0 0 0 0 0 0
162.411 1 0 0 0 0 0 0 0 0
163.7 0 1 0 0 0 0 0 0 0
166.348 1 0 0 0 0 0 0 0 0
168.626 0 1 0 0 0 0 0 0 0
175.324 0 0 0 0 0 1 0 0 0
176.201 0 0 0 0 0 0 1 0 0
182.26 0 0 0 0 0 1 0 0 0
182.827 0 0 0 0 0 0 1 0 0
184.198 0 0 0 0 0 1 0 0 0
184.95 0 0 0 0 0 0 1 0 0
188.567 0 0 0 0 0 1 0 0 0
189.196 0 0 0 0 0 0 1 0 0
213.363 1 0 0 0 0 0 0 0 0
214.65 0 1 0 0 0 0 0 0 0
216.104 1 0 0 0 0 0 0 0 0
217.515 0 1 0 0 0 0 0 0 0
218.444 1 0 0 0 0 0 0 0 0
220.639 0 1 0 0 0 0 0 0 0
222.071 1 0 0 0 0 0 0 0 0
223.266 0 1 0 0 0 0 0 0 0
224.504 1 0 0 0 0 0 0 0 0
225.977 0 1 0 0 0 0 0 0 0
227.388 1 0 0 0 0 0 0 0 0
228.811 0 1 0 0 0 0 0 0 0
234.448 1 0 0 0 0 0 0 0 0
235.716 0 1 0 0 0 0 0 0 0
239.271 0 0 0 1 0 0 0 0 0
240.612 0 0 0 0 1 0 0 0 0
241.951 0 0 0 1 0 0 0 0 0
244.455 0 0 0 0 1 0 0 0 0
250.113 1 0 0 0 0 0 0 0 0
252.102 0 1 0 0 0 0 0 0 0
265.19 0 0 0 0 0 1 0 0 0
267.776 0 0 0 0 0 0 1 0 0
296.624 1 0 0 0 0 0 0 0 0
297.52 0 1 0 0 0 0 0 0 0
299.252 1 0 0 0 0 0 0 0 0
300.436 0 1 0 0 0 0 0 0 0
303.528 1 0 0 0 0 0 0 0 0
304.775 0 1 0 0 0 0 0 0 0
306.342 1 0 0 0 0 0 0 0 0
307.455 0 1 0 0 0 0 0 0 0
307.929 1 0 0 0 0 0 0 0 0
309.186 0 1 0 0 0 0 0 0 0
310.773 1 0 0 0 0 0 0 0 0
313.308 0 1 0 0 0 0 0 0 0
330.426 1 0 0 0 0 0 0 0 0
330.539 0 1 0 0 0 0 0 0 0
330.642 1 0 1 0 0 0 0 0 0
330.756 0 1 0 0 0 0 0 0 0
333.374 1 0 0 0 0 0 0 0 0
334.579 0 1 0 0 0 0 0 0 0
336.506 1 0 0 0 0 0 0 0 0
337.475 0 1 0 0 0 0 0 0 0
340.309 1 0 0 0 0 0 0 0 0
341.443 0 1 0 0 0 0 0 0 0
345.019 1 0 0 0 0 0 0 0 0
346.411 0 1 0 0 0 0 0 0 0
350.192 1 0 0 0 0 0 0 0 0
351.368 0 1 0 0 0 0 0 0 0
358.386 1 0 0 0 0 0 0 0 0
359.561 0 1 0 0 0 0 0 0 0
364.559 1 0 0 0 0 0 0 0 0
365.59 0 1 0 0 0 0 0 0 0
