7.81545 0 0 0 0 0 1 0 0 0
8.84708 0 0 0 0 0 0 1 0 0
39.6308 1 0 0 0 0 0 0 0 0
45.0411 0 1 0 0 0 0 0 0 0
45.9787 1 0 0 0 0 0 0 0 0
47.3393 0 1 0 0 0 0 0 0 0
48.9469 1 0 0 0 0 0 0 0 0
50.6983 0 1 0 0 0 0 0 0 0
54.1613 1 0 0 0 0 0 0 0 0
55.4809 0 1 0 0 0 0 0 0 0
56.5626 1 0 0 0 0 0 0 0 0
58.1611 0 1 0 0 0 0 0 0 0
59.7057 0 0 0 1 0 0 0 0 0
64.7971 0 0 0 0 1 0 0 0 0
66.5485 1 0 0 0 0 0 0 0 0
68.6619 0 1 0 0 0 0 0 0 0
72.9086 1 0 0 0 0 0 0 0 0
75.7939 0 1 0 0 0 0 0 0 0
87.8411 1 0 0 0 0 0 0 0 0
89.5516 0 1 0 0 0 0 0 0 0
90.0564 1 0 0 0 0 0 0 0 0
91.571 0 1 0 0 0 0 0 0 0
92.2208 1 0 0 0 0 0 0 0 0
94.735 0 1 0 0 0 0 0 0 0
96.1986 1 0 0 0 0 0 0 0 0
100.424 0 1 0 0 0 0 0 0 0
101.465 1 0 0 0 0 0 0 0 0
102.877 0 1 0 0 0 0 0 0 0
103.629 1 0 0 0 0 0 0 0 0
106.762 0 1 0 0 0 0 0 0 0
107.752 1 0 0 0 0 0 0 0 0
109.36 0 1 0 0 0 0 0 0 0
111.183 1 0 0 0 0 0 0 0 0
112.41 0 1 0 0 0 0 0 0 0
113.295 1 0 0 0 0 0 0 0 0
115.935 0 1 0 0 0 0 0 0 0
119.326 1 0 0 0 0 0 0 0 0
122.706 0 1 0 0 0 0 0 0 0
125.674 1 0 0 0 0 0 0 0 0
133.382 0 1 0 0 0 0 0 0 0
134.279 1 0 0 0 0 0 0 0 0
135.815 0 1 0 0 0 0 0 0 0
137.773 1 0 0 0 0 0 0 0 0
139.627 0 1 0 0 0 0 0 0 0
142.205 1 0 0 0 0 0 0 0 0
144.008 0 1 0 0 0 0 0 0 0
155.108 1 0 0 0 0 0 0 0 0
155.221 0 1 0 0 0 0 0 0 0
155.335 1 0 1 0 0 0 0 0 0
155.489 0 1 0 0 0 0 0 0 0
157.984 0 0 0 1 0 0 0 0 0
162.816 0 0 0 0 1 0 0 0 0
163.908 0 0 0 1 0 0 0 0 0
164.826 0 0 0 0 1 0 0 0 0
183.242 0 0 0 0 0 1 0 0 0
185.253 0 0 0 0 0 0 1 0 0
218.885 0 0 0 0 0 1 0 0 0
219.385 0 0 0 0 0 0 1 0 0
222.466 0 0 0 0 0 1 0 0 0
223.518 0 0 0 0 0 0 1 0 0
