2.487 0 0 0 0 0 1 0 0 0
4.37344 0 0 0 0 0 0 1 0 0
8.93904 0 0 0 0 0 1 0 0 0
10.2377 0 0 0 0 0 0 1 0 0
27.3674 1 0 0 0 0 0 0 0 0
29.3767 0 1 0 0 0 0 0 0 0
29.9436 1 0 0 0 0 0 0 0 0
30.8303 0 1 0 0 0 0 0 0 0
32.6338 1 0 0 0 0 0 0 0 0
34.0564 0 1 0 0 0 0 0 0 0
34.6742 0 0 0 1 0 0 0 0 0
36.2617 0 0 0 0 1 0 0 0 0
38.8889 0 0 0 1 0 0 0 0 0
40.4454 0 0 0 0 1 0 0 0 0
46.5056 1 0 0 0 0 0 0 0 0
47.1444 0 1 0 0 0 0 0 0 0
55.6878 1 0 0 0 0 0 0 0 0
56.5336 0 1 0 0 0 0 0 0 0
57.6462 1 0 0 0 0 0 0 0 0
58.9649 0 1 0 0 0 0 0 0 0
59.5636 1 0 0 0 0 0 0 0 0
60.6864 0 1 0 0 0 0 0 0 0
61.3871 1 0 0 0 0 0 0 0 0
63.6544 0 1 0 0 0 0 0 0 0
64.5301 1 0 0 0 0 0 0 0 0
65.8287 0 1 0 0 0 0 0 0 0
67.3443 1 0 0 0 0 0 0 0 0
68.6429 0 1 0 0 0 0 0 0 0
69.3127 1 0 0 0 0 0 0 0 0
70.9002 0 1 0 0 0 0 0 0 0
71.776 1 0 0 0 0 0 0 0 0
73.2185 0 1 0 0 0 0 0 0 0
74.2392 0 0 0 1 0 0 0 0 0
78.186 0 0 0 0 1 0 0 0 0
82.6077 0 0 0 0 0 1 0 0 0
84.7511 0 0 0 0 0 0 1 0 0
87.2862 0 0 0 0 0 1 0 0 0
87.9362 0 0 0 0 0 0 1 0 0
91.44 0 0 0 0 0 1 0 0 0
92.8636 0 0 0 0 0 0 1 0 0
116.596 1 0 0 0 0 0 0 0 0
117.638 0 1 0 0 0 0 0 0 0
120.378 1 0 0 0 0 0 0 0 0
121.45 0 1 0 0 0 0 0 0 0
123.666 0 0 0 1 0 0 0 0 0
124.686 0 0 0 0 1 0 0 0 0
140.825 1 0 0 0 0 0 0 0 0
142 0 1 0 0 0 0 0 0 0
144.752 1 0 0 0 0 0 0 0 0
145.988 0 1 0 0 0 0 0 0 0
146.926 1 0 0 0 0 0 0 0 0
148.029 0 1 0 0 0 0 0 0 0
148.73 1 0 0 0 0 0 0 0 0
149.441 0 1 0 0 0 0 0 0 0
150.142 1 0 0 0 0 0 0 0 0
151.018 0 1 0 0 0 0 0 0 0
152.008 1 0 0 0 0 0 0 0 0
153.378 0 1 0 0 0 0 0 0 0
154.625 1 0 0 0 0 0 0 0 0
156.263 0 1 0 0 0 0 0 0 0
159.21 0 0 0 1 0 0 0 0 0
160.21 0 0 0 0 1 0 0 0 0
163.498 1 0 0 0 0 0 0 0 0
164.921 0 1 0 0 0 0 0 0 0
166.61 1 0 0 0 0 0 0 0 0
167.982 0 1 0 0 0 0 0 0 0
170.001 1 0 0 0 0 0 0 0 0
171.156 0 1 0 0 0 0 0 0 0
171.64 0 0 0 1 0 0 0 0 0
175.989 0 0 0 0 1 0 0 0 0
178.422 0 0 0 1 0 0 0 0 0
179.328 0 0 0 0 1 0 0 0 0
179.843 1 0 0 0 0 0 0 0 0
181.369 0 1 0 0 0 0 0 0 0
182.77 0 0 0 0 0 1 0 0 0
184.523 0 0 0 0 0 0 1 0 0
201.897 0 0 0 0 0 1 0 0 0
202.629 0 0 0 0 0 0 1 0 0
206.112 0 0 0 0 0 1 0 0 0
207.494 0 0 0 0 0 0 1 0 0
208.864 0 0 0 0 0 1 0 0 0
209.06 0 0 0 0 0 0 1 0 0
230.125 1 0 0 0 0 0 0 0 0
231.258 0 1 0 0 0 0 0 0 0
232.866 1 0 0 0 0 0 0 0 0
233.845 0 1 0 0 0 0 0 0 0
234.855 1 0 0 0 0 0 0 0 0
235.72 0 1 0 0 0 0 0 0 0
236.473 1 0 0 0 0 0 0 0 0
237.298 0 1 0 0 0 0 0 0 0
238.4 0 0 0 1 0 0 0 0 0
240.245 0 0 0 0 1 0 0 0 0
240.822 1 0 0 0 0 0 0 0 0
241.779 0 1 0 0 0 0 0 0 0
242.357 0 0 0 1 0 0 0 0 0
245.779 0 0 0 0 1 0 0 0 0
250.303 1 0 0 0 0 0 0 0 0
252.797 0 1 0 0 0 0 0 0 0
254.446 1 0 0 0 0 0 0 0 0
255.291 0 1 0 0 0 0 0 0 0
258.567 1 0 0 0 0 0 0 0 0
260.516 0 1 0 0 0 0 0 0 0
265.483 1 0 0 0 0 0 0 0 0
266.813 0 1 0 0 0 0 0 0 0
268.1 1 0 0 0 0 0 0 0 0
269.605 0 1 0 0 0 0 0 0 0
270.358 1 0 0 0 0 0 0 0 0
271.543 0 1 0 0 0 0 0 0 0
272.532 1 0 0 0 0 0 0 0 0
274.82 0 1 0 0 0 0 0 0 0
275.594 1 0 0 0 0 0 0 0 0
276.583 0 1 0 0 0 0 0 0 0
279.117 1 0 0 0 0 0 0 0 0
280.025 0 1 0 0 0 0 0 0 0
283.188 0 0 0 0 0 1 0 0 0
285.301 0 0 0 0 0 0 1 0 0
307.581 1 0 0 0 0 0 0 0 0
308.303 0 1 0 0 0 0 0 0 0
309.705 1 0 0 0 0 0 0 0 0
311.394 0 1 0 0 0 0 0 0 0
311.807 1 0 0 0 0 0 0 0 0
314.548 0 1 0 0 0 0 0 0 0
317.238 1 0 0 0 0 0 0 0 0
318.485 0 1 0 0 0 0 0 0 0
319.598 1 0 0 0 0 0 0 0 0
320.772 0 1 0 0 0 0 0 0 0
322.803 1 0 0 0 0 0 0 0 0
323.545 0 1 0 0 0 0 0 0 0
324.194 0 0 0 1 0 0 0 0 0
326.173 0 0 0 0 1 0 0 0 0
328.811 1 0 0 0 0 0 0 0 0
330.358 0 1 0 0 0 0 0 0 0
332.016 1 0 0 0 0 0 0 0 0
333.109 0 1 0 0 0 0 0 0 0
338.312 0 0 0 1 0 0 0 0 0
339.601 0 0 0 0 1 0 0 0 0
341.332 0 0 0 1 0 0 0 0 0
342.208 0 0 0 0 1 0 0 0 0
343.848 0 0 0 1 0 0 0 0 0
344.414 0 0 0 0 1 0 0 0 0
346.898 0 0 0 1 0 0 0 0 0
348.124 0 0 0 0 1 0 0 0 0
348.981 0 0 0 1 0 0 0 0 0
350.144 0 0 0 0 1 0 0 0 0
351.061 0 0 0 1 0 0 0 0 0
352.576 0 0 0 0 1 0 0 0 0
354.297 1 0 0 0 0 0 0 0 0
355.637 0 1 0 0 0 0 0 0 0
359.481 1 0 0 0 0 0 0 0 0
360.409 0 1 0 0 0 0 0 0 0
