4.14149 0 0 0 0 0 1 0 0 0
6.00699 0 0 0 0 0 0 1 0 0
33.6995 1 0 0 0 0 0 0 0 0
34.8221 0 1 0 0 0 0 0 0 0
35.503 1 0 0 0 0 0 0 0 0
36.3277 0 1 0 0 0 0 0 0 0
39.5337 0 0 0 1 0 0 0 0 0
43.5515 0 0 0 0 1 0 0 0 0
43.9434 0 0 0 1 0 0 0 0 0
45.8188 0 0 0 0 1 0 0 0 0
49.4257 1 0 0 0 0 0 0 0 0
50.4264 0 1 0 0 0 0 0 0 0
51.755 1 0 0 0 0 0 0 0 0
52.6937 0 1 0 0 0 0 0 0 0
59.3827 1 0 0 0 0 0 0 0 0
60.0526 0 1 0 0 0 0 0 0 0
60.8464 0 0 0 1 0 0 0 0 0
65.3079 0 0 0 0 1 0 0 0 0
66.3696 1 0 0 0 0 0 0 0 0
73.9444 0 1 0 0 0 0 0 0 0
75.9238 1 0 0 0 0 0 0 0 0
80.8602 0 1 0 0 0 0 0 0 0
82.4877 1 0 0 0 0 0 0 0 0
82.5918 0 1 0 0 0 0 0 0 0
82.6636 1 0 1 0 0 0 0 0 0
82.7766 0 1 0 0 0 0 0 0 0
86.0227 1 0 0 0 0 0 0 0 0
87.9301 0 1 0 0 0 0 0 0 0
88.5899 1 0 0 0 0 0 0 0 0
89.8565 0 1 0 0 0 0 0 0 0
90.2894 1 0 0 0 0 0 0 0 0
91.1561 0 1 0 0 0 0 0 0 0
91.9799 0 0 0 1 0 0 0 0 0
93.6804 0 0 0 0 1 0 0 0 0
94.3092 0 0 0 1 0 0 0 0 0
96.0307 0 0 0 0 1 0 0 0 0
98.143 0 0 0 1 0 0 0 0 0
101.853 0 0 0 0 1 0 0 0 0
107.593 1 0 0 0 0 0 0 0 0
107.676 0 1 0 0 0 0 0 0 0
107.769 1 0 1 0 0 0 0 0 0
107.903 0 1 0 0 0 0 0 0 0
110.561 1 0 0 0 0 0 0 0 0
119.25 0 1 0 0 0 0 0 0 0
123.845 0 0 0 0 0 1 0 0 0
125.815 0 0 0 0 0 0 1 0 0
129.051 0 0 0 0 0 1 0 0 0
130.008 0 0 0 0 0 0 1 0 0
133.162 0 0 0 0 0 1 0 0 0
134.697 0 0 0 0 0 0 1 0 0
163.436 1 0 0 0 0 0 0 0 0
164.44 0 1 0 0 0 0 0 0 0
165.966 1 0 0 0 0 0 0 0 0
167.326 0 1 0 0 0 0 0 0 0
167.924 1 0 0 0 0 0 0 0 0
168.924 0 1 0 0 0 0 0 0 0
169.717 1 0 0 0 0 0 0 0 0
176.178 0 1 0 0 0 0 0 0 0
177.94 1 0 0 0 0 0 0 0 0
181.599 0 1 0 0 0 0 0 0 0
182.639 1 0 0 0 0 0 0 0 0
183.402 0 1 0 0 0 0 0 0 0
184.918 0 0 0 1 0 0 0 0 0
188.37 0 0 0 0 1 0 0 0 0
189.833 1 0 0 0 0 0 0 0 0
190.977 0 1 0 0 0 0 0 0 0
194.687 1 0 0 0 0 0 0 0 0
195.758 0 1 0 0 0 0 0 0 0
196.727 1 0 0 0 0 0 0 0 0
198.046 0 1 0 0 0 0 0 0 0
200.076 1 0 0 0 0 0 0 0 0
202.303 0 1 0 0 0 0 0 0 0
204.147 1 0 0 0 0 0 0 0 0
205.086 0 1 0 0 0 0 0 0 0
216.514 1 0 0 0 0 0 0 0 0
217.215 0 1 0 0 0 0 0 0 0
217.875 1 0 0 0 0 0 0 0 0
217.947 0 1 0 0 0 0 0 0 0
218.04 1 0 1 0 0 0 0 0 0
218.132 0 1 0 0 0 0 0 0 0
226.521 1 0 0 0 0 0 0 0 0
227.531 0 1 0 0 0 0 0 0 0
228.222 1 0 0 0 0 0 0 0 0
229.067 0 1 0 0 0 0 0 0 0
230.53 1 0 0 0 0 0 0 0 0
231.427 0 1 0 0 0 0 0 0 0
233.096 1 0 0 0 0 0 0 0 0
234.189 0 1 0 0 0 0 0 0 0
235.847 1 0 0 0 0 0 0 0 0
236.992 0 1 0 0 0 0 0 0 0
238.084 1 0 0 0 0 0 0 0 0
239.753 0 1 0 0 0 0 0 0 0
244.35 0 0 0 0 0 1 0 0 0
245.514 0 0 0 0 0 0 1 0 0
247.37 0 0 0 0 0 1 0 0 0
248.607 0 0 0 0 0 0 1 0 0
251.637 0 0 0 0 0 1 0 0 0
253.903 0 0 0 0 0 0 1 0 0
277.215 1 0 0 0 0 0 0 0 0
278.564 0 1 0 0 0 0 0 0 0
279.822 1 0 0 0 0 0 0 0 0
281.594 0 1 0 0 0 0 0 0 0
282.305 1 0 0 0 0 0 0 0 0
283.408 0 1 0 0 0 0 0 0 0
284.728 1 0 0 0 0 0 0 0 0
288.705 0 1 0 0 0 0 0 0 0
290.859 1 0 0 0 0 0 0 0 0
293.57 0 1 0 0 0 0 0 0 0
296.228 1 0 0 0 0 0 0 0 0
301.546 0 1 0 0 0 0 0 0 0
302.856 1 0 0 0 0 0 0 0 0
304.123 0 1 0 0 0 0 0 0 0
306.916 0 0 0 1 0 0 0 0 0
310.698 0 0 0 0 1 0 0 0 0
319.282 1 0 0 0 0 0 0 0 0
320.22 0 1 0 0 0 0 0 0 0
325.641 1 0 0 0 0 0 0 0 0
326.476 0 1 0 0 0 0 0 0 0
329.062 1 0 0 0 0 0 0 0 0
330.361 0 1 0 0 0 0 0 0 0
331.608 1 0 0 0 0 0 0 0 0
331.711 0 1 0 0 0 0 0 0 0
331.814 1 0 1 0 0 0 0 0 0
331.917 0 1 0 0 0 0 0 0 0
333.999 1 0 0 0 0 0 0 0 0
334.957 0 1 0 0 0 0 0 0 0
339.265 1 0 0 0 0 0 0 0 0
340.822 0 1 0 0 0 0 0 0 0
341.367 1 0 0 0 0 0 0 0 0
342.295 0 1 0 0 0 0 0 0 0
342.883 1 0 0 0 0 0 0 0 0
343.8 0 1 0 0 0 0 0 0 0
344.933 1 0 0 0 0 0 0 0 0
345.809 0 1 0 0 0 0 0 0 0
347.696 1 0 0 0 0 0 0 0 0
348.808 0 1 0 0 0 0 0 0 0
350.179 1 0 0 0 0 0 0 0 0
351.025 0 1 0 0 0 0 0 0 0
359.712 1 0 0 0 0 0 0 0 0
360.661 0 1 0 0 0 0 0 0 0
361.917 1 0 0 0 0 0 0 0 0
362.701 0 1 0 0 0 0 0 0 0
