9.98274 0 0 0 0 0 1 0 0 0
12.0231 0 0 0 0 0 0 1 0 0
20.0937 0 0 0 0 0 1 0 0 0
21.3103 0 0 0 0 0 0 1 0 0
24.1224 0 0 0 0 0 1 0 0 0
28.626 0 0 0 0 0 0 1 0 0
29.5428 0 0 0 0 0 1 0 0 0
31.0573 0 0 0 0 0 0 1 0 0
32.9647 0 0 0 0 0 1 0 0 0
34.8911 0 0 0 0 0 0 1 0 0
57.5563 0 0 0 1 0 0 0 0 0
58.308 0 0 0 0 1 0 0 0 0
60.3695 1 0 0 0 0 0 0 0 0
62.3688 0 1 0 0 0 0 0 0 0
63.2347 1 0 0 0 0 0 0 0 0
65.5018 0 1 0 0 0 0 0 0 0
66.5415 1 0 0 0 0 0 0 0 0
68.48 0 1 0 0 0 0 0 0 0
68.9948 1 0 0 0 0 0 0 0 0
70.4893 0 1 0 0 0 0 0 0 0
72.6127 1 0 0 0 0 0 0 0 0
73.9113 0 1 0 0 0 0 0 0 0
75.3949 0 0 0 1 0 0 0 0 0
80.0535 0 0 0 0 1 0 0 0 0
86.0206 1 0 0 0 0 0 0 0 0
86.8454 0 1 0 0 0 0 0 0 0
93.5754 1 0 0 0 0 0 0 0 0
94.5341 0 1 0 0 0 0 0 0 0
99.4806 1 0 0 0 0 0 0 0 0
100.233 0 1 0 0 0 0 0 0 0
102.202 1 0 0 0 0 0 0 0 0
104.047 0 1 0 0 0 0 0 0 0
105.418 1 0 0 0 0 0 0 0 0
112.355 0 1 0 0 0 0 0 0 0
113.529 1 0 0 0 0 0 0 0 0
115.302 0 1 0 0 0 0 0 0 0
116.415 1 0 0 0 0 0 0 0 0
118.342 0 1 0 0 0 0 0 0 0
132.73 1 0 0 0 0 0 0 0 0
134.853 0 1 0 0 0 0 0 0 0
135.554 1 0 0 0 0 0 0 0 0
137.563 0 1 0 0 0 0 0 0 0
138.913 0 0 0 1 0 0 0 0 0
141.387 0 0 0 0 1 0 0 0 0
141.851 0 0 0 1 0 0 0 0 0
145.695 0 0 0 0 1 0 0 0 0
146.529 1 0 0 0 0 0 0 0 0
147.58 0 1 0 0 0 0 0 0 0
150.342 1 0 0 0 0 0 0 0 0
150.445 0 1 0 0 0 0 0 0 0
150.528 1 0 1 0 0 0 0 0 0
150.631 0 1 0 0 0 0 0 0 0
153.393 1 0 0 0 0 0 0 0 0
154.63 0 1 0 0 0 0 0 0 0
160.102 1 0 0 0 0 0 0 0 0
161.371 0 1 0 0 0 0 0 0 0
163.143 1 0 0 0 0 0 0 0 0
164.133 0 1 0 0 0 0 0 0 0
167.286 1 0 0 0 0 0 0 0 0
168.627 0 1 0 0 0 0 0 0 0
172.327 1 0 0 0 0 0 0 0 0
173.295 0 1 0 0 0 0 0 0 0
175.378 1 0 0 0 0 0 0 0 0
176.675 0 1 0 0 0 0 0 0 0
177.541 1 0 0 0 0 0 0 0 0
179.005 0 1 0 0 0 0 0 0 0
185.89 0 0 0 0 0 1 0 0 0
188.631 0 0 0 0 0 0 1 0 0
223.372 0 0 0 1 0 0 0 0 0
224.227 0 0 0 0 1 0 0 0 0
225.855 1 0 0 0 0 0 0 0 0
226.938 0 1 0 0 0 0 0 0 0
227.536 1 0 0 0 0 0 0 0 0
228.453 0 1 0 0 0 0 0 0 0
229.483 1 0 0 0 0 0 0 0 0
230.112 0 1 0 0 0 0 0 0 0
