3.55067 0 0 0 0 0 1 0 0 0
4.94329 0 0 0 0 0 0 1 0 0
33.2836 1 0 0 0 0 0 0 0 0
37.7973 0 1 0 0 0 0 0 0 0
40.9823 1 0 0 0 0 0 0 0 0
43.0746 0 1 0 0 0 0 0 0 0
43.4145 1 0 0 0 0 0 0 0 0
46.1447 0 1 0 0 0 0 0 0 0
48.66 1 0 0 0 0 0 0 0 0
49.8966 0 1 0 0 0 0 0 0 0
51.1033 1 0 0 0 0 0 0 0 0
52.834 0 1 0 0 0 0 0 0 0
53.6274 1 0 0 0 0 0 0 0 0
55.3589 0 1 0 0 0 0 0 0 0
57.8112 1 0 0 0 0 0 0 0 0
59.3058 0 1 0 0 0 0 0 0 0
60.3464 1 0 0 0 0 0 0 0 0
61.851 0 1 0 0 0 0 0 0 0
67.7572 1 0 0 0 0 0 0 0 0
70.3235 0 1 0 0 0 0 0 0 0
72.9917 1 0 0 0 0 0 0 0 0
75.5689 0 1 0 0 0 0 0 0 0
79.3317 1 0 0 0 0 0 0 0 0
81.0102 0 1 0 0 0 0 0 0 0
83.4835 1 0 0 0 0 0 0 0 0
84.988 0 1 0 0 0 0 0 0 0
93.3975 0 0 0 1 0 0 0 0 0
93.7883 0 0 0 0 1 0 0 0 0
95.2729 0 0 0 1 0 0 0 0 0
96.6335 0 0 0 0 1 0 0 0 0
98.158 0 0 0 1 0 0 0 0 0
98.8178 0 0 0 0 1 0 0 0 0
100.642 1 0 0 0 0 0 0 0 0
102.332 0 1 0 0 0 0 0 0 0
105.3 1 0 0 0 0 0 0 0 0
107.918 0 1 0 0 0 0 0 0 0
110.319 1 0 0 0 0 0 0 0 0
111.989 0 1 0 0 0 0 0 0 0
117.739 1 0 0 0 0 0 0 0 0
118.78 0 1 0 0 0 0 0 0 0
125.582 0 0 0 0 0 1 0 0 0
127.014 0 0 0 0 0 0 1 0 0
141.432 0 0 0 0 0 1 0 0 0
142.226 0 0 0 0 0 0 1 0 0
167.311 1 0 0 0 0 0 0 0 0
173.515 0 1 0 0 0 0 0 0 0
175.03 1 0 0 0 0 0 0 0 0
176.215 0 1 0 0 0 0 0 0 0
179.276 1 0 0 0 0 0 0 0 0
180.492 0 1 0 0 0 0 0 0 0
187.222 1 0 0 0 0 0 0 0 0
188.439 0 1 0 0 0 0 0 0 0
189.396 1 0 0 0 0 0 0 0 0
190.243 0 1 0 0 0 0 0 0 0
194.746 0 0 0 1 0 0 0 0 0
195.838 0 0 0 0 1 0 0 0 0
196.952 0 0 0 1 0 0 0 0 0
199.157 0 0 0 0 1 0 0 0 0
200.115 1 0 0 0 0 0 0 0 0
200.796 0 1 0 0 0 0 0 0 0
215.04 1 0 0 0 0 0 0 0 0
218.142 0 1 0 0 0 0 0 0 0
218.903 1 0 0 0 0 0 0 0 0
220.656 0 1 0 0 0 0 0 0 0
221.171 0 0 0 1 0 0 0 0 0
222.83 0 0 0 0 1 0 0 0 0
225.079 1 0 0 0 0 0 0 0 0
226.51 0 1 0 0 0 0 0 0 0
234.621 1 0 0 0 0 0 0 0 0
236.074 0 1 0 0 0 0 0 0 0
237.744 1 0 0 0 0 0 0 0 0
238.65 0 1 0 0 0 0 0 0 0
240.722 1 0 0 0 0 0 0 0 0
241.692 0 1 0 0 0 0 0 0 0
247.112 0 0 0 0 0 1 0 0 0
250.41 0 0 0 0 0 0 1 0 0
273.558 1 0 0 0 0 0 0 0 0
274.125 0 1 0 0 0 0 0 0 0
278.061 1 0 0 0 0 0 0 0 0
279.277 0 1 0 0 0 0 0 0 0
280.916 1 0 0 0 0 0 0 0 0
282.503 0 1 0 0 0 0 0 0 0
283.554 1 0 0 0 0 0 0 0 0
284.915 0 1 0 0 0 0 0 0 0
286.182 1 0 0 0 0 0 0 0 0
287.45 0 1 0 0 0 0 0 0 0
294.468 1 0 0 0 0 0 0 0 0
295.365 0 1 0 0 0 0 0 0 0
297.395 1 0 0 0 0 0 0 0 0
298.57 0 1 0 0 0 0 0 0 0
301.239 1 0 0 0 0 0 0 0 0
302.651 0 1 0 0 0 0 0 0 0
304.743 1 0 0 0 0 0 0 0 0
306.186 0 1 0 0 0 0 0 0 0
307.516 1 0 0 0 0 0 0 0 0
308.494 0 1 0 0 0 0 0 0 0
310.824 0 0 0 1 0 0 0 0 0
311.854 0 0 0 0 1 0 0 0 0
317.049 1 0 0 0 0 0 0 0 0
318.275 0 1 0 0 0 0 0 0 0
320.44 1 0 0 0 0 0 0 0 0
321.326 0 1 0 0 0 0 0 0 0
322.697 1 0 0 0 0 0 0 0 0
324.305 0 1 0 0 0 0 0 0 0
325.85 1 0 0 0 0 0 0 0 0
326.871 0 1 0 0 0 0 0 0 0
328.272 1 0 0 0 0 0 0 0 0
328.901 0 1 0 0 0 0 0 0 0
349.411 1 0 0 0 0 0 0 0 0
351.213 0 1 0 0 0 0 0 0 0
