4.09378 0 0 0 0 0 1 0 0 0
7.70065 0 0 0 0 0 0 1 0 0
12.0496 0 0 0 0 0 1 0 0 0
14.11 0 0 0 0 0 0 1 0 0
18.6549 0 0 0 0 0 1 0 0 0
21.0563 0 0 0 0 0 0 1 0 0
42.8827 1 0 0 0 0 0 0 0 0
47.0666 0 1 0 0 0 0 0 0 0
47.4885 1 0 0 0 0 0 0 0 0
48.5713 0 1 0 0 0 0 0 0 0
48.8082 1 0 0 0 0 0 0 0 0
49.5401 0 1 0 0 0 0 0 0 0
49.8799 1 0 0 0 0 0 0 0 0
50.7657 0 1 0 0 0 0 0 0 0
54.1358 0 0 0 1 0 0 0 0 0
56.2273 0 0 0 0 1 0 0 0 0
56.8151 1 0 0 0 0 0 0 0 0
58.0838 0 1 0 0 0 0 0 0 0
58.4637 1 0 0 0 0 0 0 0 0
59.4119 0 1 0 0 0 0 0 0 0
60.0913 0 0 0 1 0 0 0 0 0
62.5547 0 0 0 0 1 0 0 0 0
62.9985 0 0 0 1 0 0 0 0 0
64.0283 0 0 0 0 1 0 0 0 0
64.6571 1 0 0 0 0 0 0 0 0
66.0997 0 1 0 0 0 0 0 0 0
66.4406 1 0 0 0 0 0 0 0 0
67.7073 0 1 0 0 0 0 0 0 0
68.2952 1 0 0 0 0 0 0 0 0
68.8831 0 1 0 0 0 0 0 0 0
69.192 1 0 0 0 0 0 0 0 0
69.2539 0 1 0 0 0 0 0 0 0
69.3259 1 0 1 0 0 0 0 0 0
69.398 0 1 0 0 0 0 0 0 0
71.9433 1 0 0 0 0 0 0 0 0
72.4481 0 1 0 0 0 0 0 0 0
73.3039 1 0 0 0 0 0 0 0 0
74.2306 0 1 0 0 0 0 0 0 0
74.6745 1 0 0 0 0 0 0 0 0
75.6023 0 1 0 0 0 0 0 0 0
76.2612 1 0 0 0 0 0 0 0 0
76.5811 0 1 0 0 0 0 0 0 0
77.1169 1 0 0 0 0 0 0 0 0
77.8278 0 1 0 0 0 0 0 0 0
78.6426 1 0 0 0 0 0 0 0 0
79.5073 0 1 0 0 0 0 0 0 0
82.2386 1 0 0 0 0 0 0 0 0
87.9792 0 1 0 0 0 0 0 0 0
89.2059 1 0 0 0 0 0 0 0 0
89.2669 0 1 0 0 0 0 0 0 0
89.3488 1 0 1 0 0 0 0 0 0
89.4318 0 1 0 0 0 0 0 0 0
91.6373 1 0 0 0 0 0 0 0 0
93.1619 0 1 0 0 0 0 0 0 0
93.6567 1 0 0 0 0 0 0 0 0
94.5325 0 1 0 0 0 0 0 0 0
94.9244 1 0 0 0 0 0 0 0 0
96.2751 0 1 0 0 0 0 0 0 0
96.8109 1 0 0 0 0 0 0 0 0
98.1916 0 1 0 0 0 0 0 0 0
98.6654 1 0 0 0 0 0 0 0 0
99.0583 0 1 0 0 0 0 0 0 0
99.5522 1 0 0 0 0 0 0 0 0
100.005 0 1 0 0 0 0 0 0 0
100.428 1 0 0 0 0 0 0 0 0
101.933 0 1 0 0 0 0 0 0 0
106.91 1 0 0 0 0 0 0 0 0
108.518 0 1 0 0 0 0 0 0 0
108.858 1 0 0 0 0 0 0 0 0
109.373 0 1 0 0 0 0 0 0 0
109.703 0 0 0 1 0 0 0 0 0
111.62 0 0 0 0 1 0 0 0 0
112.032 1 0 0 0 0 0 0 0 0
112.909 0 1 0 0 0 0 0 0 0
113.228 1 0 0 0 0 0 0 0 0
114.34 0 1 0 0 0 0 0 0 0
114.608 1 0 0 0 0 0 0 0 0
115.154 0 1 0 0 0 0 0 0 0
115.711 1 0 0 0 0 0 0 0 0
116.752 0 1 0 0 0 0 0 0 0
117.288 1 0 0 0 0 0 0 0 0
118.123 0 1 0 0 0 0 0 0 0
119.142 1 0 0 0 0 0 0 0 0
120.039 0 1 0 0 0 0 0 0 0
120.503 1 0 0 0 0 0 0 0 0
121.339 0 1 0 0 0 0 0 0 0
130.736 1 0 0 0 0 0 0 0 0
130.839 0 1 0 0 0 0 0 0 0
130.912 1 0 1 0 0 0 0 0 0
130.994 0 1 0 0 0 0 0 0 0
132.406 1 0 0 0 0 0 0 0 0
133.282 0 1 0 0 0 0 0 0 0
133.664 1 0 0 0 0 0 0 0 0
134.952 0 1 0 0 0 0 0 0 0
135.23 1 0 0 0 0 0 0 0 0
135.797 0 1 0 0 0 0 0 0 0
136.044 1 0 0 0 0 0 0 0 0
136.487 0 1 0 0 0 0 0 0 0
137.116 1 0 0 0 0 0 0 0 0
137.951 0 1 0 0 0 0 0 0 0
138.745 1 0 0 0 0 0 0 0 0
139.95 0 1 0 0 0 0 0 0 0
141.063 1 0 0 0 0 0 0 0 0
141.857 0 1 0 0 0 0 0 0 0
142.959 1 0 0 0 0 0 0 0 0
143.351 0 1 0 0 0 0 0 0 0
143.742 1 0 0 0 0 0 0 0 0
143.856 0 1 0 0 0 0 0 0 0
145.659 0 0 0 1 0 0 0 0 0
148.802 0 0 0 0 1 0 0 0 0
149.441 1 0 0 0 0 0 0 0 0
149.997 0 1 0 0 0 0 0 0 0
150.389 1 0 0 0 0 0 0 0 0
150.966 0 1 0 0 0 0 0 0 0
151.244 1 0 0 0 0 0 0 0 0
152.162 0 1 0 0 0 0 0 0 0
152.533 1 0 0 0 0 0 0 0 0
153.594 0 1 0 0 0 0 0 0 0
153.882 1 0 0 0 0 0 0 0 0
154.81 0 1 0 0 0 0 0 0 0
155.274 1 0 0 0 0 0 0 0 0
155.995 0 1 0 0 0 0 0 0 0
156.356 1 0 0 0 0 0 0 0 0
156.975 0 1 0 0 0 0 0 0 0
157.943 1 0 0 0 0 0 0 0 0
157.994 0 1 0 0 0 0 0 0 0
158.077 1 0 1 0 0 0 0 0 0
158.17 0 1 0 0 0 0 0 0 0
159.613 1 0 0 0 0 0 0 0 0
160.375 0 1 0 0 0 0 0 0 0
160.757 1 0 0 0 0 0 0 0 0
161.405 0 1 0 0 0 0 0 0 0
162.034 1 0 0 0 0 0 0 0 0
162.643 0 1 0 0 0 0 0 0 0
162.951 1 0 0 0 0 0 0 0 0
163.323 0 1 0 0 0 0 0 0 0
163.591 0 0 0 1 0 0 0 0 0
166.373 0 0 0 0 1 0 0 0 0
167.465 1 0 0 0 0 0 0 0 0
168.259 0 1 0 0 0 0 0 0 0
168.476 0 0 0 1 0 0 0 0 0
170.433 0 0 0 0 1 0 0 0 0
170.753 1 0 0 0 0 0 0 0 0
171.557 0 1 0 0 0 0 0 0 0
172.237 1 0 0 0 0 0 0 0 0
173.453 0 1 0 0 0 0 0 0 0
173.844 1 0 0 0 0 0 0 0 0
174.442 0 1 0 0 0 0 0 0 0
175.031 1 0 0 0 0 0 0 0 0
175.617 0 1 0 0 0 0 0 0 0
175.854 1 0 0 0 0 0 0 0 0
175.937 0 1 0 0 0 0 0 0 0
176.019 1 0 1 0 0 0 0 0 0
176.133 0 1 0 0 0 0 0 0 0
177.76 1 0 0 0 0 0 0 0 0
180.224 0 1 0 0 0 0 0 0 0
180.8 1 0 0 0 0 0 0 0 0
181.08 0 1 0 0 0 0 0 0 0
182.502 0 0 0 0 0 1 0 0 0
185.727 0 0 0 0 0 0 1 0 0
217.015 1 0 0 0 0 0 0 0 0
218.262 0 1 0 0 0 0 0 0 0
218.675 1 0 0 0 0 0 0 0 0
222.694 0 1 0 0 0 0 0 0 0
223.797 0 0 0 1 0 0 0 0 0
225.125 0 0 0 0 1 0 0 0 0
230.402 1 0 0 0 0 0 0 0 0
232.494 0 1 0 0 0 0 0 0 0
233.39 0 0 0 1 0 0 0 0 0
235.246 0 0 0 0 1 0 0 0 0
235.473 1 0 0 0 0 0 0 0 0
236.637 0 1 0 0 0 0 0 0 0
236.832 1 0 0 0 0 0 0 0 0
237.791 0 1 0 0 0 0 0 0 0
238.286 1 0 0 0 0 0 0 0 0
238.977 0 1 0 0 0 0 0 0 0
239.244 1 0 0 0 0 0 0 0 0
240.12 0 1 0 0 0 0 0 0 0
240.357 1 0 0 0 0 0 0 0 0
243.501 0 1 0 0 0 0 0 0 0
244.149 1 0 0 0 0 0 0 0 0
244.232 0 1 0 0 0 0 0 0 0
244.325 1 0 1 0 0 0 0 0 0
244.407 0 1 0 0 0 0 0 0 0
249.467 1 0 0 0 0 0 0 0 0
249.725 0 1 0 0 0 0 0 0 0
250.519 0 0 0 1 0 0 0 0 0
251.683 0 0 0 0 1 0 0 0 0
251.909 1 0 0 0 0 0 0 0 0
254.631 0 1 0 0 0 0 0 0 0
254.961 1 0 0 0 0 0 0 0 0
255.043 0 1 0 0 0 0 0 0 0
255.63 0 0 0 1 0 0 0 0 0
256.867 0 0 0 0 1 0 0 0 0
257.701 1 0 0 0 0 0 0 0 0
258.578 0 1 0 0 0 0 0 0 0
259.763 1 0 0 0 0 0 0 0 0
261.051 0 1 0 0 0 0 0 0 0
261.268 1 0 0 0 0 0 0 0 0
262.257 0 1 0 0 0 0 0 0 0
262.494 1 0 0 0 0 0 0 0 0
263.339 0 1 0 0 0 0 0 0 0
263.864 1 0 0 0 0 0 0 0 0
265.441 0 1 0 0 0 0 0 0 0
265.75 1 0 0 0 0 0 0 0 0
267.563 0 1 0 0 0 0 0 0 0
268.12 0 0 0 1 0 0 0 0 0
271.058 0 0 0 0 1 0 0 0 0
279.436 1 0 0 0 0 0 0 0 0
279.539 0 1 0 0 0 0 0 0 0
279.621 1 0 1 0 0 0 0 0 0
279.714 0 1 0 0 0 0 0 0 0
281.064 1 0 0 0 0 0 0 0 0
285.619 0 1 0 0 0 0 0 0 0
286.083 1 0 0 0 0 0 0 0 0
290.845 0 1 0 0 0 0 0 0 0
291.422 0 0 0 1 0 0 0 0 0
292.957 0 0 0 0 1 0 0 0 0
293.091 1 0 0 0 0 0 0 0 0
296.172 0 1 0 0 0 0 0 0 0
296.389 1 0 0 0 0 0 0 0 0
296.471 0 1 0 0 0 0 0 0 0
296.554 1 0 1 0 0 0 0 0 0
296.627 0 1 0 0 0 0 0 0 0
299.099 1 0 0 0 0 0 0 0 0
300.604 0 1 0 0 0 0 0 0 0
312.198 1 0 0 0 0 0 0 0 0
313.837 0 1 0 0 0 0 0 0 0
314.105 0 0 0 1 0 0 0 0 0
315.237 0 0 0 0 1 0 0 0 0
315.402 1 0 0 0 0 0 0 0 0
316.175 0 1 0 0 0 0 0 0 0
316.217 0 0 0 1 0 0 0 0 0
318.782 0 0 0 0 1 0 0 0 0
319.009 1 0 0 0 0 0 0 0 0
320.122 0 1 0 0 0 0 0 0 0
320.607 1 0 0 0 0 0 0 0 0
322.194 0 1 0 0 0 0 0 0 0
322.678 1 0 0 0 0 0 0 0 0
323.77 0 1 0 0 0 0 0 0 0
324.276 1 0 0 0 0 0 0 0 0
325.306 0 1 0 0 0 0 0 0 0
325.657 1 0 0 0 0 0 0 0 0
326.769 0 1 0 0 0 0 0 0 0
326.884 0 0 0 1 0 0 0 0 0
328.913 0 0 0 0 1 0 0 0 0
329.397 1 0 0 0 0 0 0 0 0
330.561 0 1 0 0 0 0 0 0 0
332.262 1 0 0 0 0 0 0 0 0
333.953 0 1 0 0 0 0 0 0 0
334.498 1 0 0 0 0 0 0 0 0
334.58 0 1 0 0 0 0 0 0 0
334.673 1 0 1 0 0 0 0 0 0
334.766 0 1 0 0 0 0 0 0 0
336.879 1 0 0 0 0 0 0 0 0
338.6 0 1 0 0 0 0 0 0 0
338.878 1 0 0 0 0 0 0 0 0
343.485 0 1 0 0 0 0 0 0 0
344.123 1 0 0 0 0 0 0 0 0
348.287 0 1 0 0 0 0 0 0 0
349.091 1 0 0 0 0 0 0 0 0
350.543 0 1 0 0 0 0 0 0 0
351.481 1 0 0 0 0 0 0 0 0
351.615 0 1 0 0 0 0 0 0 0
351.976 0 0 0 1 0 0 0 0 0
355.687 0 0 0 0 1 0 0 0 0
356.438 1 0 0 0 0 0 0 0 0
357.511 0 1 0 0 0 0 0 0 0
358.221 1 0 0 0 0 0 0 0 0
360.766 0 1 0 0 0 0 0 0 0
