12.8293 1 0 0 0 0 0 0 0 0
14.2509 0 1 0 0 0 0 0 0 0
15.1887 1 0 0 0 0 0 0 0 0
15.6636 0 1 0 0 0 0 0 0 0
16.0655 1 0 0 0 0 0 0 0 0
16.6426 0 1 0 0 0 0 0 0 0
16.9822 0 0 0 1 0 0 0 0 0
18.7238 0 0 0 0 1 0 0 0 0
19.2806 1 0 0 0 0 0 0 0 0
20.1464 0 1 0 0 0 0 0 0 0
21.0122 1 0 0 0 0 0 0 0 0
21.6511 0 1 0 0 0 0 0 0 0
22.1449 1 0 0 0 0 0 0 0 0
23.3926 0 1 0 0 0 0 0 0 0
23.7015 1 0 0 0 0 0 0 0 0
24.0314 0 1 0 0 0 0 0 0 0
24.6803 1 0 0 0 0 0 0 0 0
25.2171 0 1 0 0 0 0 0 0 0
25.6291 1 0 0 0 0 0 0 0 0
26.3299 0 1 0 0 0 0 0 0 0
26.7518 0 0 0 1 0 0 0 0 0
28.9262 0 0 0 0 1 0 0 0 0
29.5451 1 0 0 0 0 0 0 0 0
30.0289 0 1 0 0 0 0 0 0 0
30.5648 1 0 0 0 0 0 0 0 0
31.3177 0 1 0 0 0 0 0 0 0
31.9045 1 0 0 0 0 0 0 0 0
32.5133 0 1 0 0 0 0 0 0 0
33.605 1 0 0 0 0 0 0 0 0
34.0889 0 1 0 0 0 0 0 0 0
34.5318 0 0 0 1 0 0 0 0 0
36.6033 0 0 0 0 1 0 0 0 0
37.0981 1 0 0 0 0 0 0 0 0
37.634 0 1 0 0 0 0 0 0 0
37.9739 1 0 0 0 0 0 0 0 0
38.0669 0 1 0 0 0 0 0 0 0
38.1699 1 0 1 0 0 0 0 0 0
38.2319 0 1 0 0 0 0 0 0 0
39.9224 1 0 0 0 0 0 0 0 0
40.4784 0 1 0 0 0 0 0 0 0
40.9112 1 0 0 0 0 0 0 0 0
41.3541 0 1 0 0 0 0 0 0 0
41.9529 1 0 0 0 0 0 0 0 0
42.3128 0 1 0 0 0 0 0 0 0
42.7977 1 0 0 0 0 0 0 0 0
43.4875 0 1 0 0 0 0 0 0 0
43.8484 1 0 0 0 0 0 0 0 0
44.3533 0 1 0 0 0 0 0 0 0
45.199 1 0 0 0 0 0 0 0 0
45.8479 0 1 0 0 0 0 0 0 0
46.3219 1 0 0 0 0 0 0 0 0
46.7447 0 1 0 0 0 0 0 0 0
47.0946 1 0 0 0 0 0 0 0 0
47.7445 0 1 0 0 0 0 0 0 0
48.1054 1 0 0 0 0 0 0 0 0
48.6712 0 1 0 0 0 0 0 0 0
49.2901 0 0 0 1 0 0 0 0 0
51.2785 0 0 0 0 1 0 0 0 0
51.5575 1 0 0 0 0 0 0 0 0
52.1033 0 1 0 0 0 0 0 0 0
52.3613 0 0 0 1 0 0 0 0 0
55.5554 0 0 0 0 1 0 0 0 0
56.6482 1 0 0 0 0 0 0 0 0
57.1021 0 1 0 0 0 0 0 0 0
57.5029 1 0 0 0 0 0 0 0 0
58.0809 0 1 0 0 0 0 0 0 0
58.5137 1 0 0 0 0 0 0 0 0
58.9467 0 1 0 0 0 0 0 0 0
59.4924 1 0 0 0 0 0 0 0 0
60.3992 0 1 0 0 0 0 0 0 0
61.079 1 0 0 0 0 0 0 0 0
61.6149 0 1 0 0 0 0 0 0 0
62.2337 0 0 0 1 0 0 0 0 0
63.8004 0 0 0 0 1 0 0 0 0
65.243 1 0 0 0 0 0 0 0 0
65.7479 0 1 0 0 0 0 0 0 0
66.0978 1 0 0 0 0 0 0 0 0
66.6547 0 1 0 0 0 0 0 0 0
67.0975 1 0 0 0 0 0 0 0 0
68.2312 0 1 0 0 0 0 0 0 0
68.4692 0 0 0 1 0 0 0 0 0
70.3547 0 0 0 0 1 0 0 0 0
70.9006 1 0 0 0 0 0 0 0 0
71.2715 0 1 0 0 0 0 0 0 0
71.5804 1 0 0 0 0 0 0 0 0
71.9723 0 1 0 0 0 0 0 0 0
72.1282 0 0 0 1 0 0 0 0 0
75.2085 0 0 0 0 1 0 0 0 0
75.5904 1 0 0 0 0 0 0 0 0
76.1262 0 1 0 0 0 0 0 0 0
76.4352 1 0 0 0 0 0 0 0 0
76.991 0 1 0 0 0 0 0 0 0
77.3939 1 0 0 0 0 0 0 0 0
77.8258 0 1 0 0 0 0 0 0 0
78.1457 1 0 0 0 0 0 0 0 0
78.5066 0 1 0 0 0 0 0 0 0
82.1127 1 0 0 0 0 0 0 0 0
82.7315 0 1 0 0 0 0 0 0 0
82.9475 1 0 0 0 0 0 0 0 0
83.8033 0 1 0 0 0 0 0 0 0
84.5251 0 0 0 1 0 0 0 0 0
85.7718 0 0 0 0 1 0 0 0 0
86.1737 1 0 0 0 0 0 0 0 0
86.7815 0 1 0 0 0 0 0 0 0
87.6473 1 0 0 0 0 0 0 0 0
88.3691 0 1 0 0 0 0 0 0 0
88.9969 1 0 0 0 0 0 0 0 0
89.7708 0 1 0 0 0 0 0 0 0
90.1618 1 0 0 0 0 0 0 0 0
90.4916 0 1 0 0 0 0 0 0 0
91.4814 0 0 0 0 0 1 0 0 0
93.8208 0 0 0 0 0 0 1 0 0
117.659 0 0 0 1 0 0 0 0 0
119.41 0 0 0 0 1 0 0 0 0
119.884 0 0 0 1 0 0 0 0 0
120.956 0 0 0 0 1 0 0 0 0
124.748 1 0 0 0 0 0 0 0 0
125.284 0 1 0 0 0 0 0 0 0
125.903 1 0 0 0 0 0 0 0 0
126.984 0 1 0 0 0 0 0 0 0
127.469 1 0 0 0 0 0 0 0 0
128.242 0 1 0 0 0 0 0 0 0
128.489 1 0 0 0 0 0 0 0 0
128.85 0 1 0 0 0 0 0 0 0
128.963 0 0 0 1 0 0 0 0 0
131.004 0 0 0 0 1 0 0 0 0
131.581 1 0 0 0 0 0 0 0 0
132.385 0 1 0 0 0 0 0 0 0
132.457 0 0 0 1 0 0 0 0 0
134.589 0 0 0 0 1 0 0 0 0
135.002 0 0 0 1 0 0 0 0 0
135.126 0 0 0 0 1 0 0 0 0
135.383 1 0 0 0 0 0 0 0 0
135.486 0 1 0 0 0 0 0 0 0
135.548 1 0 1 0 0 0 0 0 0
135.62 0 1 0 0 0 0 0 0 0
136.724 1 0 0 0 0 0 0 0 0
137.507 0 1 0 0 0 0 0 0 0
137.816 1 0 0 0 0 0 0 0 0
138.361 0 1 0 0 0 0 0 0 0
138.66 0 0 0 1 0 0 0 0 0
140.722 0 0 0 0 1 0 0 0 0
141.217 1 0 0 0 0 0 0 0 0
141.989 0 1 0 0 0 0 0 0 0
142.596 1 0 0 0 0 0 0 0 0
143.37 0 1 0 0 0 0 0 0 0
143.494 0 0 0 1 0 0 0 0 0
145.421 0 0 0 0 1 0 0 0 0
145.75 1 0 0 0 0 0 0 0 0
146.513 0 1 0 0 0 0 0 0 0
146.946 1 0 0 0 0 0 0 0 0
147.41 0 1 0 0 0 0 0 0 0
147.472 0 0 0 1 0 0 0 0 0
148.801 0 0 0 0 1 0 0 0 0
149.1 1 0 0 0 0 0 0 0 0
149.564 0 1 0 0 0 0 0 0 0
149.811 1 0 0 0 0 0 0 0 0
150.264 0 1 0 0 0 0 0 0 0
150.522 1 0 0 0 0 0 0 0 0
151.038 0 1 0 0 0 0 0 0 0
152.14 0 0 0 1 0 0 0 0 0
152.409 0 0 0 0 1 0 0 0 0
152.666 1 0 0 0 0 0 0 0 0
152.739 0 1 0 0 0 0 0 0 0
152.831 1 0 1 0 0 0 0 0 0
152.903 0 1 0 0 0 0 0 0 0
154.211 1 0 0 0 0 0 0 0 0
154.665 0 1 0 0 0 0 0 0 0
155.129 1 0 0 0 0 0 0 0 0
155.479 0 1 0 0 0 0 0 0 0
155.943 1 0 0 0 0 0 0 0 0
156.345 0 1 0 0 0 0 0 0 0
156.912 1 0 0 0 0 0 0 0 0
157.335 0 1 0 0 0 0 0 0 0
157.829 1 0 0 0 0 0 0 0 0
158.571 0 1 0 0 0 0 0 0 0
158.952 1 0 0 0 0 0 0 0 0
159.859 0 1 0 0 0 0 0 0 0
160.282 1 0 0 0 0 0 0 0 0
160.725 0 1 0 0 0 0 0 0 0
161.291 1 0 0 0 0 0 0 0 0
161.601 0 1 0 0 0 0 0 0 0
162.065 1 0 0 0 0 0 0 0 0
162.425 0 1 0 0 0 0 0 0 0
162.91 1 0 0 0 0 0 0 0 0
163.25 0 1 0 0 0 0 0 0 0
163.704 0 0 0 1 0 0 0 0 0
166.135 0 0 0 0 1 0 0 0 0
172.917 1 0 0 0 0 0 0 0 0
173.401 0 1 0 0 0 0 0 0 0
173.926 1 0 0 0 0 0 0 0 0
174.246 0 1 0 0 0 0 0 0 0
174.565 1 0 0 0 0 0 0 0 0
174.648 0 1 0 0 0 0 0 0 0
174.74 1 0 1 0 0 0 0 0 0
174.844 0 1 0 0 0 0 0 0 0
176.421 0 0 0 0 0 1 0 0 0
179.791 0 0 0 0 0 0 1 0 0
184.026 0 0 0 0 0 1 0 0 0
185.211 0 0 0 0 0 0 1 0 0
204.122 0 0 0 1 0 0 0 0 0
205.791 0 0 0 0 1 0 0 0 0
206.049 1 0 0 0 0 0 0 0 0
206.719 0 1 0 0 0 0 0 0 0
207.069 1 0 0 0 0 0 0 0 0
207.616 0 1 0 0 0 0 0 0 0
207.946 1 0 0 0 0 0 0 0 0
208.554 0 1 0 0 0 0 0 0 0
208.945 0 0 0 1 0 0 0 0 0
213.077 0 0 0 0 1 0 0 0 0
213.407 1 0 0 0 0 0 0 0 0
214.263 0 1 0 0 0 0 0 0 0
215.036 1 0 0 0 0 0 0 0 0
215.325 0 1 0 0 0 0 0 0 0
215.654 1 0 0 0 0 0 0 0 0
216.232 0 1 0 0 0 0 0 0 0
216.613 1 0 0 0 0 0 0 0 0
217.395 0 1 0 0 0 0 0 0 0
217.787 1 0 0 0 0 0 0 0 0
218.199 0 1 0 0 0 0 0 0 0
218.777 1 0 0 0 0 0 0 0 0
219.849 0 1 0 0 0 0 0 0 0
220.127 0 0 0 1 0 0 0 0 0
221.117 0 0 0 0 1 0 0 0 0
222.136 1 0 0 0 0 0 0 0 0
222.58 0 1 0 0 0 0 0 0 0
222.858 1 0 0 0 0 0 0 0 0
223.188 0 1 0 0 0 0 0 0 0
223.538 1 0 0 0 0 0 0 0 0
223.992 0 1 0 0 0 0 0 0 0
224.558 1 0 0 0 0 0 0 0 0
225.382 0 1 0 0 0 0 0 0 0
225.723 1 0 0 0 0 0 0 0 0
226.485 0 1 0 0 0 0 0 0 0
227.011 1 0 0 0 0 0 0 0 0
227.578 0 1 0 0 0 0 0 0 0
228.104 1 0 0 0 0 0 0 0 0
228.938 0 1 0 0 0 0 0 0 0
229.515 1 0 0 0 0 0 0 0 0
229.897 0 1 0 0 0 0 0 0 0
230.092 0 0 0 1 0 0 0 0 0
232.091 0 0 0 0 1 0 0 0 0
232.256 1 0 0 0 0 0 0 0 0
232.606 0 1 0 0 0 0 0 0 0
232.709 0 0 0 1 0 0 0 0 0
233.988 0 0 0 0 1 0 0 0 0
234.276 1 0 0 0 0 0 0 0 0
234.998 0 1 0 0 0 0 0 0 0
235.503 1 0 0 0 0 0 0 0 0
235.926 0 1 0 0 0 0 0 0 0
236.605 1 0 0 0 0 0 0 0 0
236.883 0 1 0 0 0 0 0 0 0
237.76 0 0 0 1 0 0 0 0 0
239.934 0 0 0 0 1 0 0 0 0
240.408 1 0 0 0 0 0 0 0 0
240.583 0 1 0 0 0 0 0 0 0
241.047 1 0 0 0 0 0 0 0 0
241.634 0 1 0 0 0 0 0 0 0
242.16 1 0 0 0 0 0 0 0 0
242.738 0 1 0 0 0 0 0 0 0
242.933 0 0 0 1 0 0 0 0 0
244.736 0 0 0 0 1 0 0 0 0
245.241 1 0 0 0 0 0 0 0 0
245.757 0 1 0 0 0 0 0 0 0
246.087 1 0 0 0 0 0 0 0 0
246.468 0 1 0 0 0 0 0 0 0
247.21 1 0 0 0 0 0 0 0 0
248.024 0 1 0 0 0 0 0 0 0
248.281 1 0 0 0 0 0 0 0 0
248.446 0 1 0 0 0 0 0 0 0
248.467 0 0 0 1 0 0 0 0 0
250.683 0 0 0 0 1 0 0 0 0
251.116 1 0 0 0 0 0 0 0 0
251.662 0 1 0 0 0 0 0 0 0
256.639 1 0 0 0 0 0 0 0 0
256.804 0 1 0 0 0 0 0 0 0
257.154 1 0 0 0 0 0 0 0 0
257.732 0 1 0 0 0 0 0 0 0
258.226 0 0 0 1 0 0 0 0 0
259.587 0 0 0 0 1 0 0 0 0
259.844 1 0 0 0 0 0 0 0 0
260.524 0 1 0 0 0 0 0 0 0
261.307 1 0 0 0 0 0 0 0 0
261.967 0 1 0 0 0 0 0 0 0
262.41 1 0 0 0 0 0 0 0 0
263.029 0 1 0 0 0 0 0 0 0
263.369 0 0 0 1 0 0 0 0 0
265.203 0 0 0 0 1 0 0 0 0
265.625 1 0 0 0 0 0 0 0 0
266.202 0 1 0 0 0 0 0 0 0
266.728 1 0 0 0 0 0 0 0 0
267.358 0 1 0 0 0 0 0 0 0
270.191 0 0 0 0 0 1 0 0 0
273.076 0 0 0 0 0 0 1 0 0
291.192 0 0 0 1 0 0 0 0 0
295.48 0 0 0 0 1 0 0 0 0
295.974 1 0 0 0 0 0 0 0 0
296.489 0 1 0 0 0 0 0 0 0
296.819 1 0 0 0 0 0 0 0 0
297.572 0 1 0 0 0 0 0 0 0
297.932 1 0 0 0 0 0 0 0 0
298.86 0 1 0 0 0 0 0 0 0
299.612 1 0 0 0 0 0 0 0 0
299.694 0 1 0 0 0 0 0 0 0
299.787 1 0 1 0 0 0 0 0 0
299.88 0 1 0 0 0 0 0 0 0
301.395 0 0 0 1 0 0 0 0 0
302.673 0 0 0 0 1 0 0 0 0
303.105 0 0 0 1 0 0 0 0 0
303.971 0 0 0 0 1 0 0 0 0
304.435 1 0 0 0 0 0 0 0 0
305.177 0 1 0 0 0 0 0 0 0
306.053 0 0 0 1 0 0 0 0 0
308.732 0 0 0 0 1 0 0 0 0
309.237 1 0 0 0 0 0 0 0 0
309.783 0 1 0 0 0 0 0 0 0
310.412 1 0 0 0 0 0 0 0 0
311.339 0 1 0 0 0 0 0 0 0
311.7 1 0 0 0 0 0 0 0 0
312.205 0 1 0 0 0 0 0 0 0
312.721 0 0 0 1 0 0 0 0 0
314.153 0 0 0 0 1 0 0 0 0
314.421 0 0 0 1 0 0 0 0 0
317.626 0 0 0 0 1 0 0 0 0
318.306 1 0 0 0 0 0 0 0 0
318.975 0 1 0 0 0 0 0 0 0
320.274 1 0 0 0 0 0 0 0 0
321.109 0 1 0 0 0 0 0 0 0
326.179 0 0 0 1 0 0 0 0 0
327.095 0 0 0 0 1 0 0 0 0
327.384 1 0 0 0 0 0 0 0 0
327.869 0 1 0 0 0 0 0 0 0
328.559 1 0 0 0 0 0 0 0 0
328.972 0 1 0 0 0 0 0 0 0
329.477 1 0 0 0 0 0 0 0 0
329.951 0 1 0 0 0 0 0 0 0
330.331 1 0 0 0 0 0 0 0 0
330.703 0 1 0 0 0 0 0 0 0
331.104 1 0 0 0 0 0 0 0 0
331.445 0 1 0 0 0 0 0 0 0
331.878 1 0 0 0 0 0 0 0 0
332.321 0 1 0 0 0 0 0 0 0
332.744 1 0 0 0 0 0 0 0 0
333.249 0 1 0 0 0 0 0 0 0
333.785 1 0 0 0 0 0 0 0 0
334.309 0 1 0 0 0 0 0 0 0
334.619 0 0 0 1 0 0 0 0 0
336.628 0 0 0 0 1 0 0 0 0
337.773 1 0 0 0 0 0 0 0 0
338.163 0 1 0 0 0 0 0 0 0
338.895 1 0 0 0 0 0 0 0 0
339.235 0 1 0 0 0 0 0 0 0
339.73 1 0 0 0 0 0 0 0 0
340.142 0 1 0 0 0 0 0 0 0
340.586 1 0 0 0 0 0 0 0 0
340.823 0 1 0 0 0 0 0 0 0
341.184 1 0 0 0 0 0 0 0 0
341.379 0 1 0 0 0 0 0 0 0
341.647 1 0 1 0 0 0 0 0 0
342.502 0 1 0 0 0 0 0 0 0
342.832 1 0 0 0 0 0 0 0 0
343.265 0 1 0 0 0 0 0 0 0
343.935 1 0 0 0 0 0 0 0 0
344.295 0 1 0 0 0 0 0 0 0
344.842 1 0 0 0 0 0 0 0 0
345.739 0 1 0 0 0 0 0 0 0
346.459 1 0 0 0 0 0 0 0 0
346.83 0 1 0 0 0 0 0 0 0
347.408 1 0 0 0 0 0 0 0 0
347.964 0 1 0 0 0 0 0 0 0
348.377 1 0 0 0 0 0 0 0 0
348.768 0 1 0 0 0 0 0 0 0
349.304 1 0 0 0 0 0 0 0 0
350.303 0 1 0 0 0 0 0 0 0
352.88 0 0 0 1 0 0 0 0 0
356.796 0 0 0 0 1 0 0 0 0
357.558 0 0 0 1 0 0 0 0 0
359.032 0 0 0 0 1 0 0 0 0
359.517 1 0 0 0 0 0 0 0 0
360.156 0 1 0 0 0 0 0 0 0
360.949 1 0 0 0 0 0 0 0 0
361.445 0 1 0 0 0 0 0 0 0
