6.59109 0 0 0 0 0 1 0 0 0
9.92117 0 0 0 0 0 0 1 0 0
13.8772 0 0 0 0 0 1 0 0 0
18.2461 0 0 0 0 0 0 1 0 0
22.606 0 0 0 0 0 1 0 0 0
25.0684 0 0 0 0 0 0 1 0 0
28.6955 0 0 0 0 0 1 0 0 0
29.5203 0 0 0 0 0 0 1 0 0
39.3208 0 0 0 0 0 1 0 0 0
41.5773 0 0 0 0 0 0 1 0 0
64.6524 0 0 0 1 0 0 0 0 0
67.9297 0 0 0 0 1 0 0 0 0
68.4444 1 0 0 0 0 0 0 0 0
69.4133 0 1 0 0 0 0 0 0 0
69.9701 1 0 0 0 0 0 0 0 0
70.351 0 1 0 0 0 0 0 0 0
70.6709 1 0 0 0 0 0 0 0 0
71.0929 0 1 0 0 0 0 0 0 0
71.4947 1 0 0 0 0 0 0 0 0
72.2676 0 1 0 0 0 0 0 0 0
72.9063 1 0 0 0 0 0 0 0 0
73.3812 0 1 0 0 0 0 0 0 0
73.8031 1 0 0 0 0 0 0 0 0
74.5149 0 1 0 0 0 0 0 0 0
74.8129 0 0 0 1 0 0 0 0 0
76.6994 0 0 0 0 1 0 0 0 0
77.4103 1 0 0 0 0 0 0 0 0
77.8231 0 1 0 0 0 0 0 0 0
78.152 1 0 0 0 0 0 0 0 0
78.8838 0 1 0 0 0 0 0 0 0
79.5026 1 0 0 0 0 0 0 0 0
79.7286 0 1 0 0 0 0 0 0 0
80.0485 1 0 0 0 0 0 0 0 0
80.4815 0 1 0 0 0 0 0 0 0
81.1103 1 0 0 0 0 0 0 0 0
81.6971 0 1 0 0 0 0 0 0 0
82.0271 0 0 0 1 0 0 0 0 0
86.078 0 0 0 0 1 0 0 0 0
86.4999 1 0 0 0 0 0 0 0 0
86.7888 0 1 0 0 0 0 0 0 0
87.7056 0 0 0 1 0 0 0 0 0
91.4567 0 0 0 0 1 0 0 0 0
91.8585 1 0 0 0 0 0 0 0 0
92.7863 0 1 0 0 0 0 0 0 0
93.6421 1 0 0 0 0 0 0 0 0
95.4356 0 1 0 0 0 0 0 0 0
96.4034 1 0 0 0 0 0 0 0 0
97.682 0 1 0 0 0 0 0 0 0
99.2376 0 0 0 1 0 0 0 0 0
101.237 0 0 0 0 1 0 0 0 0
102.196 1 0 0 0 0 0 0 0 0
102.855 0 1 0 0 0 0 0 0 0
103.506 1 0 0 0 0 0 0 0 0
105.287 0 1 0 0 0 0 0 0 0
106.112 0 0 0 1 0 0 0 0 0
109.183 0 0 0 0 1 0 0 0 0
110.08 1 0 0 0 0 0 0 0 0
111.42 0 1 0 0 0 0 0 0 0
112.233 1 0 0 0 0 0 0 0 0
112.883 0 1 0 0 0 0 0 0 0
113.543 1 0 0 0 0 0 0 0 0
114.583 0 1 0 0 0 0 0 0 0
115.563 0 0 0 1 0 0 0 0 0
118.778 0 0 0 0 1 0 0 0 0
119.376 1 0 0 0 0 0 0 0 0
120.23 0 1 0 0 0 0 0 0 0
120.715 1 0 0 0 0 0 0 0 0
121.694 0 1 0 0 0 0 0 0 0
130.732 0 0 0 1 0 0 0 0 0
135.606 0 0 0 0 1 0 0 0 0
137.596 1 0 0 0 0 0 0 0 0
138.596 0 1 0 0 0 0 0 0 0
139.018 1 0 0 0 0 0 0 0 0
139.636 0 1 0 0 0 0 0 0 0
140.337 1 0 0 0 0 0 0 0 0
140.389 0 1 0 0 0 0 0 0 0
140.502 1 0 1 0 0 0 0 0 0
140.574 0 1 0 0 0 0 0 0 0
142.615 1 0 0 0 0 0 0 0 0
144.274 0 1 0 0 0 0 0 0 0
144.892 1 0 0 0 0 0 0 0 0
145.748 0 1 0 0 0 0 0 0 0
146.212 1 0 0 0 0 0 0 0 0
146.583 0 1 0 0 0 0 0 0 0
147.057 1 0 0 0 0 0 0 0 0
148.551 0 1 0 0 0 0 0 0 0
149.056 0 0 0 1 0 0 0 0 0
150.839 0 0 0 0 1 0 0 0 0
151.158 1 0 0 0 0 0 0 0 0
151.281 0 1 0 0 0 0 0 0 0
151.57 1 0 1 0 0 0 0 0 0
152.066 0 1 0 0 0 0 0 0 0
153.085 1 0 0 0 0 0 0 0 0
153.796 0 1 0 0 0 0 0 0 0
154.435 1 0 0 0 0 0 0 0 0
155.97 0 1 0 0 0 0 0 0 0
156.537 1 0 0 0 0 0 0 0 0
157.197 0 1 0 0 0 0 0 0 0
157.517 1 0 0 0 0 0 0 0 0
158.97 0 1 0 0 0 0 0 0 0
160.052 1 0 0 0 0 0 0 0 0
160.217 0 1 0 0 0 0 0 0 0
161.526 1 0 0 0 0 0 0 0 0
164.03 0 1 0 0 0 0 0 0 0
165.493 1 0 0 0 0 0 0 0 0
166.741 0 1 0 0 0 0 0 0 0
167.1 1 0 0 0 0 0 0 0 0
167.595 0 1 0 0 0 0 0 0 0
167.956 1 0 0 0 0 0 0 0 0
168.688 0 1 0 0 0 0 0 0 0
169.698 1 0 0 0 0 0 0 0 0
170.368 0 1 0 0 0 0 0 0 0
170.698 0 0 0 1 0 0 0 0 0
170.955 0 0 0 0 1 0 0 0 0
171.542 1 0 0 0 0 0 0 0 0
171.666 0 1 0 0 0 0 0 0 0
171.738 1 0 1 0 0 0 0 0 0
171.841 0 1 0 0 0 0 0 0 0
173.315 0 0 0 1 0 0 0 0 0
175.314 0 0 0 0 1 0 0 0 0
175.778 1 0 0 0 0 0 0 0 0
176.592 0 1 0 0 0 0 0 0 0
177.046 1 0 0 0 0 0 0 0 0
178.107 0 1 0 0 0 0 0 0 0
187.072 0 0 0 0 0 1 0 0 0
190.113 0 0 0 0 0 0 1 0 0
204.808 0 0 0 0 0 1 0 0 0
206.456 0 0 0 0 0 0 1 0 0
210.743 0 0 0 0 0 1 0 0 0
212.609 0 0 0 0 0 0 1 0 0
233.075 1 0 0 0 0 0 0 0 0
234.105 0 1 0 0 0 0 0 0 0
235.61 1 0 0 0 0 0 0 0 0
236.61 0 1 0 0 0 0 0 0 0
237.249 1 0 0 0 0 0 0 0 0
238.062 0 1 0 0 0 0 0 0 0
238.816 1 0 0 0 0 0 0 0 0
239.64 0 1 0 0 0 0 0 0 0
240.145 1 0 0 0 0 0 0 0 0
240.752 0 1 0 0 0 0 0 0 0
241.278 1 0 0 0 0 0 0 0 0
241.865 0 1 0 0 0 0 0 0 0
242.38 1 0 0 0 0 0 0 0 0
243.226 0 1 0 0 0 0 0 0 0
244.659 1 0 0 0 0 0 0 0 0
245.689 0 1 0 0 0 0 0 0 0
246.719 1 0 0 0 0 0 0 0 0
247.719 0 1 0 0 0 0 0 0 0
248.575 1 0 0 0 0 0 0 0 0
248.637 0 1 0 0 0 0 0 0 0
248.729 1 0 1 0 0 0 0 0 0
248.791 0 1 0 0 0 0 0 0 0
250.573 1 0 0 0 0 0 0 0 0
251.244 0 1 0 0 0 0 0 0 0
251.512 1 0 0 0 0 0 0 0 0
252.151 0 1 0 0 0 0 0 0 0
252.676 1 0 0 0 0 0 0 0 0
253.366 0 1 0 0 0 0 0 0 0
253.871 1 0 0 0 0 0 0 0 0
257.025 0 1 0 0 0 0 0 0 0
259.251 1 0 0 0 0 0 0 0 0
259.694 0 1 0 0 0 0 0 0 0
260.148 0 0 0 1 0 0 0 0 0
263.013 0 0 0 0 1 0 0 0 0
263.425 1 0 0 0 0 0 0 0 0
263.786 0 1 0 0 0 0 0 0 0
264.208 1 0 0 0 0 0 0 0 0
264.702 0 1 0 0 0 0 0 0 0
265.207 1 0 0 0 0 0 0 0 0
265.805 0 1 0 0 0 0 0 0 0
266.3 1 0 0 0 0 0 0 0 0
267.465 0 1 0 0 0 0 0 0 0
267.774 1 0 0 0 0 0 0 0 0
268.68 0 1 0 0 0 0 0 0 0
269.639 1 0 0 0 0 0 0 0 0
270.567 0 1 0 0 0 0 0 0 0
271.154 1 0 0 0 0 0 0 0 0
273.122 0 1 0 0 0 0 0 0 0
274.235 1 0 0 0 0 0 0 0 0
275.966 0 1 0 0 0 0 0 0 0
277.698 1 0 0 0 0 0 0 0 0
279.47 0 1 0 0 0 0 0 0 0
280.357 1 0 0 0 0 0 0 0 0
280.429 0 1 0 0 0 0 0 0 0
280.675 1 0 1 0 0 0 0 0 0
280.747 0 1 0 0 0 0 0 0 0
281.046 1 0 0 0 0 0 0 0 0
281.129 0 1 0 0 0 0 0 0 0
282.561 1 0 0 0 0 0 0 0 0
283.376 0 1 0 0 0 0 0 0 0
283.767 1 0 0 0 0 0 0 0 0
284.395 0 1 0 0 0 0 0 0 0
284.869 1 0 0 0 0 0 0 0 0
285.581 0 1 0 0 0 0 0 0 0
286.24 1 0 0 0 0 0 0 0 0
287.076 0 1 0 0 0 0 0 0 0
287.828 0 0 0 1 0 0 0 0 0
289.816 0 0 0 0 1 0 0 0 0
290.744 1 0 0 0 0 0 0 0 0
291.764 0 1 0 0 0 0 0 0 0
292.361 1 0 0 0 0 0 0 0 0
293.031 0 1 0 0 0 0 0 0 0
293.505 1 0 0 0 0 0 0 0 0
293.917 0 1 0 0 0 0 0 0 0
294.154 0 0 0 1 0 0 0 0 0
297.431 0 0 0 0 1 0 0 0 0
298.287 1 0 0 0 0 0 0 0 0
298.339 0 1 0 0 0 0 0 0 0
298.565 1 0 1 0 0 0 0 0 0
298.668 0 1 0 0 0 0 0 0 0
301.007 1 0 0 0 0 0 0 0 0
301.719 0 1 0 0 0 0 0 0 0
303.151 0 0 0 1 0 0 0 0 0
306.036 0 0 0 0 1 0 0 0 0
306.397 1 0 0 0 0 0 0 0 0
306.48 0 1 0 0 0 0 0 0 0
307.015 1 0 0 0 0 0 0 0 0
308.736 0 1 0 0 0 0 0 0 0
309.622 1 0 0 0 0 0 0 0 0
310.962 0 1 0 0 0 0 0 0 0
312.528 1 0 0 0 0 0 0 0 0
313.559 0 1 0 0 0 0 0 0 0
314.322 1 0 0 0 0 0 0 0 0
315.146 0 1 0 0 0 0 0 0 0
315.805 1 0 0 0 0 0 0 0 0
316.507 0 1 0 0 0 0 0 0 0
317 1 0 0 0 0 0 0 0 0
317.475 0 1 0 0 0 0 0 0 0
317.99 1 0 0 0 0 0 0 0 0
318.681 0 1 0 0 0 0 0 0 0
319.485 1 0 0 0 0 0 0 0 0
320.113 0 1 0 0 0 0 0 0 0
320.607 1 0 0 0 0 0 0 0 0
321.236 0 1 0 0 0 0 0 0 0
321.906 1 0 0 0 0 0 0 0 0
321.999 0 1 0 0 0 0 0 0 0
322.072 1 0 1 0 0 0 0 0 0
322.175 0 1 0 0 0 0 0 0 0
330.687 1 0 0 0 0 0 0 0 0
331.202 0 1 0 0 0 0 0 0 0
331.655 1 0 0 0 0 0 0 0 0
332.129 0 1 0 0 0 0 0 0 0
332.768 1 0 0 0 0 0 0 0 0
333.624 0 1 0 0 0 0 0 0 0
334.51 1 0 0 0 0 0 0 0 0
335.901 0 1 0 0 0 0 0 0 0
336.478 1 0 0 0 0 0 0 0 0
336.911 0 1 0 0 0 0 0 0 0
337.138 1 0 0 0 0 0 0 0 0
337.189 0 1 0 0 0 0 0 0 0
337.292 1 0 1 0 0 0 0 0 0
337.385 0 1 0 0 0 0 0 0 0
338.777 1 0 0 0 0 0 0 0 0
339.487 0 1 0 0 0 0 0 0 0
339.93 1 0 0 0 0 0 0 0 0
340.621 0 1 0 0 0 0 0 0 0
341.023 1 0 0 0 0 0 0 0 0
341.806 0 1 0 0 0 0 0 0 0
342.332 1 0 0 0 0 0 0 0 0
342.929 0 1 0 0 0 0 0 0 0
343.506 1 0 0 0 0 0 0 0 0
343.609 0 1 0 0 0 0 0 0 0
343.754 1 0 1 0 0 0 0 0 0
346.104 0 1 0 0 0 0 0 0 0
346.382 0 0 0 1 0 0 0 0 0
349.277 0 0 0 0 1 0 0 0 0
350.04 0 0 0 1 0 0 0 0 0
350.339 0 0 0 0 1 0 0 0 0
351.102 1 0 0 0 0 0 0 0 0
351.658 0 1 0 0 0 0 0 0 0
353.39 1 0 0 0 0 0 0 0 0
353.802 0 1 0 0 0 0 0 0 0
354.07 0 0 0 1 0 0 0 0 0
357.172 0 0 0 0 1 0 0 0 0
357.708 1 0 0 0 0 0 0 0 0
358.594 0 1 0 0 0 0 0 0 0
359.408 1 0 0 0 0 0 0 0 0
359.82 0 1 0 0 0 0 0 0 0
