2.99111 0 0 0 0 0 1 0 0 0
5.27937 0 0 0 0 0 0 1 0 0
34.7839 0 0 0 1 0 0 0 0 0
39.9166 0 0 0 0 1 0 0 0 0
43.1938 1 0 0 0 0 0 0 0 0
44.0696 0 1 0 0 0 0 0 0 0
44.5844 1 0 0 0 0 0 0 0 0
46.2749 0 1 0 0 0 0 0 0 0
46.6769 1 0 0 0 0 0 0 0 0
47.6656 0 1 0 0 0 0 0 0 0
47.9546 0 0 0 1 0 0 0 0 0
49.8921 0 0 0 0 1 0 0 0 0
50.3039 1 0 0 0 0 0 0 0 0
51.8915 0 1 0 0 0 0 0 0 0
52.3554 1 0 0 0 0 0 0 0 0
53.3651 0 1 0 0 0 0 0 0 0
54.097 1 0 0 0 0 0 0 0 0
55.4986 0 1 0 0 0 0 0 0 0
55.8586 1 0 0 0 0 0 0 0 0
55.9415 0 1 0 0 0 0 0 0 0
56.2094 1 0 1 0 0 0 0 0 0
56.3124 0 1 0 0 0 0 0 0 0
59.1157 1 0 0 0 0 0 0 0 0
59.6825 0 1 0 0 0 0 0 0 0
60.0845 1 0 0 0 0 0 0 0 0
61.1672 0 1 0 0 0 0 0 0 0
62.6918 1 0 0 0 0 0 0 0 0
63.3516 0 1 0 0 0 0 0 0 0
63.6195 1 0 0 0 0 0 0 0 0
64.2794 0 1 0 0 0 0 0 0 0
64.9592 1 0 0 0 0 0 0 0 0
65.6401 0 1 0 0 0 0 0 0 0
67.1547 1 0 0 0 0 0 0 0 0
69.2781 0 1 0 0 0 0 0 0 0
70.5558 1 0 0 0 0 0 0 0 0
72.2664 0 1 0 0 0 0 0 0 0
73.2251 1 0 0 0 0 0 0 0 0
73.2771 0 1 0 0 0 0 0 0 0
73.3691 1 0 1 0 0 0 0 0 0
73.452 0 1 0 0 0 0 0 0 0
74.7707 1 0 0 0 0 0 0 0 0
77.481 0 1 0 0 0 0 0 0 0
77.9659 1 0 0 0 0 0 0 0 0
79.0886 0 1 0 0 0 0 0 0 0
79.4705 1 0 0 0 0 0 0 0 0
80.3363 0 1 0 0 0 0 0 0 0
80.5523 0 0 0 1 0 0 0 0 0
85.489 0 0 0 0 1 0 0 0 0
86.6947 1 0 0 0 0 0 0 0 0
87.2515 0 1 0 0 0 0 0 0 0
92.1883 1 0 0 0 0 0 0 0 0
93.6419 0 1 0 0 0 0 0 0 0
94.7336 1 0 0 0 0 0 0 0 0
96.0843 0 1 0 0 0 0 0 0 0
96.4032 0 0 0 1 0 0 0 0 0
98.9186 0 0 0 0 1 0 0 0 0
99.0625 1 0 0 0 0 0 0 0 0
99.2485 0 1 0 0 0 0 0 0 0
99.5574 0 0 0 1 0 0 0 0 0
102.536 0 0 0 0 1 0 0 0 0
103.308 1 0 0 0 0 0 0 0 0
105.896 0 1 0 0 0 0 0 0 0
106.493 1 0 0 0 0 0 0 0 0
107.193 0 1 0 0 0 0 0 0 0
107.399 0 0 0 1 0 0 0 0 0
109.317 0 0 0 0 1 0 0 0 0
110.08 1 0 0 0 0 0 0 0 0
111.202 0 1 0 0 0 0 0 0 0
111.986 1 0 0 0 0 0 0 0 0
112.8 0 1 0 0 0 0 0 0 0
113.202 1 0 0 0 0 0 0 0 0
114.388 0 1 0 0 0 0 0 0 0
114.686 1 0 0 0 0 0 0 0 0
115.005 0 1 0 0 0 0 0 0 0
115.335 1 0 0 0 0 0 0 0 0
115.376 0 1 0 0 0 0 0 0 0
115.489 1 0 1 0 0 0 0 0 0
115.541 0 1 0 0 0 0 0 0 0
117.634 1 0 0 0 0 0 0 0 0
118.942 0 1 0 0 0 0 0 0 0
119.632 1 0 0 0 0 0 0 0 0
121.302 0 1 0 0 0 0 0 0 0
121.931 1 0 0 0 0 0 0 0 0
123.435 0 1 0 0 0 0 0 0 0
123.724 1 0 0 0 0 0 0 0 0
124.323 0 1 0 0 0 0 0 0 0
125.053 0 0 0 0 0 1 0 0 0
128.475 0 0 0 0 0 0 1 0 0
135.627 0 0 0 0 0 1 0 0 0
138.307 0 0 0 0 0 0 1 0 0
143.417 0 0 0 0 0 1 0 0 0
145.469 0 0 0 0 0 0 1 0 0
147.859 0 0 0 0 0 1 0 0 0
150.476 0 0 0 0 0 0 1 0 0
174.682 0 0 0 1 0 0 0 0 0
177.602 0 0 0 0 1 0 0 0 0
178.621 0 0 0 1 0 0 0 0 0
179.538 0 0 0 0 1 0 0 0 0
179.847 1 0 0 0 0 0 0 0 0
180.332 0 1 0 0 0 0 0 0 0
180.641 1 0 0 0 0 0 0 0 0
181.053 0 1 0 0 0 0 0 0 0
181.373 1 0 0 0 0 0 0 0 0
181.744 0 1 0 0 0 0 0 0 0
182.032 1 0 0 0 0 0 0 0 0
182.527 0 1 0 0 0 0 0 0 0
183.167 1 0 0 0 0 0 0 0 0
183.65 0 1 0 0 0 0 0 0 0
184.3 0 0 0 1 0 0 0 0 0
186.237 0 0 0 0 1 0 0 0 0
186.649 1 0 0 0 0 0 0 0 0
187.638 0 1 0 0 0 0 0 0 0
188.082 0 0 0 1 0 0 0 0 0
188.69 0 0 0 0 1 0 0 0 0
189.051 1 0 0 0 0 0 0 0 0
189.895 0 1 0 0 0 0 0 0 0
190.215 1 0 0 0 0 0 0 0 0
190.441 0 1 0 0 0 0 0 0 0
190.957 0 0 0 1 0 0 0 0 0
192.215 0 0 0 0 1 0 0 0 0
192.421 1 0 0 0 0 0 0 0 0
192.514 0 1 0 0 0 0 0 0 0
192.586 1 0 1 0 0 0 0 0 0
192.689 0 1 0 0 0 0 0 0 0
193.822 0 0 0 1 0 0 0 0 0
196.852 0 0 0 0 1 0 0 0 0
197.162 1 0 0 0 0 0 0 0 0
198.449 0 1 0 0 0 0 0 0 0
198.779 1 0 0 0 0 0 0 0 0
199.181 0 1 0 0 0 0 0 0 0
199.356 0 0 0 1 0 0 0 0 0
201.499 0 0 0 0 1 0 0 0 0
206.2 1 0 0 0 0 0 0 0 0
207.127 0 1 0 0 0 0 0 0 0
208.199 1 0 0 0 0 0 0 0 0
208.683 0 1 0 0 0 0 0 0 0
209.229 1 0 0 0 0 0 0 0 0
209.311 0 1 0 0 0 0 0 0 0
209.394 1 0 1 0 0 0 0 0 0
209.476 0 1 0 0 0 0 0 0 0
211.445 1 0 0 0 0 0 0 0 0
212.826 0 1 0 0 0 0 0 0 0
213.258 1 0 0 0 0 0 0 0 0
214.722 0 1 0 0 0 0 0 0 0
215.887 0 0 0 1 0 0 0 0 0
217.391 0 0 0 0 1 0 0 0 0
218.308 1 0 0 0 0 0 0 0 0
218.968 0 1 0 0 0 0 0 0 0
219.339 1 0 0 0 0 0 0 0 0
220.977 0 1 0 0 0 0 0 0 0
221.523 1 0 0 0 0 0 0 0 0
222.904 0 1 0 0 0 0 0 0 0
223.461 1 0 0 0 0 0 0 0 0
224.502 0 1 0 0 0 0 0 0 0
224.811 0 0 0 1 0 0 0 0 0
226.697 0 0 0 0 1 0 0 0 0
230.829 1 0 0 0 0 0 0 0 0
231.891 0 1 0 0 0 0 0 0 0
232.51 1 0 0 0 0 0 0 0 0
233.179 0 1 0 0 0 0 0 0 0
234.014 1 0 0 0 0 0 0 0 0
234.086 0 1 0 0 0 0 0 0 0
234.189 1 0 1 0 0 0 0 0 0
234.261 0 1 0 0 0 0 0 0 0
235.498 1 0 0 0 0 0 0 0 0
236.292 0 1 0 0 0 0 0 0 0
236.662 1 0 0 0 0 0 0 0 0
237.384 0 1 0 0 0 0 0 0 0
237.672 1 0 0 0 0 0 0 0 0
238.775 0 1 0 0 0 0 0 0 0
239.147 1 0 0 0 0 0 0 0 0
239.95 0 1 0 0 0 0 0 0 0
240.249 1 0 0 0 0 0 0 0 0
240.898 0 1 0 0 0 0 0 0 0
241.723 1 0 0 0 0 0 0 0 0
242.568 0 1 0 0 0 0 0 0 0
243.578 1 0 0 0 0 0 0 0 0
243.671 0 1 0 0 0 0 0 0 0
243.764 1 0 1 0 0 0 0 0 0
243.846 0 1 0 0 0 0 0 0 0
245.278 0 0 0 0 0 1 0 0 0
248.566 0 0 0 0 0 0 1 0 0
278.884 0 0 0 1 0 0 0 0 0
280.429 0 0 0 0 1 0 0 0 0
283.037 1 0 0 0 0 0 0 0 0
283.749 0 1 0 0 0 0 0 0 0
284.324 1 0 0 0 0 0 0 0 0
285.603 0 1 0 0 0 0 0 0 0
286.036 0 0 0 1 0 0 0 0 0
287.191 0 0 0 0 1 0 0 0 0
287.49 1 0 0 0 0 0 0 0 0
288.117 0 1 0 0 0 0 0 0 0
288.57 1 0 0 0 0 0 0 0 0
290.467 0 1 0 0 0 0 0 0 0
290.982 1 0 0 0 0 0 0 0 0
292.507 0 1 0 0 0 0 0 0 0
293.259 1 0 0 0 0 0 0 0 0
294.156 0 1 0 0 0 0 0 0 0
294.61 1 0 0 0 0 0 0 0 0
295.465 0 1 0 0 0 0 0 0 0
295.866 1 0 0 0 0 0 0 0 0
297.062 0 1 0 0 0 0 0 0 0
297.598 0 0 0 1 0 0 0 0 0
299.638 0 0 0 0 1 0 0 0 0
300.483 1 0 0 0 0 0 0 0 0
302.617 0 1 0 0 0 0 0 0 0
303.091 1 0 0 0 0 0 0 0 0
303.997 0 1 0 0 0 0 0 0 0
304.337 1 0 0 0 0 0 0 0 0
305.491 0 1 0 0 0 0 0 0 0
305.801 1 0 0 0 0 0 0 0 0
309.953 0 1 0 0 0 0 0 0 0
310.531 1 0 0 0 0 0 0 0 0
310.654 0 1 0 0 0 0 0 0 0
310.768 1 0 1 0 0 0 0 0 0
310.86 0 1 0 0 0 0 0 0 0
311.766 1 0 0 0 0 0 0 0 0
311.87 0 1 0 0 0 0 0 0 0
311.952 1 0 1 0 0 0 0 0 0
312.024 0 1 0 0 0 0 0 0 0
312.941 1 0 0 0 0 0 0 0 0
313.725 0 1 0 0 0 0 0 0 0
313.931 1 0 0 0 0 0 0 0 0
314.343 0 1 0 0 0 0 0 0 0
314.632 1 0 0 0 0 0 0 0 0
315.168 0 1 0 0 0 0 0 0 0
315.507 1 0 0 0 0 0 0 0 0
315.981 0 1 0 0 0 0 0 0 0
316.228 1 0 0 0 0 0 0 0 0
316.703 0 1 0 0 0 0 0 0 0
317.393 0 0 0 1 0 0 0 0 0
318.537 0 0 0 0 1 0 0 0 0
318.846 1 0 0 0 0 0 0 0 0
319.516 0 1 0 0 0 0 0 0 0
319.804 1 0 0 0 0 0 0 0 0
320.412 0 1 0 0 0 0 0 0 0
320.649 1 0 0 0 0 0 0 0 0
321.154 0 1 0 0 0 0 0 0 0
321.433 1 0 0 0 0 0 0 0 0
321.546 0 1 0 0 0 0 0 0 0
322.051 1 0 0 0 0 0 0 0 0
322.515 0 1 0 0 0 0 0 0 0
322.824 0 0 0 1 0 0 0 0 0
328.368 0 0 0 0 1 0 0 0 0
329.048 1 0 0 0 0 0 0 0 0
329.914 0 1 0 0 0 0 0 0 0
330.502 1 0 0 0 0 0 0 0 0
330.779 0 1 0 0 0 0 0 0 0
331.284 1 0 0 0 0 0 0 0 0
332.551 0 1 0 0 0 0 0 0 0
335.386 1 0 0 0 0 0 0 0 0
335.663 0 1 0 0 0 0 0 0 0
335.962 1 0 0 0 0 0 0 0 0
336.797 0 1 0 0 0 0 0 0 0
337.025 0 0 0 1 0 0 0 0 0
338.694 0 0 0 0 1 0 0 0 0
339.033 0 0 0 1 0 0 0 0 0
339.6 0 0 0 0 1 0 0 0 0
340.106 1 0 0 0 0 0 0 0 0
340.218 0 1 0 0 0 0 0 0 0
340.311 1 0 1 0 0 0 0 0 0
340.394 0 1 0 0 0 0 0 0 0
347.143 1 0 0 0 0 0 0 0 0
348.143 0 1 0 0 0 0 0 0 0
348.555 1 0 0 0 0 0 0 0 0
348.926 0 1 0 0 0 0 0 0 0
