194.457 0 0 0 0 0 1 0 0 0
194.705 0 0 0 0 0 0 1 0 0
203.609 0 0 0 0 0 1 0 0 0
207.979 0 0 0 0 0 0 1 0 0
212.38 0 0 0 0 0 1 0 0 0
216.49 0 0 0 0 0 0 1 0 0
248.653 0 0 0 0 0 1 0 0 0
251.169 0 0 0 0 0 0 1 0 0
257.249 0 0 0 0 0 1 0 0 0
259.732 0 0 0 0 0 0 1 0 0
426.851 1 0 0 0 0 0 0 0 0
434.868 0 1 0 0 0 0 0 0 0
447.328 1 0 0 0 0 0 0 0 0
449.945 0 1 0 0 0 0 0 0 0
459.025 1 0 0 0 0 0 0 0 0
460.22 0 1 0 0 0 0 0 0 0
461.868 1 0 0 0 0 0 0 0 0
470.206 0 1 0 0 0 0 0 0 0
473.947 1 0 0 0 0 0 0 0 0
474.04 0 1 0 0 0 0 0 0 0
476.452 1 0 0 0 0 0 0 0 0
476.514 0 1 0 0 0 0 0 0 0
476.606 1 0 1 0 0 0 0 0 0
476.688 0 1 0 0 0 0 0 0 0
519.179 0 0 0 1 0 0 0 0 0
523.146 0 0 0 0 1 0 0 0 0
527.166 0 0 0 1 0 0 0 0 0
535.122 0 0 0 0 1 0 0 0 0
540.799 0 0 0 1 0 0 0 0 0
553.021 0 0 0 0 1 0 0 0 0
553.805 0 0 0 1 0 0 0 0 0
561.245 0 0 0 0 1 0 0 0 0
563.554 0 0 0 1 0 0 0 0 0
570.797 0 0 0 0 1 0 0 0 0
578.464 0 0 0 1 0 0 0 0 0
580.897 0 0 0 0 1 0 0 0 0
584.05 1 0 0 0 0 0 0 0 0
587.348 0 1 0 0 0 0 0 0 0
588.389 0 0 0 1 0 0 0 0 0
593.798 0 0 0 0 1 0 0 0 0
597.282 1 0 0 0 0 0 0 0 0
600.786 0 1 0 0 0 0 0 0 0
601.599 1 0 0 0 0 0 0 0 0
604.383 0 1 0 0 0 0 0 0 0
605.639 0 0 0 1 0 0 0 0 0
606.618 0 0 0 0 1 0 0 0 0
608.206 0 0 0 1 0 0 0 0 0
612.101 0 0 0 0 1 0 0 0 0
616.1 1 0 0 0 0 0 0 0 0
619.397 0 1 0 0 0 0 0 0 0
620.067 0 0 0 1 0 0 0 0 0
626.136 0 0 0 0 1 0 0 0 0
647.573 1 0 0 0 0 0 0 0 0
649.808 0 1 0 0 0 0 0 0 0
651.148 1 0 0 0 0 0 0 0 0
653.085 0 1 0 0 0 0 0 0 0
654.837 0 0 0 1 0 0 0 0 0
658.052 0 0 0 0 1 0 0 0 0
679.211 1 0 0 0 0 0 0 0 0
681.106 0 1 0 0 0 0 0 0 0
681.353 0 0 0 1 0 0 0 0 0
686.476 0 0 0 0 1 0 0 0 0
687.011 1 0 0 0 0 0 0 0 0
690.278 0 1 0 0 0 0 0 0 0
691.937 0 0 0 1 0 0 0 0 0
696.791 0 0 0 0 1 0 0 0 0
699.048 1 0 0 0 0 0 0 0 0
701.903 0 1 0 0 0 0 0 0 0
702.593 1 0 0 0 0 0 0 0 0
705.365 0 1 0 0 0 0 0 0 0
706.262 1 0 0 0 0 0 0 0 0
707.766 0 1 0 0 0 0 0 0 0
709.075 1 0 0 0 0 0 0 0 0
712.197 0 1 0 0 0 0 0 0 0
713.764 1 0 0 0 0 0 0 0 0
715.588 0 1 0 0 0 0 0 0 0
718.474 1 0 0 0 0 0 0 0 0
718.865 0 1 0 0 0 0 0 0 0
790.747 1 0 0 0 0 0 0 0 0
805.463 0 1 0 0 0 0 0 0 0
807.586 1 0 0 0 0 0 0 0 0
808.636 0 1 0 0 0 0 0 0 0
810.894 0 0 0 1 0 0 0 0 0
812.141 0 0 0 0 1 0 0 0 0
812.459 1 0 0 0 0 0 0 0 0
824.341 0 1 0 0 0 0 0 0 0
825.31 0 0 0 1 0 0 0 0 0
831.762 0 0 0 0 1 0 0 0 0
832.792 1 0 0 0 0 0 0 0 0
834.822 0 1 0 0 0 0 0 0 0
837.192 1 0 0 0 0 0 0 0 0
841.829 0 1 0 0 0 0 0 0 0
843.242 0 0 0 1 0 0 0 0 0
847.374 0 0 0 0 1 0 0 0 0
847.713 1 0 0 0 0 0 0 0 0
848.795 0 1 0 0 0 0 0 0 0
849.538 0 0 0 1 0 0 0 0 0
851.548 0 0 0 0 1 0 0 0 0
851.887 1 0 0 0 0 0 0 0 0
853.721 0 1 0 0 0 0 0 0 0
854.391 1 0 0 0 0 0 0 0 0
857.019 0 1 0 0 0 0 0 0 0
857.534 0 0 0 1 0 0 0 0 0
859.832 0 0 0 0 1 0 0 0 0
860.213 1 0 0 0 0 0 0 0 0
862.986 0 1 0 0 0 0 0 0 0
863.5 1 0 0 0 0 0 0 0 0
867.777 0 1 0 0 0 0 0 0 0
868.983 1 0 0 0 0 0 0 0 0
871.003 0 1 0 0 0 0 0 0 0
871.559 1 0 0 0 0 0 0 0 0
872.806 0 1 0 0 0 0 0 0 0
873.208 0 0 0 1 0 0 0 0 0
874.095 0 0 0 0 1 0 0 0 0
875.177 1 0 0 0 0 0 0 0 0
878.897 0 1 0 0 0 0 0 0 0
879.206 0 0 0 1 0 0 0 0 0
881.741 0 0 0 0 1 0 0 0 0
881.783 0 0 0 1 0 0 0 0 0
882.824 0 0 0 0 1 0 0 0 0
883.276 1 0 0 0 0 0 0 0 0
887.656 0 1 0 0 0 0 0 0 0
888.161 1 0 0 0 0 0 0 0 0
890.119 0 1 0 0 0 0 0 0 0
890.336 0 0 0 1 0 0 0 0 0
898.374 0 0 0 0 1 0 0 0 0
899.022 0 0 0 1 0 0 0 0 0
900.238 0 0 0 0 1 0 0 0 0
901.836 0 0 0 1 0 0 0 0 0
903.144 0 0 0 0 1 0 0 0 0
904.969 1 0 0 0 0 0 0 0 0
907.699 0 1 0 0 0 0 0 0 0
910.203 1 0 0 0 0 0 0 0 0
910.286 0 1 0 0 0 0 0 0 0
910.368 1 0 1 0 0 0 0 0 0
910.45 0 1 0 0 0 0 0 0 0
1128.6 0 0 0 0 0 1 0 0 0
1134.05 0 0 0 0 0 0 1 0 0
1152.73 0 0 0 1 0 0 0 0 0
1154.56 0 0 0 0 1 0 0 0 0
1155.52 1 0 0 0 0 0 0 0 0
1157.65 0 1 0 0 0 0 0 0 0
1157.93 0 0 0 1 0 0 0 0 0
1159.97 0 0 0 0 1 0 0 0 0
1160.31 1 0 0 0 0 0 0 0 0
1161.87 0 1 0 0 0 0 0 0 0
1162.32 0 0 0 1 0 0 0 0 0
1163.75 0 0 0 0 1 0 0 0 0
1164.36 1 0 0 0 0 0 0 0 0
1165.62 0 1 0 0 0 0 0 0 0
1165.87 1 0 0 0 0 0 0 0 0
1166.52 0 1 0 0 0 0 0 0 0
1166.75 0 0 0 1 0 0 0 0 0
1171.7 0 0 0 0 1 0 0 0 0
1172.27 1 0 0 0 0 0 0 0 0
1173.89 0 1 0 0 0 0 0 0 0
1174.16 1 0 0 0 0 0 0 0 0
1175 0 1 0 0 0 0 0 0 0
1175.32 0 0 0 1 0 0 0 0 0
1176.99 0 0 0 0 1 0 0 0 0
1177.42 1 0 0 0 0 0 0 0 0
1179.22 0 1 0 0 0 0 0 0 0
1179.94 1 0 0 0 0 0 0 0 0
1180.02 0 1 0 0 0 0 0 0 0
1180.1 1 0 1 0 0 0 0 0 0
1180.19 0 1 0 0 0 0 0 0 0
1181.39 1 0 0 0 0 0 0 0 0
1182.11 0 1 0 0 0 0 0 0 0
1182.31 0 0 0 1 0 0 0 0 0
1183.6 0 0 0 0 1 0 0 0 0
1183.97 1 0 0 0 0 0 0 0 0
1184.46 0 1 0 0 0 0 0 0 0
1184.9 1 0 0 0 0 0 0 0 0
1185.85 0 1 0 0 0 0 0 0 0
1186.21 1 0 0 0 0 0 0 0 0
1186.84 0 1 0 0 0 0 0 0 0
1187.5 1 0 0 0 0 0 0 0 0
1188.7 0 1 0 0 0 0 0 0 0
1189.37 1 0 0 0 0 0 0 0 0
1189.44 0 1 0 0 0 0 0 0 0
1189.83 0 0 0 1 0 0 0 0 0
1190.77 0 0 0 0 1 0 0 0 0
1191.54 0 0 0 1 0 0 0 0 0
1191.93 0 0 0 0 1 0 0 0 0
1193.06 1 0 0 0 0 0 0 0 0
1193.15 0 1 0 0 0 0 0 0 0
1193.23 1 0 1 0 0 0 0 0 0
1193.33 0 1 0 0 0 0 0 0 0
1198.61 0 0 0 0 0 1 0 0 0
1198.74 0 0 0 0 0 0 1 0 0
1214.98 0 0 0 0 0 1 0 0 0
1217.39 0 0 0 0 0 0 1 0 0
1237.29 1 0 0 0 0 0 0 0 0
1237.4 0 1 0 0 0 0 0 0 0
1237.52 1 0 1 0 0 0 0 0 0
1237.56 0 1 0 0 0 0 0 0 0
1239.51 0 0 0 1 0 0 0 0 0
1244.79 0 0 0 0 1 0 0 0 0
1245.62 1 0 0 0 0 0 0 0 0
1246.34 0 1 0 0 0 0 0 0 0
1246.5 1 0 0 0 0 0 0 0 0
1247.3 0 1 0 0 0 0 0 0 0
1247.5 1 0 0 0 0 0 0 0 0
1248.5 0 1 0 0 0 0 0 0 0
1248.89 0 0 0 1 0 0 0 0 0
1252.43 0 0 0 0 1 0 0 0 0
1254.78 0 0 0 1 0 0 0 0 0
1256.94 0 0 0 0 1 0 0 0 0
1257.38 0 0 0 1 0 0 0 0 0
1258.69 0 0 0 0 1 0 0 0 0
1259.03 1 0 0 0 0 0 0 0 0
1259.9 0 1 0 0 0 0 0 0 0
1260.5 1 0 0 0 0 0 0 0 0
1261.92 0 1 0 0 0 0 0 0 0
1266.25 1 0 0 0 0 0 0 0 0
1267.18 0 1 0 0 0 0 0 0 0
1267.79 1 0 0 0 0 0 0 0 0
1269.31 0 1 0 0 0 0 0 0 0
1271.8 0 0 0 1 0 0 0 0 0
1274.52 0 0 0 0 1 0 0 0 0
1276.99 1 0 0 0 0 0 0 0 0
1278.52 0 1 0 0 0 0 0 0 0
1278.94 1 0 0 0 0 0 0 0 0
1279.54 0 1 0 0 0 0 0 0 0
1282.48 0 0 0 1 0 0 0 0 0
1283.05 0 0 0 0 1 0 0 0 0
1287.19 1 0 0 0 0 0 0 0 0
1288.21 0 1 0 0 0 0 0 0 0
1289.11 1 0 0 0 0 0 0 0 0
1290.46 0 1 0 0 0 0 0 0 0
1311.81 1 0 0 0 0 0 0 0 0
1312.78 0 1 0 0 0 0 0 0 0
1313.12 0 0 0 1 0 0 0 0 0
1317.91 0 0 0 0 1 0 0 0 0
1318.45 1 0 0 0 0 0 0 0 0
1319.71 0 1 0 0 0 0 0 0 0
1321.37 1 0 0 0 0 0 0 0 0
1322.68 0 1 0 0 0 0 0 0 0
1323.46 1 0 0 0 0 0 0 0 0
1324.75 0 1 0 0 0 0 0 0 0
1325.44 1 0 0 0 0 0 0 0 0
1326.31 0 1 0 0 0 0 0 0 0
1327.11 1 0 0 0 0 0 0 0 0
1330.2 0 1 0 0 0 0 0 0 0
1332.24 1 0 0 0 0 0 0 0 0
1334.41 0 1 0 0 0 0 0 0 0
1342.34 1 0 0 0 0 0 0 0 0
1343.36 0 1 0 0 0 0 0 0 0
1343.79 1 0 0 0 0 0 0 0 0
1344.91 0 1 0 0 0 0 0 0 0
1345.17 0 0 0 1 0 0 0 0 0
1348.72 0 0 0 0 1 0 0 0 0
1348.99 1 0 0 0 0 0 0 0 0
1349.86 0 1 0 0 0 0 0 0 0
1350.34 1 0 0 0 0 0 0 0 0
1352.28 0 1 0 0 0 0 0 0 0
1353.12 1 0 0 0 0 0 0 0 0
1354.31 0 1 0 0 0 0 0 0 0
1354.59 0 0 0 1 0 0 0 0 0
1357.25 0 0 0 0 1 0 0 0 0
1357.53 1 0 0 0 0 0 0 0 0
1358.11 0 1 0 0 0 0 0 0 0
1366.81 1 0 0 0 0 0 0 0 0
1367.71 0 1 0 0 0 0 0 0 0
1367.96 1 0 0 0 0 0 0 0 0
1368.22 0 1 0 0 0 0 0 0 0
1368.55 1 0 0 0 0 0 0 0 0
1368.95 0 1 0 0 0 0 0 0 0
1369.39 1 0 0 0 0 0 0 0 0
1369.51 0 1 0 0 0 0 0 0 0
1369.85 1 0 1 0 0 0 0 0 0
1371.26 0 1 0 0 0 0 0 0 0
1371.61 1 0 0 0 0 0 0 0 0
1372.94 0 1 0 0 0 0 0 0 0
1373.28 0 0 0 1 0 0 0 0 0
1375.53 0 0 0 0 1 0 0 0 0
1375.98 1 0 0 0 0 0 0 0 0
1377.08 0 1 0 0 0 0 0 0 0
1379.16 1 0 0 0 0 0 0 0 0
1380.66 0 1 0 0 0 0 0 0 0
1386.59 1 0 0 0 0 0 0 0 0
1389.46 0 1 0 0 0 0 0 0 0
1390.02 1 0 0 0 0 0 0 0 0
1391.62 0 1 0 0 0 0 0 0 0
1395.66 0 0 0 1 0 0 0 0 0
1397.5 0 0 0 0 1 0 0 0 0
1397.96 1 0 0 0 0 0 0 0 0
1400.64 0 1 0 0 0 0 0 0 0
1401.44 1 0 0 0 0 0 0 0 0
1401.96 0 1 0 0 0 0 0 0 0
1402.54 0 0 0 1 0 0 0 0 0
1403.86 0 0 0 0 1 0 0 0 0
1403.96 0 0 0 1 0 0 0 0 0
1404.63 0 0 0 0 1 0 0 0 0
1405.82 1 0 0 0 0 0 0 0 0
1413.1 0 1 0 0 0 0 0 0 0
1413.91 1 0 0 0 0 0 0 0 0
1415.7 0 1 0 0 0 0 0 0 0
1416.1 1 0 0 0 0 0 0 0 0
1416.76 0 1 0 0 0 0 0 0 0
1417.39 1 0 0 0 0 0 0 0 0
1417.5 0 1 0 0 0 0 0 0 0
1417.79 0 0 0 1 0 0 0 0 0
1420.89 0 0 0 0 1 0 0 0 0
1421.34 1 0 0 0 0 0 0 0 0
1422.17 0 1 0 0 0 0 0 0 0
1426.55 1 0 0 0 0 0 0 0 0
1426.97 0 1 0 0 0 0 0 0 0
1428.11 1 0 0 0 0 0 0 0 0
1429.01 0 1 0 0 0 0 0 0 0
1433.18 1 0 0 0 0 0 0 0 0
1433.94 0 1 0 0 0 0 0 0 0
1434.39 1 0 0 0 0 0 0 0 0
1435.16 0 1 0 0 0 0 0 0 0
1435.8 1 0 0 0 0 0 0 0 0
1436.53 0 1 0 0 0 0 0 0 0
1437.64 1 0 0 0 0 0 0 0 0
1438.68 0 1 0 0 0 0 0 0 0
1439.32 1 0 0 0 0 0 0 0 0
1440.39 0 1 0 0 0 0 0 0 0
1441.36 1 0 0 0 0 0 0 0 0
1442.06 0 1 0 0 0 0 0 0 0
1442.44 1 0 0 0 0 0 0 0 0
1442.99 0 1 0 0 0 0 0 0 0
1443.46 0 0 0 1 0 0 0 0 0
1445.1 0 0 0 0 1 0 0 0 0
1462.86 1 0 0 0 0 0 0 0 0
1464.41 0 1 0 0 0 0 0 0 0
1464.74 1 0 0 0 0 0 0 0 0
1465.45 0 1 0 0 0 0 0 0 0
1466.9 1 0 0 0 0 0 0 0 0
1468.64 0 1 0 0 0 0 0 0 0
1469.13 0 0 0 1 0 0 0 0 0
1473.24 0 0 0 0 1 0 0 0 0
1473.74 0 0 0 1 0 0 0 0 0
1476.04 0 0 0 0 1 0 0 0 0
1476.52 1 0 0 0 0 0 0 0 0
1477.8 0 1 0 0 0 0 0 0 0
1478.18 1 0 0 0 0 0 0 0 0
1478.93 0 1 0 0 0 0 0 0 0
1479.51 1 0 0 0 0 0 0 0 0
1480.08 0 1 0 0 0 0 0 0 0
1480.95 1 0 0 0 0 0 0 0 0
1481.01 0 1 0 0 0 0 0 0 0
1481.11 1 0 1 0 0 0 0 0 0
1481.2 0 1 0 0 0 0 0 0 0
1483.9 1 0 0 0 0 0 0 0 0
1485.26 0 1 0 0 0 0 0 0 0
1485.81 1 0 0 0 0 0 0 0 0
1486.76 0 1 0 0 0 0 0 0 0
1487.19 1 0 0 0 0 0 0 0 0
1488.07 0 1 0 0 0 0 0 0 0
1488.84 1 0 0 0 0 0 0 0 0
1489.77 0 1 0 0 0 0 0 0 0
1490.04 0 0 0 1 0 0 0 0 0
1490.11 0 0 0 0 1 0 0 0 0
1490.26 0 0 0 1 0 0 0 0 0
1490.53 0 0 0 0 1 0 0 0 0
1490.57 0 0 0 1 0 0 0 0 0
1490.61 0 0 0 0 1 0 0 0 0
1491.43 0 0 0 1 0 0 0 0 0
1492.77 0 0 0 0 1 0 0 0 0
1493.73 1 0 0 0 0 0 0 0 0
1495.12 0 1 0 0 0 0 0 0 0
1495.53 1 0 0 0 0 0 0 0 0
1497.52 0 1 0 0 0 0 0 0 0
1497.9 1 0 0 0 0 0 0 0 0
1499 0 1 0 0 0 0 0 0 0
1508.22 1 0 0 0 0 0 0 0 0
1508.3 0 1 0 0 0 0 0 0 0
1508.36 1 0 1 0 0 0 0 0 0
1508.45 0 1 0 0 0 0 0 0 0
