4.76729 0 0 0 0 0 1 0 0 0
7.90052 0 0 0 0 0 0 1 0 0
18.8347 0 0 0 0 0 1 0 0 0
20.4733 0 0 0 0 0 0 1 0 0
45.7109 0 0 0 1 0 0 0 0 0
48.9161 0 0 0 0 1 0 0 0 0
49.4009 1 0 0 0 0 0 0 0 0
52.0903 0 1 0 0 0 0 0 0 0
52.5133 0 0 0 1 0 0 0 0 0
55.1825 0 0 0 0 1 0 0 0 0
55.7703 1 0 0 0 0 0 0 0 0
56.8211 0 1 0 0 0 0 0 0 0
59.5314 1 0 0 0 0 0 0 0 0
61.005 0 1 0 0 0 0 0 0 0
61.4169 0 0 0 1 0 0 0 0 0
66.6216 0 0 0 0 1 0 0 0 0
66.9735 1 0 0 0 0 0 0 0 0
67.8073 0 1 0 0 0 0 0 0 0
68.3021 1 0 0 0 0 0 0 0 0
69.2389 0 1 0 0 0 0 0 0 0
69.7448 1 0 0 0 0 0 0 0 0
70.1977 0 1 0 0 0 0 0 0 0
72.867 0 0 0 1 0 0 0 0 0
74.5875 0 0 0 0 1 0 0 0 0
74.6915 0 0 0 1 0 0 0 0 0
74.7935 0 0 0 0 1 0 0 0 0
75.2264 1 0 0 0 0 0 0 0 0
76.9789 0 1 0 0 0 0 0 0 0
77.3498 1 0 0 0 0 0 0 0 0
80.3381 0 1 0 0 0 0 0 0 0
80.9769 1 0 0 0 0 0 0 0 0
81.0699 0 1 0 0 0 0 0 0 0
81.1519 1 0 1 0 0 0 0 0 0
81.2448 0 1 0 0 0 0 0 0 0
84.0792 1 0 0 0 0 0 0 0 0
87.3973 0 1 0 0 0 0 0 0 0
87.9021 1 0 0 0 0 0 0 0 0
89.2108 0 1 0 0 0 0 0 0 0
89.8707 0 0 0 1 0 0 0 0 0
94.6524 0 0 0 0 1 0 0 0 0
95.2293 1 0 0 0 0 0 0 0 0
96.6729 0 1 0 0 0 0 0 0 0
97.5178 1 0 0 0 0 0 0 0 0
97.7856 0 1 0 0 0 0 0 0 0
98.1766 1 0 0 0 0 0 0 0 0
98.6094 0 1 0 0 0 0 0 0 0
98.7855 0 0 0 1 0 0 0 0 0
100.506 0 0 0 0 1 0 0 0 0
101.393 1 0 0 0 0 0 0 0 0
101.887 0 1 0 0 0 0 0 0 0
102.639 1 0 0 0 0 0 0 0 0
103.196 0 1 0 0 0 0 0 0 0
112.245 1 0 0 0 0 0 0 0 0
112.74 0 1 0 0 0 0 0 0 0
121.828 0 0 0 0 0 1 0 0 0
127.589 0 0 0 0 0 0 1 0 0
131.567 0 0 0 0 0 1 0 0 0
132.979 0 0 0 0 0 0 1 0 0
138.029 0 0 0 0 0 1 0 0 0
139.894 0 0 0 0 0 0 1 0 0
142.037 0 0 0 0 0 1 0 0 0
143.769 0 0 0 0 0 0 1 0 0
147.768 0 0 0 0 0 1 0 0 0
149.469 0 0 0 0 0 0 1 0 0
174.006 1 0 0 0 0 0 0 0 0
174.583 0 1 0 0 0 0 0 0 0
175.202 1 0 0 0 0 0 0 0 0
175.738 0 1 0 0 0 0 0 0 0
176.408 1 0 0 0 0 0 0 0 0
176.82 0 1 0 0 0 0 0 0 0
177.458 1 0 0 0 0 0 0 0 0
177.634 0 1 0 0 0 0 0 0 0
178.541 0 0 0 1 0 0 0 0 0
181.075 0 0 0 0 1 0 0 0 0
181.374 0 0 0 1 0 0 0 0 0
181.941 0 0 0 0 1 0 0 0 0
182.374 1 0 0 0 0 0 0 0 0
182.724 0 1 0 0 0 0 0 0 0
183.478 1 0 0 0 0 0 0 0 0
183.581 0 1 0 0 0 0 0 0 0
184.827 1 0 0 0 0 0 0 0 0
185.641 0 1 0 0 0 0 0 0 0
186.177 1 0 0 0 0 0 0 0 0
186.538 0 1 0 0 0 0 0 0 0
187.239 0 0 0 1 0 0 0 0 0
190.011 0 0 0 0 1 0 0 0 0
190.392 0 0 0 1 0 0 0 0 0
191.722 0 0 0 0 1 0 0 0 0
192.114 1 0 0 0 0 0 0 0 0
192.413 0 1 0 0 0 0 0 0 0
193.154 1 0 0 0 0 0 0 0 0
193.885 0 1 0 0 0 0 0 0 0
194.329 1 0 0 0 0 0 0 0 0
194.885 0 1 0 0 0 0 0 0 0
195.319 1 0 0 0 0 0 0 0 0
195.679 0 1 0 0 0 0 0 0 0
196.215 1 0 0 0 0 0 0 0 0
196.484 0 1 0 0 0 0 0 0 0
197.215 1 0 0 0 0 0 0 0 0
197.751 0 1 0 0 0 0 0 0 0
198.276 1 0 0 0 0 0 0 0 0
199.72 0 1 0 0 0 0 0 0 0
200.204 1 0 0 0 0 0 0 0 0
200.925 0 1 0 0 0 0 0 0 0
202.151 0 0 0 1 0 0 0 0 0
205.882 0 0 0 0 1 0 0 0 0
206.604 0 0 0 1 0 0 0 0 0
207.81 0 0 0 0 1 0 0 0 0
208.129 1 0 0 0 0 0 0 0 0
208.86 0 1 0 0 0 0 0 0 0
209.293 1 0 0 0 0 0 0 0 0
209.674 0 1 0 0 0 0 0 0 0
210.759 1 0 0 0 0 0 0 0 0
211.221 0 1 0 0 0 0 0 0 0
211.293 0 0 0 1 0 0 0 0 0
212.622 0 0 0 0 1 0 0 0 0
212.879 1 0 0 0 0 0 0 0 0
214.095 0 1 0 0 0 0 0 0 0
214.436 1 0 0 0 0 0 0 0 0
215.219 0 1 0 0 0 0 0 0 0
216.178 1 0 0 0 0 0 0 0 0
216.291 0 1 0 0 0 0 0 0 0
216.362 1 0 1 0 0 0 0 0 0
216.455 0 1 0 0 0 0 0 0 0
220.155 1 0 0 0 0 0 0 0 0
220.712 0 1 0 0 0 0 0 0 0
221.093 1 0 0 0 0 0 0 0 0
221.681 0 1 0 0 0 0 0 0 0
222.268 1 0 0 0 0 0 0 0 0
222.754 0 1 0 0 0 0 0 0 0
223.35 1 0 0 0 0 0 0 0 0
223.989 0 1 0 0 0 0 0 0 0
227.174 1 0 0 0 0 0 0 0 0
228.266 0 1 0 0 0 0 0 0 0
228.709 1 0 0 0 0 0 0 0 0
229.132 0 1 0 0 0 0 0 0 0
229.575 1 0 0 0 0 0 0 0 0
230.41 0 1 0 0 0 0 0 0 0
230.76 1 0 0 0 0 0 0 0 0
230.874 0 1 0 0 0 0 0 0 0
230.946 1 0 1 0 0 0 0 0 0
231.039 0 1 0 0 0 0 0 0 0
232.955 1 0 0 0 0 0 0 0 0
233.625 0 1 0 0 0 0 0 0 0
235.387 1 0 0 0 0 0 0 0 0
236.448 0 1 0 0 0 0 0 0 0
236.933 1 0 0 0 0 0 0 0 0
238.036 0 1 0 0 0 0 0 0 0
238.829 1 0 0 0 0 0 0 0 0
239.468 0 1 0 0 0 0 0 0 0
239.859 1 0 0 0 0 0 0 0 0
241.354 0 1 0 0 0 0 0 0 0
242.22 0 0 0 0 0 1 0 0 0
243.786 0 0 0 0 0 0 1 0 0
266.273 0 0 0 1 0 0 0 0 0
270.282 0 0 0 0 1 0 0 0 0
270.797 1 0 0 0 0 0 0 0 0
271.559 0 1 0 0 0 0 0 0 0
272.559 1 0 0 0 0 0 0 0 0
274.28 0 1 0 0 0 0 0 0 0
274.815 1 0 0 0 0 0 0 0 0
275.846 0 1 0 0 0 0 0 0 0
276.557 0 0 0 1 0 0 0 0 0
277.155 0 0 0 0 1 0 0 0 0
278.103 1 0 0 0 0 0 0 0 0
279.143 0 1 0 0 0 0 0 0 0
279.731 1 0 0 0 0 0 0 0 0
280.206 0 1 0 0 0 0 0 0 0
280.866 1 0 0 0 0 0 0 0 0
281.545 0 1 0 0 0 0 0 0 0
281.844 0 0 0 1 0 0 0 0 0
283.214 0 0 0 0 1 0 0 0 0
283.616 0 0 0 1 0 0 0 0 0
284.266 0 0 0 0 1 0 0 0 0
285.214 0 0 0 1 0 0 0 0 0
285.854 0 0 0 0 1 0 0 0 0
286.1 1 0 0 0 0 0 0 0 0
286.553 0 1 0 0 0 0 0 0 0
286.78 1 0 0 0 0 0 0 0 0
287.811 0 1 0 0 0 0 0 0 0
288.244 1 0 0 0 0 0 0 0 0
289.1 0 1 0 0 0 0 0 0 0
289.645 1 0 0 0 0 0 0 0 0
290.623 0 1 0 0 0 0 0 0 0
291.16 0 0 0 1 0 0 0 0 0
292.036 0 0 0 0 1 0 0 0 0
292.448 1 0 0 0 0 0 0 0 0
292.593 0 1 0 0 0 0 0 0 0
292.654 1 0 1 0 0 0 0 0 0
292.737 0 1 0 0 0 0 0 0 0
294.283 1 0 0 0 0 0 0 0 0
294.612 0 1 0 0 0 0 0 0 0
294.87 0 0 0 1 0 0 0 0 0
296.076 0 0 0 0 1 0 0 0 0
296.602 1 0 0 0 0 0 0 0 0
297.22 0 1 0 0 0 0 0 0 0
297.715 1 0 0 0 0 0 0 0 0
298.683 0 1 0 0 0 0 0 0 0
299.126 1 0 0 0 0 0 0 0 0
299.755 0 1 0 0 0 0 0 0 0
300.486 1 0 0 0 0 0 0 0 0
301.59 0 1 0 0 0 0 0 0 0
302.105 1 0 0 0 0 0 0 0 0
302.464 0 1 0 0 0 0 0 0 0
302.794 1 0 0 0 0 0 0 0 0
303.65 0 1 0 0 0 0 0 0 0
304.083 1 0 0 0 0 0 0 0 0
304.722 0 1 0 0 0 0 0 0 0
307.082 1 0 0 0 0 0 0 0 0
307.184 0 1 0 0 0 0 0 0 0
307.732 1 0 0 0 0 0 0 0 0
307.813 0 1 0 0 0 0 0 0 0
307.875 1 0 1 0 0 0 0 0 0
307.958 0 1 0 0 0 0 0 0 0
311.297 0 0 0 1 0 0 0 0 0
313.698 0 0 0 0 1 0 0 0 0
314.11 1 0 0 0 0 0 0 0 0
314.769 0 1 0 0 0 0 0 0 0
319.872 0 0 0 1 0 0 0 0 0
320.51 0 0 0 0 1 0 0 0 0
320.758 1 0 0 0 0 0 0 0 0
321.5 0 1 0 0 0 0 0 0 0
321.994 1 0 0 0 0 0 0 0 0
322.695 0 1 0 0 0 0 0 0 0
322.932 1 0 0 0 0 0 0 0 0
323.014 0 1 0 0 0 0 0 0 0
323.118 1 0 1 0 0 0 0 0 0
323.189 0 1 0 0 0 0 0 0 0
325.138 0 0 0 1 0 0 0 0 0
328.085 0 0 0 0 1 0 0 0 0
328.518 1 0 0 0 0 0 0 0 0
329.198 0 1 0 0 0 0 0 0 0
329.548 1 0 0 0 0 0 0 0 0
330.135 0 1 0 0 0 0 0 0 0
330.877 1 0 0 0 0 0 0 0 0
331.434 0 1 0 0 0 0 0 0 0
331.918 1 0 0 0 0 0 0 0 0
332.331 0 1 0 0 0 0 0 0 0
332.712 1 0 0 0 0 0 0 0 0
333.423 0 1 0 0 0 0 0 0 0
333.732 0 0 0 1 0 0 0 0 0
336.309 0 0 0 0 1 0 0 0 0
336.824 1 0 0 0 0 0 0 0 0
337.431 0 1 0 0 0 0 0 0 0
337.977 0 0 0 1 0 0 0 0 0
338.875 0 0 0 0 1 0 0 0 0
339.132 1 0 0 0 0 0 0 0 0
339.885 0 1 0 0 0 0 0 0 0
340.39 1 0 0 0 0 0 0 0 0
340.493 0 1 0 0 0 0 0 0 0
340.576 1 0 1 0 0 0 0 0 0
340.689 0 1 0 0 0 0 0 0 0
342.348 0 0 0 1 0 0 0 0 0
342.977 0 0 0 0 1 0 0 0 0
343.234 1 0 0 0 0 0 0 0 0
343.626 0 1 0 0 0 0 0 0 0
343.977 1 0 0 0 0 0 0 0 0
345.089 0 1 0 0 0 0 0 0 0
345.697 0 0 0 1 0 0 0 0 0
347.367 0 0 0 0 1 0 0 0 0
347.882 0 0 0 1 0 0 0 0 0
348.583 0 0 0 0 1 0 0 0 0
349.233 1 0 0 0 0 0 0 0 0
350.242 0 1 0 0 0 0 0 0 0
351.273 1 0 0 0 0 0 0 0 0
351.798 0 1 0 0 0 0 0 0 0
354.673 1 0 0 0 0 0 0 0 0
355.488 0 1 0 0 0 0 0 0 0
