2.89998 0 0 0 0 0 1 0 0 0
5.13642 0 0 0 0 0 0 1 0 0
32.4355 0 0 0 1 0 0 0 0 0
36.8454 0 0 0 0 1 0 0 0 0
39.6997 1 0 0 0 0 0 0 0 0
40.7714 0 1 0 0 0 0 0 0 0
40.9163 0 0 0 1 0 0 0 0 0
43.2858 0 0 0 0 1 0 0 0 0
43.6257 0 0 0 1 0 0 0 0 0
44.1825 0 0 0 0 1 0 0 0 0
44.8624 1 0 0 0 0 0 0 0 0
46.0271 0 1 0 0 0 0 0 0 0
46.6869 1 0 0 0 0 0 0 0 0
47.2638 0 1 0 0 0 0 0 0 0
47.5117 0 0 0 1 0 0 0 0 0
50.417 0 0 0 0 1 0 0 0 0
50.6539 1 0 0 0 0 0 0 0 0
51.3657 0 1 0 0 0 0 0 0 0
51.6536 1 0 0 0 0 0 0 0 0
52.9113 0 1 0 0 0 0 0 0 0
53.6221 1 0 0 0 0 0 0 0 0
53.7051 0 1 0 0 0 0 0 0 0
53.8081 1 0 1 0 0 0 0 0 0
53.9001 0 1 0 0 0 0 0 0 0
56.1365 1 0 0 0 0 0 0 0 0
57.0433 0 1 0 0 0 0 0 0 0
57.7441 1 0 0 0 0 0 0 0 0
58.1869 0 1 0 0 0 0 0 0 0
58.5379 1 0 0 0 0 0 0 0 0
59.2387 0 1 0 0 0 0 0 0 0
59.8156 1 0 0 0 0 0 0 0 0
60.8363 0 1 0 0 0 0 0 0 0
61.4441 0 0 0 1 0 0 0 0 0
64.9062 0 0 0 0 1 0 0 0 0
65.3391 1 0 0 0 0 0 0 0 0
66.03 0 1 0 0 0 0 0 0 0
67.1117 0 0 0 1 0 0 0 0 0
68.1014 0 0 0 0 1 0 0 0 0
68.9562 1 0 0 0 0 0 0 0 0
69.801 0 1 0 0 0 0 0 0 0
70.2349 1 0 0 0 0 0 0 0 0
72.0374 0 1 0 0 0 0 0 0 0
72.3573 1 0 0 0 0 0 0 0 0
72.9552 0 1 0 0 0 0 0 0 0
73.0062 0 0 0 1 0 0 0 0 0
75.3876 0 0 0 0 1 0 0 0 0
75.6655 1 0 0 0 0 0 0 0 0
76.3663 0 1 0 0 0 0 0 0 0
76.9122 1 0 0 0 0 0 0 0 0
77.5511 0 1 0 0 0 0 0 0 0
82.7757 0 0 0 0 0 1 0 0 0
85.1461 0 0 0 0 0 0 1 0 0
88.8871 0 0 0 0 0 1 0 0 0
90.1558 0 0 0 0 0 0 1 0 0
108.469 0 0 0 1 0 0 0 0 0
111.415 0 0 0 0 1 0 0 0 0
111.807 1 0 0 0 0 0 0 0 0
112.394 0 1 0 0 0 0 0 0 0
112.611 0 0 0 1 0 0 0 0 0
117.31 0 0 0 0 1 0 0 0 0
117.548 0 0 0 1 0 0 0 0 0
119.227 0 0 0 0 1 0 0 0 0
119.598 1 0 0 0 0 0 0 0 0
120.66 0 1 0 0 0 0 0 0 0
121.289 0 0 0 1 0 0 0 0 0
122.412 0 0 0 0 1 0 0 0 0
122.731 0 0 0 1 0 0 0 0 0
123.545 0 0 0 0 1 0 0 0 0
124.092 1 0 0 0 0 0 0 0 0
125.329 0 1 0 0 0 0 0 0 0
126.936 1 0 0 0 0 0 0 0 0
127.864 0 1 0 0 0 0 0 0 0
128.472 1 0 0 0 0 0 0 0 0
129.255 0 1 0 0 0 0 0 0 0
129.998 1 0 0 0 0 0 0 0 0
130.09 0 1 0 0 0 0 0 0 0
130.204 1 0 1 0 0 0 0 0 0
130.286 0 1 0 0 0 0 0 0 0
142.972 1 0 0 0 0 0 0 0 0
143.756 0 1 0 0 0 0 0 0 0
144.189 1 0 0 0 0 0 0 0 0
144.632 0 1 0 0 0 0 0 0 0
145.096 1 0 0 0 0 0 0 0 0
146.014 0 1 0 0 0 0 0 0 0
146.435 1 0 0 0 0 0 0 0 0
146.724 0 1 0 0 0 0 0 0 0
147.229 1 0 0 0 0 0 0 0 0
147.352 0 1 0 0 0 0 0 0 0
147.723 1 0 1 0 0 0 0 0 0
147.827 0 1 0 0 0 0 0 0 0
147.929 1 0 0 0 0 0 0 0 0
148.012 0 1 0 0 0 0 0 0 0
151.32 1 0 0 0 0 0 0 0 0
151.784 0 1 0 0 0 0 0 0 0
152.341 1 0 0 0 0 0 0 0 0
153.001 0 1 0 0 0 0 0 0 0
153.465 1 0 0 0 0 0 0 0 0
154.361 0 1 0 0 0 0 0 0 0
154.979 1 0 0 0 0 0 0 0 0
155.443 0 1 0 0 0 0 0 0 0
155.618 0 0 0 1 0 0 0 0 0
157.988 0 0 0 0 1 0 0 0 0
158.741 1 0 0 0 0 0 0 0 0
159.751 0 1 0 0 0 0 0 0 0
160.256 1 0 0 0 0 0 0 0 0
161.184 0 1 0 0 0 0 0 0 0
161.534 1 0 0 0 0 0 0 0 0
161.616 0 1 0 0 0 0 0 0 0
161.873 1 0 1 0 0 0 0 0 0
161.978 0 1 0 0 0 0 0 0 0
163.203 1 0 0 0 0 0 0 0 0
163.296 0 1 0 0 0 0 0 0 0
164.523 0 0 0 1 0 0 0 0 0
165.903 0 0 0 0 1 0 0 0 0
166.109 1 0 0 0 0 0 0 0 0
167.243 0 1 0 0 0 0 0 0 0
167.563 0 0 0 1 0 0 0 0 0
169.109 0 0 0 0 1 0 0 0 0
169.676 1 0 0 0 0 0 0 0 0
170.923 0 1 0 0 0 0 0 0 0
171.18 1 0 0 0 0 0 0 0 0
171.943 0 1 0 0 0 0 0 0 0
172.345 1 0 0 0 0 0 0 0 0
173.22 0 1 0 0 0 0 0 0 0
173.572 1 0 0 0 0 0 0 0 0
173.911 0 1 0 0 0 0 0 0 0
174.169 0 0 0 1 0 0 0 0 0
177.982 0 0 0 0 1 0 0 0 0
179.126 1 0 0 0 0 0 0 0 0
179.961 0 1 0 0 0 0 0 0 0
180.97 1 0 0 0 0 0 0 0 0
181.599 0 1 0 0 0 0 0 0 0
182.651 0 0 0 0 0 1 0 0 0
184.733 0 0 0 0 0 0 1 0 0
192.153 0 0 0 0 0 1 0 0 0
194.234 0 0 0 0 0 0 1 0 0
216.577 0 0 0 1 0 0 0 0 0
217.803 0 0 0 0 1 0 0 0 0
219.123 0 0 0 1 0 0 0 0 0
220.575 0 0 0 0 1 0 0 0 0
222.214 1 0 0 0 0 0 0 0 0
222.936 0 1 0 0 0 0 0 0 0
223.193 1 0 0 0 0 0 0 0 0
223.936 0 1 0 0 0 0 0 0 0
224.182 1 0 0 0 0 0 0 0 0
225.068 0 1 0 0 0 0 0 0 0
225.646 1 0 0 0 0 0 0 0 0
226.584 0 1 0 0 0 0 0 0 0
227.368 1 0 0 0 0 0 0 0 0
227.471 0 1 0 0 0 0 0 0 0
227.553 1 0 1 0 0 0 0 0 0
227.656 0 1 0 0 0 0 0 0 0
229.047 0 0 0 1 0 0 0 0 0
229.943 0 0 0 0 1 0 0 0 0
230.15 1 0 0 0 0 0 0 0 0
231.026 0 1 0 0 0 0 0 0 0
231.294 0 0 0 1 0 0 0 0 0
233.901 0 0 0 0 1 0 0 0 0
234.179 1 0 0 0 0 0 0 0 0
234.633 0 1 0 0 0 0 0 0 0
235.148 1 0 0 0 0 0 0 0 0
235.818 0 1 0 0 0 0 0 0 0
236.704 0 0 0 1 0 0 0 0 0
237.292 0 0 0 0 1 0 0 0 0
237.662 1 0 0 0 0 0 0 0 0
238.498 0 1 0 0 0 0 0 0 0
239.199 1 0 0 0 0 0 0 0 0
239.826 0 1 0 0 0 0 0 0 0
240.496 1 0 0 0 0 0 0 0 0
241.651 0 1 0 0 0 0 0 0 0
242.043 0 0 0 1 0 0 0 0 0
244.124 0 0 0 0 1 0 0 0 0
244.732 1 0 0 0 0 0 0 0 0
245.608 0 1 0 0 0 0 0 0 0
245.928 0 0 0 1 0 0 0 0 0
246.258 0 0 0 0 1 0 0 0 0
247.268 1 0 0 0 0 0 0 0 0
247.885 0 1 0 0 0 0 0 0 0
248.154 1 0 0 0 0 0 0 0 0
248.886 0 1 0 0 0 0 0 0 0
249.195 1 0 0 0 0 0 0 0 0
249.907 0 1 0 0 0 0 0 0 0
250.659 1 0 0 0 0 0 0 0 0
250.731 0 1 0 0 0 0 0 0 0
250.813 1 0 1 0 0 0 0 0 0
250.896 0 1 0 0 0 0 0 0 0
253.286 0 0 0 1 0 0 0 0 0
255.688 0 0 0 0 1 0 0 0 0
256.172 1 0 0 0 0 0 0 0 0
256.501 0 1 0 0 0 0 0 0 0
256.966 1 0 0 0 0 0 0 0 0
257.471 0 1 0 0 0 0 0 0 0
257.996 1 0 0 0 0 0 0 0 0
259.12 0 1 0 0 0 0 0 0 0
259.479 1 0 0 0 0 0 0 0 0
259.954 0 1 0 0 0 0 0 0 0
261.933 1 0 0 0 0 0 0 0 0
262.438 0 1 0 0 0 0 0 0 0
262.861 1 0 0 0 0 0 0 0 0
263.717 0 1 0 0 0 0 0 0 0
264.262 1 0 0 0 0 0 0 0 0
264.973 0 1 0 0 0 0 0 0 0
265.911 1 0 0 0 0 0 0 0 0
266.427 0 1 0 0 0 0 0 0 0
266.757 1 0 0 0 0 0 0 0 0
266.829 0 1 0 0 0 0 0 0 0
266.912 1 0 1 0 0 0 0 0 0
267.004 0 1 0 0 0 0 0 0 0
268.333 1 0 0 0 0 0 0 0 0
269.024 0 1 0 0 0 0 0 0 0
269.385 1 0 0 0 0 0 0 0 0
270.374 0 1 0 0 0 0 0 0 0
270.797 1 0 0 0 0 0 0 0 0
271.611 0 1 0 0 0 0 0 0 0
271.971 1 0 0 0 0 0 0 0 0
272.631 0 1 0 0 0 0 0 0 0
272.888 1 0 0 0 0 0 0 0 0
273.816 0 1 0 0 0 0 0 0 0
274.27 1 0 0 0 0 0 0 0 0
274.332 0 1 0 0 0 0 0 0 0
274.435 1 0 1 0 0 0 0 0 0
274.507 0 1 0 0 0 0 0 0 0
275.619 1 0 0 0 0 0 0 0 0
276.464 0 1 0 0 0 0 0 0 0
276.918 1 0 0 0 0 0 0 0 0
277.351 0 1 0 0 0 0 0 0 0
277.836 1 0 0 0 0 0 0 0 0
279.247 0 1 0 0 0 0 0 0 0
279.546 1 0 0 0 0 0 0 0 0
280.432 0 1 0 0 0 0 0 0 0
282.143 0 0 0 0 0 1 0 0 0
284.132 0 0 0 0 0 0 1 0 0
287.492 0 0 0 0 0 1 0 0 0
289.027 0 0 0 0 0 0 1 0 0
293.232 0 0 0 0 0 1 0 0 0
295.52 0 0 0 0 0 0 1 0 0
317.101 1 0 0 0 0 0 0 0 0
317.792 0 1 0 0 0 0 0 0 0
318.049 1 0 0 0 0 0 0 0 0
318.657 0 1 0 0 0 0 0 0 0
318.852 0 0 0 1 0 0 0 0 0
320.739 0 0 0 0 1 0 0 0 0
321.285 1 0 0 0 0 0 0 0 0
322.161 0 1 0 0 0 0 0 0 0
323.161 0 0 0 1 0 0 0 0 0
324.057 0 0 0 0 1 0 0 0 0
324.428 1 0 0 0 0 0 0 0 0
325.366 0 1 0 0 0 0 0 0 0
325.953 1 0 0 0 0 0 0 0 0
326.695 0 1 0 0 0 0 0 0 0
326.871 1 0 0 0 0 0 0 0 0
327.489 0 1 0 0 0 0 0 0 0
331.137 1 0 0 0 0 0 0 0 0
332.292 0 1 0 0 0 0 0 0 0
332.745 0 0 0 1 0 0 0 0 0
333.786 0 0 0 0 1 0 0 0 0
334.033 1 0 0 0 0 0 0 0 0
334.786 0 1 0 0 0 0 0 0 0
335.177 1 0 0 0 0 0 0 0 0
335.61 0 1 0 0 0 0 0 0 0
335.857 1 0 0 0 0 0 0 0 0
336.445 0 1 0 0 0 0 0 0 0
336.929 1 0 0 0 0 0 0 0 0
337.012 0 1 0 0 0 0 0 0 0
337.105 1 0 1 0 0 0 0 0 0
337.198 0 1 0 0 0 0 0 0 0
337.269 1 0 1 0 0 0 0 0 0
337.362 0 1 0 0 0 0 0 0 0
338.969 1 0 0 0 0 0 0 0 0
340.165 0 1 0 0 0 0 0 0 0
342.814 1 0 0 0 0 0 0 0 0
343.185 0 1 0 0 0 0 0 0 0
343.329 0 0 0 1 0 0 0 0 0
346.575 0 0 0 0 1 0 0 0 0
347.111 1 0 0 0 0 0 0 0 0
348.142 0 1 0 0 0 0 0 0 0
348.915 1 0 0 0 0 0 0 0 0
349.739 0 1 0 0 0 0 0 0 0
350.635 1 0 0 0 0 0 0 0 0
351.728 0 1 0 0 0 0 0 0 0
352.429 1 0 0 0 0 0 0 0 0
352.996 0 1 0 0 0 0 0 0 0
353.562 0 0 0 1 0 0 0 0 0
355.438 0 0 0 0 1 0 0 0 0
355.995 1 0 0 0 0 0 0 0 0
356.583 0 1 0 0 0 0 0 0 0
358.849 1 0 0 0 0 0 0 0 0
359.736 0 1 0 0 0 0 0 0 0
360.066 1 0 0 0 0 0 0 0 0
360.148 0 1 0 0 0 0 0 0 0
360.221 1 0 1 0 0 0 0 0 0
360.334 0 1 0 0 0 0 0 0 0
