18.1962 1 0 0 0 0 0 0 0 0
34.7691 0 1 0 0 0 0 0 0 0
35.293 1 0 0 0 0 0 0 0 0
35.376 0 1 0 0 0 0 0 0 0
35.4689 1 0 1 0 0 0 0 0 0
35.562 0 1 0 0 0 0 0 0 0
37.3444 1 0 0 0 0 0 0 0 0
45.1461 0 1 0 0 0 0 0 0 0
45.7018 1 0 0 0 0 0 0 0 0
45.8058 0 1 0 0 0 0 0 0 0
45.8778 1 0 1 0 0 0 0 0 0
45.9708 0 1 0 0 0 0 0 0 0
47.4443 1 0 0 0 0 0 0 0 0
51.1022 0 1 0 0 0 0 0 0 0
51.783 0 0 0 1 0 0 0 0 0
54.0913 0 0 0 0 1 0 0 0 0
54.6382 1 0 0 0 0 0 0 0 0
60.2235 0 1 0 0 0 0 0 0 0
60.7593 1 0 0 0 0 0 0 0 0
61.872 0 1 0 0 0 0 0 0 0
62.2639 1 0 0 0 0 0 0 0 0
63.2635 0 1 0 0 0 0 0 0 0
64.1913 1 0 0 0 0 0 0 0 0
65.6958 0 1 0 0 0 0 0 0 0
66.3246 1 0 0 0 0 0 0 0 0
67.4273 0 1 0 0 0 0 0 0 0
67.9222 1 0 0 0 0 0 0 0 0
71.694 0 1 0 0 0 0 0 0 0
72.7547 1 0 0 0 0 0 0 0 0
74.0433 0 1 0 0 0 0 0 0 0
81.8249 1 0 0 0 0 0 0 0 0
82.9787 0 1 0 0 0 0 0 0 0
83.3395 1 0 0 0 0 0 0 0 0
83.4015 0 1 0 0 0 0 0 0 0
83.5354 1 0 1 0 0 0 0 0 0
83.6384 0 1 0 0 0 0 0 0 0
85.6999 1 0 0 0 0 0 0 0 0
87.5962 0 1 0 0 0 0 0 0 0
88.0911 1 0 0 0 0 0 0 0 0
91.709 0 1 0 0 0 0 0 0 0
92.5327 0 0 0 0 0 1 0 0 0
94.2223 0 0 0 0 0 0 1 0 0
118.318 0 0 0 1 0 0 0 0 0
120.853 0 0 0 0 1 0 0 0 0
122.358 1 0 0 0 0 0 0 0 0
125.367 0 1 0 0 0 0 0 0 0
126.007 1 0 0 0 0 0 0 0 0
127.335 0 1 0 0 0 0 0 0 0
127.932 0 0 0 1 0 0 0 0 0
131.457 0 0 0 0 1 0 0 0 0
132.755 0 0 0 1 0 0 0 0 0
135.28 0 0 0 0 1 0 0 0 0
135.455 0 0 0 1 0 0 0 0 0
137.299 0 0 0 0 1 0 0 0 0
137.784 1 0 0 0 0 0 0 0 0
140.628 0 1 0 0 0 0 0 0 0
141.288 1 0 0 0 0 0 0 0 0
145.657 0 1 0 0 0 0 0 0 0
146.399 1 0 0 0 0 0 0 0 0
147.821 0 1 0 0 0 0 0 0 0
148.161 1 0 0 0 0 0 0 0 0
149.615 0 1 0 0 0 0 0 0 0
149.656 1 0 0 0 0 0 0 0 0
150.284 0 1 0 0 0 0 0 0 0
150.923 1 0 0 0 0 0 0 0 0
153.138 0 1 0 0 0 0 0 0 0
153.313 1 0 0 0 0 0 0 0 0
153.406 0 1 0 0 0 0 0 0 0
153.468 1 0 1 0 0 0 0 0 0
153.592 0 1 0 0 0 0 0 0 0
157.343 1 0 0 0 0 0 0 0 0
158.899 0 1 0 0 0 0 0 0 0
159.827 1 0 0 0 0 0 0 0 0
160.579 0 1 0 0 0 0 0 0 0
160.733 1 0 0 0 0 0 0 0 0
162.393 0 1 0 0 0 0 0 0 0
162.61 0 0 0 1 0 0 0 0 0
165.33 0 0 0 0 1 0 0 0 0
165.855 1 0 0 0 0 0 0 0 0
167.03 0 1 0 0 0 0 0 0 0
171.688 0 0 0 0 0 1 0 0 0
172.935 0 0 0 0 0 0 1 0 0
176.15 0 0 0 0 0 1 0 0 0
176.727 0 0 0 0 0 0 1 0 0
178.253 0 0 0 0 0 1 0 0 0
178.934 0 0 0 0 0 0 1 0 0
202.842 1 0 0 0 0 0 0 0 0
203.904 0 1 0 0 0 0 0 0 0
204.316 0 0 0 1 0 0 0 0 0
205.131 0 0 0 0 1 0 0 0 0
205.532 0 0 0 1 0 0 0 0 0
206.233 0 0 0 0 1 0 0 0 0
207.181 1 0 0 0 0 0 0 0 0
207.274 0 1 0 0 0 0 0 0 0
207.367 1 0 1 0 0 0 0 0 0
207.46 0 1 0 0 0 0 0 0 0
207.975 1 0 0 0 0 0 0 0 0
208.656 0 1 0 0 0 0 0 0 0
208.964 1 0 0 0 0 0 0 0 0
211.088 0 1 0 0 0 0 0 0 0
211.769 0 0 0 1 0 0 0 0 0
214.355 0 0 0 0 1 0 0 0 0
214.818 1 0 0 0 0 0 0 0 0
217.498 0 1 0 0 0 0 0 0 0
217.848 1 0 0 0 0 0 0 0 0
218.919 0 1 0 0 0 0 0 0 0
220.343 1 0 0 0 0 0 0 0 0
221.342 0 1 0 0 0 0 0 0 0
222.197 1 0 0 0 0 0 0 0 0
222.929 0 1 0 0 0 0 0 0 0
223.341 1 0 0 0 0 0 0 0 0
224.31 0 1 0 0 0 0 0 0 0
224.722 1 0 0 0 0 0 0 0 0
225.443 0 1 0 0 0 0 0 0 0
225.68 0 0 0 1 0 0 0 0 0
226.969 0 0 0 0 1 0 0 0 0
227.175 0 0 0 1 0 0 0 0 0
227.949 0 0 0 0 1 0 0 0 0
228.515 1 0 0 0 0 0 0 0 0
230.926 0 1 0 0 0 0 0 0 0
235.316 1 0 0 0 0 0 0 0 0
235.399 0 1 0 0 0 0 0 0 0
235.481 1 0 1 0 0 0 0 0 0
235.564 0 1 0 0 0 0 0 0 0
237.378 0 0 0 1 0 0 0 0 0
239.449 0 0 0 0 1 0 0 0 0
239.923 1 0 0 0 0 0 0 0 0
242.324 0 1 0 0 0 0 0 0 0
242.891 1 0 0 0 0 0 0 0 0
243.819 0 1 0 0 0 0 0 0 0
244.004 1 0 0 0 0 0 0 0 0
244.107 0 1 0 0 0 0 0 0 0
244.21 1 0 1 0 0 0 0 0 0
244.314 0 1 0 0 0 0 0 0 0
245.343 1 0 0 0 0 0 0 0 0
251.6 0 1 0 0 0 0 0 0 0
254.351 1 0 0 0 0 0 0 0 0
260.05 0 1 0 0 0 0 0 0 0
260.225 1 0 0 0 0 0 0 0 0
260.895 0 1 0 0 0 0 0 0 0
262.275 0 0 0 0 0 1 0 0 0
263.513 0 0 0 0 0 0 1 0 0
285.464 1 0 0 0 0 0 0 0 0
293.359 0 1 0 0 0 0 0 0 0
293.74 1 0 0 0 0 0 0 0 0
293.823 0 1 0 0 0 0 0 0 0
293.925 1 0 1 0 0 0 0 0 0
294.029 0 1 0 0 0 0 0 0 0
295.235 1 0 0 0 0 0 0 0 0
296.687 0 1 0 0 0 0 0 0 0
297.182 1 0 0 0 0 0 0 0 0
297.708 0 1 0 0 0 0 0 0 0
298.183 1 0 0 0 0 0 0 0 0
298.913 0 1 0 0 0 0 0 0 0
299.233 1 0 0 0 0 0 0 0 0
299.769 0 1 0 0 0 0 0 0 0
300.109 1 0 0 0 0 0 0 0 0
300.769 0 1 0 0 0 0 0 0 0
301.037 1 0 0 0 0 0 0 0 0
301.398 0 1 0 0 0 0 0 0 0
301.922 0 0 0 1 0 0 0 0 0
303.974 0 0 0 0 1 0 0 0 0
304.634 1 0 0 0 0 0 0 0 0
305.17 0 1 0 0 0 0 0 0 0
305.601 1 0 0 0 0 0 0 0 0
307.88 0 1 0 0 0 0 0 0 0
308.271 1 0 0 0 0 0 0 0 0
309.817 0 1 0 0 0 0 0 0 0
310.518 1 0 0 0 0 0 0 0 0
311.332 0 1 0 0 0 0 0 0 0
311.631 0 0 0 1 0 0 0 0 0
313.496 0 0 0 0 1 0 0 0 0
314.198 1 0 0 0 0 0 0 0 0
314.918 0 1 0 0 0 0 0 0 0
316.609 1 0 0 0 0 0 0 0 0
316.681 0 1 0 0 0 0 0 0 0
316.773 1 0 1 0 0 0 0 0 0
316.866 0 1 0 0 0 0 0 0 0
319.051 1 0 0 0 0 0 0 0 0
320.228 0 1 0 0 0 0 0 0 0
320.691 1 0 0 0 0 0 0 0 0
321.483 0 1 0 0 0 0 0 0 0
324.122 1 0 0 0 0 0 0 0 0
326.275 0 1 0 0 0 0 0 0 0
326.616 1 0 0 0 0 0 0 0 0
333.624 0 1 0 0 0 0 0 0 0
333.964 1 0 0 0 0 0 0 0 0
334.046 0 1 0 0 0 0 0 0 0
334.119 1 0 1 0 0 0 0 0 0
334.211 0 1 0 0 0 0 0 0 0
335.633 1 0 0 0 0 0 0 0 0
336.325 0 1 0 0 0 0 0 0 0
336.55 1 0 0 0 0 0 0 0 0
337.325 0 1 0 0 0 0 0 0 0
337.643 1 0 0 0 0 0 0 0 0
338.127 0 1 0 0 0 0 0 0 0
338.726 1 0 0 0 0 0 0 0 0
339.571 0 1 0 0 0 0 0 0 0
339.869 1 0 0 0 0 0 0 0 0
340.889 0 1 0 0 0 0 0 0 0
341.478 1 0 0 0 0 0 0 0 0
342.744 0 1 0 0 0 0 0 0 0
343.58 1 0 0 0 0 0 0 0 0
344.651 0 1 0 0 0 0 0 0 0
345.218 1 0 0 0 0 0 0 0 0
351.288 0 1 0 0 0 0 0 0 0
351.792 1 0 0 0 0 0 0 0 0
357.708 0 1 0 0 0 0 0 0 0
358.346 1 0 0 0 0 0 0 0 0
358.418 0 1 0 0 0 0 0 0 0
358.645 1 0 1 0 0 0 0 0 0
358.779 0 1 0 0 0 0 0 0 0
360.325 1 0 0 0 0 0 0 0 0
361.026 0 1 0 0 0 0 0 0 0
361.295 1 0 0 0 0 0 0 0 0
361.994 0 1 0 0 0 0 0 0 0
362.303 1 0 0 0 0 0 0 0 0
362.85 0 1 0 0 0 0 0 0 0
