4.93524 0 0 0 0 0 1 0 0 0
7.20163 0 0 0 0 0 0 1 0 0
9.34602 0 0 0 0 0 1 0 0 0
11.2633 0 0 0 0 0 0 1 0 0
13.4167 0 0 0 0 0 1 0 0 0
14.7783 0 0 0 0 0 0 1 0 0
16.0239 0 0 0 0 0 1 0 0 0
17.7244 0 0 0 0 0 0 1 0 0
36.8825 1 0 0 0 0 0 0 0 0
45.344 0 1 0 0 0 0 0 0 0
46.2197 1 0 0 0 0 0 0 0 0
46.3027 0 1 0 0 0 0 0 0 0
46.3846 1 0 1 0 0 0 0 0 0
46.4777 0 1 0 0 0 0 0 0 0
49.0438 1 0 0 0 0 0 0 0 0
50.1255 0 1 0 0 0 0 0 0 0
50.4964 1 0 0 0 0 0 0 0 0
56.5666 0 1 0 0 0 0 0 0 0
57.1134 1 0 0 0 0 0 0 0 0
67.9651 0 1 0 0 0 0 0 0 0
68.6859 1 0 0 0 0 0 0 0 0
68.7788 0 1 0 0 0 0 0 0 0
68.8618 1 0 1 0 0 0 0 0 0
68.9548 0 1 0 0 0 0 0 0 0
71.9429 1 0 0 0 0 0 0 0 0
79.3947 0 1 0 0 0 0 0 0 0
80.6413 1 0 0 0 0 0 0 0 0
87.0003 0 1 0 0 0 0 0 0 0
87.5152 1 0 0 0 0 0 0 0 0
92.7407 0 1 0 0 0 0 0 0 0
93.7603 1 0 0 0 0 0 0 0 0
93.8433 0 1 0 0 0 0 0 0 0
94.822 1 0 0 0 0 0 0 0 0
94.9249 0 1 0 0 0 0 0 0 0
94.9879 1 0 1 0 0 0 0 0 0
95.0589 0 1 0 0 0 0 0 0 0
97.965 1 0 0 0 0 0 0 0 0
106.087 0 1 0 0 0 0 0 0 0
106.756 1 0 0 0 0 0 0 0 0
113.064 0 1 0 0 0 0 0 0 0
113.507 1 0 0 0 0 0 0 0 0
118.186 0 1 0 0 0 0 0 0 0
118.526 1 0 0 0 0 0 0 0 0
118.629 0 1 0 0 0 0 0 0 0
119.444 1 0 0 0 0 0 0 0 0
119.556 0 1 0 0 0 0 0 0 0
119.669 1 0 1 0 0 0 0 0 0
119.742 0 1 0 0 0 0 0 0 0
128.595 1 0 0 0 0 0 0 0 0
130.068 0 1 0 0 0 0 0 0 0
130.47 1 0 0 0 0 0 0 0 0
131.523 0 1 0 0 0 0 0 0 0
131.924 1 0 0 0 0 0 0 0 0
132.274 0 1 0 0 0 0 0 0 0
133.48 1 0 0 0 0 0 0 0 0
136.592 0 1 0 0 0 0 0 0 0
136.674 1 0 0 0 0 0 0 0 0
136.788 0 1 0 0 0 0 0 0 0
137.159 0 0 0 1 0 0 0 0 0
139.869 0 0 0 0 1 0 0 0 0
140.075 0 0 0 1 0 0 0 0 0
142.147 0 0 0 0 1 0 0 0 0
142.487 1 0 0 0 0 0 0 0 0
147.825 0 1 0 0 0 0 0 0 0
149.227 1 0 0 0 0 0 0 0 0
149.391 0 1 0 0 0 0 0 0 0
150.226 1 0 0 0 0 0 0 0 0
150.35 0 1 0 0 0 0 0 0 0
150.422 1 0 1 0 0 0 0 0 0
150.494 0 1 0 0 0 0 0 0 0
152.576 1 0 0 0 0 0 0 0 0
161.202 0 1 0 0 0 0 0 0 0
161.759 1 0 0 0 0 0 0 0 0
161.862 0 1 0 0 0 0 0 0 0
162.665 1 0 0 0 0 0 0 0 0
162.758 0 1 0 0 0 0 0 0 0
162.85 1 0 1 0 0 0 0 0 0
162.922 0 1 0 0 0 0 0 0 0
165.818 1 0 0 0 0 0 0 0 0
173.858 0 1 0 0 0 0 0 0 0
174.497 1 0 0 0 0 0 0 0 0
177.29 0 1 0 0 0 0 0 0 0
178.537 1 0 0 0 0 0 0 0 0
184.958 0 1 0 0 0 0 0 0 0
188.432 0 0 0 0 0 1 0 0 0
189.812 0 0 0 0 0 0 1 0 0
197.304 0 0 0 0 0 1 0 0 0
198.046 0 0 0 0 0 0 1 0 0
