193.105 0 0 0 0 0 1 0 0 0
193.281 0 0 0 0 0 0 1 0 0
202.742 0 0 0 0 0 1 0 0 0
202.88 0 0 0 0 0 0 1 0 0
212.749 0 0 0 0 0 1 0 0 0
214.965 0 0 0 0 0 0 1 0 0
225.117 0 0 0 0 0 1 0 0 0
226.54 0 0 0 0 0 0 1 0 0
227.528 0 0 0 0 0 1 0 0 0
228.756 0 0 0 0 0 0 1 0 0
383.856 1 0 0 0 0 0 0 0 0
386.134 0 1 0 0 0 0 0 0 0
396.926 1 0 0 0 0 0 0 0 0
403.84 0 1 0 0 0 0 0 0 0
404.902 1 0 0 0 0 0 0 0 0
405.83 0 1 0 0 0 0 0 0 0
407.2 1 0 0 0 0 0 0 0 0
410.139 0 1 0 0 0 0 0 0 0
411.21 1 0 0 0 0 0 0 0 0
412.375 0 1 0 0 0 0 0 0 0
413.786 1 0 0 0 0 0 0 0 0
415.611 0 1 0 0 0 0 0 0 0
419.363 1 0 0 0 0 0 0 0 0
430.185 0 1 0 0 0 0 0 0 0
431.422 1 0 0 0 0 0 0 0 0
432.504 0 1 0 0 0 0 0 0 0
433.277 1 0 0 0 0 0 0 0 0
434.183 0 1 0 0 0 0 0 0 0
434.946 1 0 0 0 0 0 0 0 0
435.73 0 1 0 0 0 0 0 0 0
436.452 1 0 0 0 0 0 0 0 0
437.636 0 1 0 0 0 0 0 0 0
438.255 1 0 0 0 0 0 0 0 0
439.884 0 1 0 0 0 0 0 0 0
440.368 1 0 0 0 0 0 0 0 0
441.625 0 1 0 0 0 0 0 0 0
442.377 1 0 0 0 0 0 0 0 0
442.45 0 1 0 0 0 0 0 0 0
442.542 1 0 1 0 0 0 0 0 0
442.625 0 1 0 0 0 0 0 0 0
474.257 0 0 0 1 0 0 0 0 0
479.74 0 0 0 0 1 0 0 0 0
480.235 0 0 0 1 0 0 0 0 0
480.821 0 0 0 0 1 0 0 0 0
481.357 0 0 0 1 0 0 0 0 0
490.913 0 0 0 0 1 0 0 0 0
491.737 0 0 0 1 0 0 0 0 0
492.438 0 0 0 0 1 0 0 0 0
496.818 0 0 0 1 0 0 0 0 0
504.362 0 0 0 0 1 0 0 0 0
504.888 0 0 0 1 0 0 0 0 0
511.36 0 0 0 0 1 0 0 0 0
513.01 0 0 0 1 0 0 0 0 0
518.43 0 0 0 0 1 0 0 0 0
527.334 1 0 0 0 0 0 0 0 0
527.468 0 1 0 0 0 0 0 0 0
527.561 1 0 1 0 0 0 0 0 0
527.643 0 1 0 0 0 0 0 0 0
552.905 0 0 0 1 0 0 0 0 0
556.192 0 0 0 0 1 0 0 0 0
557.1 0 0 0 1 0 0 0 0 0
558.119 0 0 0 0 1 0 0 0 0
558.614 0 0 0 1 0 0 0 0 0
561.86 0 0 0 0 1 0 0 0 0
564.735 1 0 0 0 0 0 0 0 0
565.9 0 1 0 0 0 0 0 0 0
567.487 1 0 0 0 0 0 0 0 0
570.929 0 1 0 0 0 0 0 0 0
571.486 1 0 0 0 0 0 0 0 0
575.516 0 1 0 0 0 0 0 0 0
576.866 1 0 0 0 0 0 0 0 0
578.02 0 1 0 0 0 0 0 0 0
579.752 1 0 0 0 0 0 0 0 0
583.462 0 1 0 0 0 0 0 0 0
583.842 0 0 0 1 0 0 0 0 0
584.874 0 0 0 0 1 0 0 0 0
585.44 1 0 0 0 0 0 0 0 0
587.306 0 1 0 0 0 0 0 0 0
587.934 1 0 0 0 0 0 0 0 0
590.037 0 1 0 0 0 0 0 0 0
592.387 1 0 0 0 0 0 0 0 0
593.84 0 1 0 0 0 0 0 0 0
593.984 1 0 0 0 0 0 0 0 0
594.911 0 1 0 0 0 0 0 0 0
600.879 0 0 0 1 0 0 0 0 0
603.539 0 0 0 0 1 0 0 0 0
604.28 0 0 0 1 0 0 0 0 0
605.991 0 0 0 0 1 0 0 0 0
606.383 1 0 0 0 0 0 0 0 0
606.939 0 1 0 0 0 0 0 0 0
607.723 1 0 0 0 0 0 0 0 0
612.112 0 1 0 0 0 0 0 0 0
612.556 0 0 0 1 0 0 0 0 0
615.225 0 0 0 0 1 0 0 0 0
620.759 1 0 0 0 0 0 0 0 0
623.161 0 1 0 0 0 0 0 0 0
623.985 0 0 0 1 0 0 0 0 0
627.344 0 0 0 0 1 0 0 0 0
627.953 1 0 0 0 0 0 0 0 0
631.116 0 1 0 0 0 0 0 0 0
631.591 0 0 0 1 0 0 0 0 0
633.095 0 0 0 0 1 0 0 0 0
634.197 0 0 0 1 0 0 0 0 0
635.301 0 0 0 0 1 0 0 0 0
635.971 0 0 0 1 0 0 0 0 0
637.403 0 0 0 0 1 0 0 0 0
639.114 0 0 0 1 0 0 0 0 0
641.649 0 0 0 0 1 0 0 0 0
642.278 1 0 0 0 0 0 0 0 0
644.102 0 1 0 0 0 0 0 0 0
652.44 1 0 0 0 0 0 0 0 0
653.903 0 1 0 0 0 0 0 0 0
655.171 1 0 0 0 0 0 0 0 0
658.109 0 1 0 0 0 0 0 0 0
663.004 1 0 0 0 0 0 0 0 0
664.735 0 1 0 0 0 0 0 0 0
665.828 1 0 0 0 0 0 0 0 0
667.342 0 1 0 0 0 0 0 0 0
668.651 1 0 0 0 0 0 0 0 0
669.775 0 1 0 0 0 0 0 0 0
670.599 0 0 0 1 0 0 0 0 0
671.145 0 0 0 0 1 0 0 0 0
671.98 0 0 0 1 0 0 0 0 0
672.794 0 0 0 0 1 0 0 0 0
673.516 0 0 0 1 0 0 0 0 0
675.794 0 0 0 0 1 0 0 0 0
693.469 1 0 0 0 0 0 0 0 0
693.541 0 1 0 0 0 0 0 0 0
693.635 1 0 1 0 0 0 0 0 0
693.727 0 1 0 0 0 0 0 0 0
697.684 0 0 0 1 0 0 0 0 0
700.25 0 0 0 0 1 0 0 0 0
700.517 0 0 0 1 0 0 0 0 0
705.372 0 0 0 0 1 0 0 0 0
706.495 1 0 0 0 0 0 0 0 0
707.02 0 1 0 0 0 0 0 0 0
708.309 1 0 0 0 0 0 0 0 0
710.813 0 1 0 0 0 0 0 0 0
711.854 1 0 0 0 0 0 0 0 0
712.38 0 1 0 0 0 0 0 0 0
712.854 1 0 0 0 0 0 0 0 0
713.503 0 1 0 0 0 0 0 0 0
714.76 0 0 0 1 0 0 0 0 0
719.831 0 0 0 0 1 0 0 0 0
720.728 1 0 0 0 0 0 0 0 0
721.274 0 1 0 0 0 0 0 0 0
722.067 1 0 0 0 0 0 0 0 0
722.892 0 1 0 0 0 0 0 0 0
723.634 1 0 0 0 0 0 0 0 0
724.241 0 1 0 0 0 0 0 0 0
788.955 1 0 0 0 0 0 0 0 0
789.068 0 1 0 0 0 0 0 0 0
789.213 1 0 1 0 0 0 0 0 0
789.316 0 1 0 0 0 0 0 0 0
794.727 1 0 0 0 0 0 0 0 0
798.343 0 1 0 0 0 0 0 0 0
803.837 1 0 0 0 0 0 0 0 0
804.827 0 1 0 0 0 0 0 0 0
806.125 1 0 0 0 0 0 0 0 0
819.152 0 1 0 0 0 0 0 0 0
819.72 1 0 0 0 0 0 0 0 0
820.514 0 1 0 0 0 0 0 0 0
821.285 0 0 0 1 0 0 0 0 0
826.335 0 0 0 0 1 0 0 0 0
827.396 1 0 0 0 0 0 0 0 0
827.87 0 1 0 0 0 0 0 0 0
828.777 1 0 0 0 0 0 0 0 0
831.797 0 1 0 0 0 0 0 0 0
832.333 1 0 0 0 0 0 0 0 0
849.36 0 1 0 0 0 0 0 0 0
849.906 1 0 0 0 0 0 0 0 0
850.04 0 1 0 0 0 0 0 0 0
850.133 1 0 1 0 0 0 0 0 0
850.236 0 1 0 0 0 0 0 0 0
854.296 1 0 0 0 0 0 0 0 0
856.203 0 1 0 0 0 0 0 0 0
856.502 0 0 0 1 0 0 0 0 0
857.069 0 0 0 0 1 0 0 0 0
857.624 0 0 0 1 0 0 0 0 0
862.83 0 0 0 0 1 0 0 0 0
863.078 1 0 0 0 0 0 0 0 0
865.55 0 1 0 0 0 0 0 0 0
866.767 1 0 0 0 0 0 0 0 0
869.178 0 1 0 0 0 0 0 0 0
869.693 1 0 0 0 0 0 0 0 0
872.321 0 1 0 0 0 0 0 0 0
872.857 1 0 0 0 0 0 0 0 0
878.02 0 1 0 0 0 0 0 0 0
878.484 1 0 0 0 0 0 0 0 0
883.813 0 1 0 0 0 0 0 0 0
884.595 1 0 0 0 0 0 0 0 0
884.698 0 1 0 0 0 0 0 0 0
884.977 0 0 0 1 0 0 0 0 0
885.152 0 0 0 0 1 0 0 0 0
885.234 0 0 0 1 0 0 0 0 0
885.409 0 0 0 0 1 0 0 0 0
886.265 1 0 0 0 0 0 0 0 0
886.399 0 1 0 0 0 0 0 0 0
886.451 1 0 1 0 0 0 0 0 0
886.574 0 1 0 0 0 0 0 0 0
889.14 1 0 0 0 0 0 0 0 0
897.869 0 1 0 0 0 0 0 0 0
1089.38 1 0 0 0 0 0 0 0 0
1090.07 0 1 0 0 0 0 0 0 0
1093.6 0 0 0 0 0 1 0 0 0
1095.08 0 0 0 0 0 0 1 0 0
1103.71 0 0 0 0 0 1 0 0 0
1104.71 0 0 0 0 0 0 1 0 0
1127.25 1 0 0 0 0 0 0 0 0
1128.54 0 1 0 0 0 0 0 0 0
1129.5 1 0 0 0 0 0 0 0 0
1130.19 0 1 0 0 0 0 0 0 0
1131.21 1 0 0 0 0 0 0 0 0
1132.04 0 1 0 0 0 0 0 0 0
1133.36 1 0 0 0 0 0 0 0 0
1134.47 0 1 0 0 0 0 0 0 0
1136.07 1 0 0 0 0 0 0 0 0
1137.63 0 1 0 0 0 0 0 0 0
1138.52 1 0 0 0 0 0 0 0 0
1139.12 0 1 0 0 0 0 0 0 0
1139.68 1 0 0 0 0 0 0 0 0
1140.36 0 1 0 0 0 0 0 0 0
1166.02 1 0 0 0 0 0 0 0 0
1172.03 0 1 0 0 0 0 0 0 0
1173.46 0 0 0 1 0 0 0 0 0
1177.3 0 0 0 0 1 0 0 0 0
1177.9 1 0 0 0 0 0 0 0 0
1178.86 0 1 0 0 0 0 0 0 0
1179.32 1 0 0 0 0 0 0 0 0
1181.43 0 1 0 0 0 0 0 0 0
1182.41 1 0 0 0 0 0 0 0 0
1184.85 0 1 0 0 0 0 0 0 0
1187.28 1 0 0 0 0 0 0 0 0
1192.42 0 1 0 0 0 0 0 0 0
1193.07 1 0 0 0 0 0 0 0 0
1195.18 0 1 0 0 0 0 0 0 0
1197.73 1 0 0 0 0 0 0 0 0
1197.82 0 1 0 0 0 0 0 0 0
1198.61 1 0 0 0 0 0 0 0 0
1200.2 0 1 0 0 0 0 0 0 0
1201.65 0 0 0 1 0 0 0 0 0
1202.81 0 0 0 0 1 0 0 0 0
1220.6 1 0 0 0 0 0 0 0 0
1220.76 0 1 0 0 0 0 0 0 0
1223.44 1 0 0 0 0 0 0 0 0
1223.55 0 1 0 0 0 0 0 0 0
1223.68 1 0 1 0 0 0 0 0 0
1223.78 0 1 0 0 0 0 0 0 0
1224.49 1 0 0 0 0 0 0 0 0
1224.61 0 1 0 0 0 0 0 0 0
1226.38 0 0 0 1 0 0 0 0 0
1229.85 0 0 0 0 1 0 0 0 0
1230.78 0 0 0 1 0 0 0 0 0
1232.81 0 0 0 0 1 0 0 0 0
1233.32 0 0 0 1 0 0 0 0 0
1234.27 0 0 0 0 1 0 0 0 0
1234.92 0 0 0 1 0 0 0 0 0
1236.53 0 0 0 0 1 0 0 0 0
1237.4 0 0 0 1 0 0 0 0 0
1238.45 0 0 0 0 1 0 0 0 0
1238.81 0 0 0 1 0 0 0 0 0
1240.71 0 0 0 0 1 0 0 0 0
1241.97 0 0 0 1 0 0 0 0 0
1243.91 0 0 0 0 1 0 0 0 0
1244.3 0 0 0 1 0 0 0 0 0
1245.41 0 0 0 0 1 0 0 0 0
1246.13 0 0 0 1 0 0 0 0 0
1247.2 0 0 0 0 1 0 0 0 0
1247.65 1 0 0 0 0 0 0 0 0
1248.23 0 1 0 0 0 0 0 0 0
1248.68 1 0 0 0 0 0 0 0 0
1252.31 0 1 0 0 0 0 0 0 0
1252.71 0 0 0 1 0 0 0 0 0
1257.4 0 0 0 0 1 0 0 0 0
1257.67 0 0 0 1 0 0 0 0 0
1258.35 0 0 0 0 1 0 0 0 0
1262.08 1 0 0 0 0 0 0 0 0
1263.99 0 1 0 0 0 0 0 0 0
1264.87 1 0 0 0 0 0 0 0 0
1264.99 0 1 0 0 0 0 0 0 0
1265.66 1 0 0 0 0 0 0 0 0
1265.83 0 1 0 0 0 0 0 0 0
1266.01 1 0 1 0 0 0 0 0 0
1266.12 0 1 0 0 0 0 0 0 0
1300.63 1 0 0 0 0 0 0 0 0
1301.54 0 1 0 0 0 0 0 0 0
1304.12 1 0 0 0 0 0 0 0 0
1306.77 0 1 0 0 0 0 0 0 0
1307.84 1 0 0 0 0 0 0 0 0
1311.04 0 1 0 0 0 0 0 0 0
1311.58 1 0 0 0 0 0 0 0 0
1315.39 0 1 0 0 0 0 0 0 0
1315.93 1 0 0 0 0 0 0 0 0
1317.84 0 1 0 0 0 0 0 0 0
1318.97 1 0 0 0 0 0 0 0 0
1324 0 1 0 0 0 0 0 0 0
1324.49 0 0 0 1 0 0 0 0 0
1328.9 0 0 0 0 1 0 0 0 0
1336.61 1 0 0 0 0 0 0 0 0
1338.42 0 1 0 0 0 0 0 0 0
1338.86 0 0 0 1 0 0 0 0 0
1342.05 0 0 0 0 1 0 0 0 0
1342.37 0 0 0 1 0 0 0 0 0
1345.64 0 0 0 0 1 0 0 0 0
1346.59 1 0 0 0 0 0 0 0 0
1349.89 0 1 0 0 0 0 0 0 0
1349.93 1 0 0 0 0 0 0 0 0
1349.94 0 1 0 0 0 0 0 0 0
1350.33 0 0 0 1 0 0 0 0 0
1354.63 0 0 0 0 1 0 0 0 0
1355.31 1 0 0 0 0 0 0 0 0
1357.17 0 1 0 0 0 0 0 0 0
1357.69 1 0 0 0 0 0 0 0 0
1359.98 0 1 0 0 0 0 0 0 0
1360.34 1 0 0 0 0 0 0 0 0
1363.08 0 1 0 0 0 0 0 0 0
1363.39 0 0 0 1 0 0 0 0 0
1368.08 0 0 0 0 1 0 0 0 0
1368.69 1 0 0 0 0 0 0 0 0
1382.66 0 1 0 0 0 0 0 0 0
1383.1 1 0 0 0 0 0 0 0 0
1386.33 0 1 0 0 0 0 0 0 0
1386.64 0 0 0 1 0 0 0 0 0
1387.86 0 0 0 0 1 0 0 0 0
1388.18 0 0 0 1 0 0 0 0 0
1388.32 0 0 0 0 1 0 0 0 0
1388.86 0 0 0 1 0 0 0 0 0
1389.58 0 0 0 0 1 0 0 0 0
1390.04 1 0 0 0 0 0 0 0 0
1390.98 0 1 0 0 0 0 0 0 0
1391.44 1 0 0 0 0 0 0 0 0
1391.51 0 1 0 0 0 0 0 0 0
1391.6 1 0 1 0 0 0 0 0 0
1391.69 0 1 0 0 0 0 0 0 0
1394.48 1 0 0 0 0 0 0 0 0
1395.2 0 1 0 0 0 0 0 0 0
1395.62 1 0 0 0 0 0 0 0 0
1396.29 0 1 0 0 0 0 0 0 0
1396.61 1 0 0 0 0 0 0 0 0
1397 0 1 0 0 0 0 0 0 0
1397.28 1 0 0 0 0 0 0 0 0
1397.76 0 1 0 0 0 0 0 0 0
1398.27 0 0 0 1 0 0 0 0 0
1401.98 0 0 0 0 1 0 0 0 0
1402.23 1 0 0 0 0 0 0 0 0
1404.68 0 1 0 0 0 0 0 0 0
1405.14 1 0 0 0 0 0 0 0 0
1408.39 0 1 0 0 0 0 0 0 0
