25.586 1 0 0 0 0 0 0 0 0
36.4897 0 1 0 0 0 0 0 0 0
37.0975 1 0 0 0 0 0 0 0 0
37.2115 0 1 0 0 0 0 0 0 0
37.8203 1 0 0 0 0 0 0 0 0
37.9123 0 1 0 0 0 0 0 0 0
38.0762 1 0 1 0 0 0 0 0 0
38.1692 0 1 0 0 0 0 0 0 0
40.3126 1 0 0 0 0 0 0 0 0
51.9181 0 1 0 0 0 0 0 0 0
52.7318 1 0 0 0 0 0 0 0 0
52.8248 0 1 0 0 0 0 0 0 0
52.9278 1 0 1 0 0 0 0 0 0
53.0307 0 1 0 0 0 0 0 0 0
60.7294 1 0 0 0 0 0 0 0 0
62.3479 0 1 0 0 0 0 0 0 0
62.9037 0 0 0 1 0 0 0 0 0
65.326 0 0 0 0 1 0 0 0 0
65.8928 1 0 0 0 0 0 0 0 0
66.9135 0 1 0 0 0 0 0 0 0
67.6143 1 0 0 0 0 0 0 0 0
68.9329 0 1 0 0 0 0 0 0 0
69.4798 1 0 0 0 0 0 0 0 0
70.2625 0 1 0 0 0 0 0 0 0
70.9733 1 0 0 0 0 0 0 0 0
73.0037 0 1 0 0 0 0 0 0 0
73.5605 0 0 0 1 0 0 0 0 0
74.0034 0 0 0 0 1 0 0 0 0
74.8281 1 0 0 0 0 0 0 0 0
76.6116 0 1 0 0 0 0 0 0 0
78.332 1 0 0 0 0 0 0 0 0
80.5174 0 1 0 0 0 0 0 0 0
81.0424 1 0 0 0 0 0 0 0 0
82.3309 0 1 0 0 0 0 0 0 0
82.9907 1 0 0 0 0 0 0 0 0
85.206 0 1 0 0 0 0 0 0 0
86.0197 1 0 0 0 0 0 0 0 0
86.1957 0 1 0 0 0 0 0 0 0
87.3803 1 0 0 0 0 0 0 0 0
87.4733 0 1 0 0 0 0 0 0 0
87.5453 1 0 1 0 0 0 0 0 0
87.6683 0 1 0 0 0 0 0 0 0
91.1932 1 0 0 0 0 0 0 0 0
92.2349 0 1 0 0 0 0 0 0 0
92.6888 1 0 0 0 0 0 0 0 0
93.2656 0 1 0 0 0 0 0 0 0
93.6875 1 0 0 0 0 0 0 0 0
95.7078 0 1 0 0 0 0 0 0 0
95.9758 1 0 0 0 0 0 0 0 0
97.3463 0 1 0 0 0 0 0 0 0
98.1401 0 0 0 1 0 0 0 0 0
100.53 0 0 0 0 1 0 0 0 0
100.901 1 0 0 0 0 0 0 0 0
101.799 0 1 0 0 0 0 0 0 0
102.046 0 0 0 1 0 0 0 0 0
103.345 0 0 0 0 1 0 0 0 0
104.024 0 0 0 1 0 0 0 0 0
105.9 0 0 0 0 1 0 0 0 0
106.519 1 0 0 0 0 0 0 0 0
113.084 0 1 0 0 0 0 0 0 0
113.444 1 0 0 0 0 0 0 0 0
113.588 0 1 0 0 0 0 0 0 0
114.165 1 0 0 0 0 0 0 0 0
114.279 0 1 0 0 0 0 0 0 0
114.34 1 0 1 0 0 0 0 0 0
114.454 0 1 0 0 0 0 0 0 0
115.722 1 0 0 0 0 0 0 0 0
117.504 0 1 0 0 0 0 0 0 0
117.928 1 0 0 0 0 0 0 0 0
119.195 0 1 0 0 0 0 0 0 0
119.504 1 0 0 0 0 0 0 0 0
120.73 0 1 0 0 0 0 0 0 0
121.101 1 0 0 0 0 0 0 0 0
122.183 0 1 0 0 0 0 0 0 0
127.461 1 0 0 0 0 0 0 0 0
130.686 0 1 0 0 0 0 0 0 0
131.407 1 0 0 0 0 0 0 0 0
132.799 0 1 0 0 0 0 0 0 0
133.077 1 0 0 0 0 0 0 0 0
134.262 0 1 0 0 0 0 0 0 0
134.613 1 0 0 0 0 0 0 0 0
136.395 0 1 0 0 0 0 0 0 0
136.808 1 0 0 0 0 0 0 0 0
138.467 0 1 0 0 0 0 0 0 0
139.353 1 0 0 0 0 0 0 0 0
140.775 0 1 0 0 0 0 0 0 0
141.229 1 0 0 0 0 0 0 0 0
142.796 0 1 0 0 0 0 0 0 0
143.115 0 0 0 1 0 0 0 0 0
146.331 0 0 0 0 1 0 0 0 0
146.742 1 0 0 0 0 0 0 0 0
149.288 0 1 0 0 0 0 0 0 0
150.093 1 0 0 0 0 0 0 0 0
150.215 0 1 0 0 0 0 0 0 0
150.298 1 0 1 0 0 0 0 0 0
150.442 0 1 0 0 0 0 0 0 0
153.874 1 0 0 0 0 0 0 0 0
155.018 0 1 0 0 0 0 0 0 0
155.153 1 0 0 0 0 0 0 0 0
155.452 0 1 0 0 0 0 0 0 0
155.792 1 0 0 0 0 0 0 0 0
157.007 0 1 0 0 0 0 0 0 0
157.492 1 0 0 0 0 0 0 0 0
158.688 0 1 0 0 0 0 0 0 0
159.316 1 0 0 0 0 0 0 0 0
161.986 0 1 0 0 0 0 0 0 0
162.305 1 0 0 0 0 0 0 0 0
163.129 0 1 0 0 0 0 0 0 0
163.522 1 0 0 0 0 0 0 0 0
164.16 0 1 0 0 0 0 0 0 0
164.685 1 0 0 0 0 0 0 0 0
166.108 0 1 0 0 0 0 0 0 0
166.552 0 0 0 1 0 0 0 0 0
168.963 0 0 0 0 1 0 0 0 0
169.272 0 0 0 1 0 0 0 0 0
171.312 0 0 0 0 1 0 0 0 0
171.858 1 0 0 0 0 0 0 0 0
171.941 0 1 0 0 0 0 0 0 0
172.096 1 0 1 0 0 0 0 0 0
172.147 0 1 0 0 0 0 0 0 0
172.302 1 0 1 0 0 0 0 0 0
172.426 0 1 0 0 0 0 0 0 0
172.467 1 0 0 0 0 0 0 0 0
172.58 0 1 0 0 0 0 0 0 0
173.497 1 0 0 0 0 0 0 0 0
181.546 0 1 0 0 0 0 0 0 0
183.761 0 0 0 0 0 1 0 0 0
185.411 0 0 0 0 0 0 1 0 0
190.563 0 0 0 0 0 1 0 0 0
191.79 0 0 0 0 0 0 1 0 0
208.109 1 0 0 0 0 0 0 0 0
208.238 0 1 0 0 0 0 0 0 0
