3.15375 0 0 0 0 0 1 0 0 0
4.48231 0 0 0 0 0 0 1 0 0
28.446 0 0 0 1 0 0 0 0 0
29.0198 0 0 0 0 1 0 0 0 0
29.3087 0 0 0 1 0 0 0 0 0
30.2465 0 0 0 0 1 0 0 0 0
30.7203 0 0 0 1 0 0 0 0 0
32.9776 0 0 0 0 1 0 0 0 0
33.2046 0 0 0 1 0 0 0 0 0
33.8744 0 0 0 0 1 0 0 0 0
34.3273 0 0 0 1 0 0 0 0 0
35.2449 0 0 0 0 1 0 0 0 0
35.7698 1 0 0 0 0 0 0 0 0
39.6456 0 1 0 0 0 0 0 0 0
39.9955 1 0 0 0 0 0 0 0 0
42.6137 0 1 0 0 0 0 0 0 0
43.4179 1 0 0 0 0 0 0 0 0
46.5396 0 1 0 0 0 0 0 0 0
47.0244 0 0 0 1 0 0 0 0 0
49.9195 0 0 0 0 1 0 0 0 0
50.6103 1 0 0 0 0 0 0 0 0
51.8569 0 1 0 0 0 0 0 0 0
52.3518 1 0 0 0 0 0 0 0 0
54.1243 0 1 0 0 0 0 0 0 0
54.5981 1 0 0 0 0 0 0 0 0
56.7524 0 1 0 0 0 0 0 0 0
57.0103 0 0 0 1 0 0 0 0 0
57.9371 0 0 0 0 1 0 0 0 0
58.102 0 0 0 1 0 0 0 0 0
60.8024 0 0 0 0 1 0 0 0 0
61.513 1 0 0 0 0 0 0 0 0
62.6057 0 1 0 0 0 0 0 0 0
63.3894 1 0 0 0 0 0 0 0 0
63.5334 0 1 0 0 0 0 0 0 0
63.6673 1 0 1 0 0 0 0 0 0
63.7903 0 1 0 0 0 0 0 0 0
67.0993 1 0 0 0 0 0 0 0 0
67.914 0 1 0 0 0 0 0 0 0
68.3459 1 0 0 0 0 0 0 0 0
74.3641 0 1 0 0 0 0 0 0 0
74.9521 1 0 0 0 0 0 0 0 0
83.4124 0 1 0 0 0 0 0 0 0
83.9794 0 0 0 1 0 0 0 0 0
85.1229 0 0 0 0 1 0 0 0 0
85.2668 0 0 0 1 0 0 0 0 0
86.9773 0 0 0 0 1 0 0 0 0
87.2762 1 0 0 0 0 0 0 0 0
89.2448 0 1 0 0 0 0 0 0 0
93.2115 1 0 0 0 0 0 0 0 0
93.3054 0 1 0 0 0 0 0 0 0
94.3351 1 0 0 0 0 0 0 0 0
94.4283 0 1 0 0 0 0 0 0 0
94.5101 1 0 1 0 0 0 0 0 0
94.623 0 1 0 0 0 0 0 0 0
96.0456 1 0 0 0 0 0 0 0 0
98.6428 0 1 0 0 0 0 0 0 0
99.3026 0 0 0 1 0 0 0 0 0
100.116 0 0 0 0 1 0 0 0 0
100.466 1 0 0 0 0 0 0 0 0
103.321 0 1 0 0 0 0 0 0 0
103.733 1 0 0 0 0 0 0 0 0
106.145 0 1 0 0 0 0 0 0 0
106.845 1 0 0 0 0 0 0 0 0
109.485 0 1 0 0 0 0 0 0 0
109.751 1 0 0 0 0 0 0 0 0
118.171 0 1 0 0 0 0 0 0 0
118.604 1 0 0 0 0 0 0 0 0
119.789 0 1 0 0 0 0 0 0 0
120.644 1 0 0 0 0 0 0 0 0
121.87 0 1 0 0 0 0 0 0 0
123.097 0 0 0 0 0 1 0 0 0
125.488 0 0 0 0 0 0 1 0 0
127.012 0 0 0 0 0 1 0 0 0
127.992 0 0 0 0 0 0 1 0 0
130.537 0 0 0 0 0 1 0 0 0
132.021 0 0 0 0 0 0 1 0 0
136.235 0 0 0 0 0 1 0 0 0
137.204 0 0 0 0 0 0 1 0 0
161.041 0 0 0 1 0 0 0 0 0
161.597 0 0 0 0 1 0 0 0 0
162.123 0 0 0 1 0 0 0 0 0
163.977 0 0 0 0 1 0 0 0 0
164.225 0 0 0 1 0 0 0 0 0
167.749 0 0 0 0 1 0 0 0 0
168.316 1 0 0 0 0 0 0 0 0
169.161 0 1 0 0 0 0 0 0 0
169.531 1 0 0 0 0 0 0 0 0
170.408 0 1 0 0 0 0 0 0 0
171.387 1 0 0 0 0 0 0 0 0
172.026 0 1 0 0 0 0 0 0 0
172.592 1 0 0 0 0 0 0 0 0
177.91 0 1 0 0 0 0 0 0 0
178.343 1 0 0 0 0 0 0 0 0
178.488 0 1 0 0 0 0 0 0 0
179.424 1 0 0 0 0 0 0 0 0
179.569 0 1 0 0 0 0 0 0 0
179.693 1 0 1 0 0 0 0 0 0
179.796 0 1 0 0 0 0 0 0 0
182.423 0 0 0 1 0 0 0 0 0
186.01 0 0 0 0 1 0 0 0 0
186.649 0 0 0 1 0 0 0 0 0
187.587 0 0 0 0 1 0 0 0 0
187.793 0 0 0 1 0 0 0 0 0
190.596 0 0 0 0 1 0 0 0 0
191.318 1 0 0 0 0 0 0 0 0
195.316 0 1 0 0 0 0 0 0 0
195.841 1 0 0 0 0 0 0 0 0
203.117 0 1 0 0 0 0 0 0 0
203.776 1 0 0 0 0 0 0 0 0
206.105 0 1 0 0 0 0 0 0 0
210.835 1 0 0 0 0 0 0 0 0
214.432 0 1 0 0 0 0 0 0 0
214.628 1 0 0 0 0 0 0 0 0
220.378 0 1 0 0 0 0 0 0 0
221.202 1 0 0 0 0 0 0 0 0
224.016 0 1 0 0 0 0 0 0 0
224.417 1 0 0 0 0 0 0 0 0
228.035 0 1 0 0 0 0 0 0 0
235.32 1 0 0 0 0 0 0 0 0
236.01 0 1 0 0 0 0 0 0 0
236.887 1 0 0 0 0 0 0 0 0
237.021 0 1 0 0 0 0 0 0 0
237.805 1 0 0 0 0 0 0 0 0
237.928 0 1 0 0 0 0 0 0 0
237.99 1 0 1 0 0 0 0 0 0
238.093 0 1 0 0 0 0 0 0 0
240.061 1 0 0 0 0 0 0 0 0
241.277 0 1 0 0 0 0 0 0 0
242.143 0 0 0 0 0 1 0 0 0
244.008 0 0 0 0 0 0 1 0 0
246.522 0 0 0 0 0 1 0 0 0
248.789 0 0 0 0 0 0 1 0 0
272.049 0 0 0 1 0 0 0 0 0
272.77 0 0 0 0 1 0 0 0 0
273.337 1 0 0 0 0 0 0 0 0
273.45 0 1 0 0 0 0 0 0 0
273.543 1 0 1 0 0 0 0 0 0
276.923 0 1 0 0 0 0 0 0 0
277.346 1 0 0 0 0 0 0 0 0
278.304 0 1 0 0 0 0 0 0 0
278.995 1 0 0 0 0 0 0 0 0
286.28 0 1 0 0 0 0 0 0 0
286.745 1 0 0 0 0 0 0 0 0
286.848 0 1 0 0 0 0 0 0 0
286.92 1 0 1 0 0 0 0 0 0
287.013 0 1 0 0 0 0 0 0 0
289.919 1 0 0 0 0 0 0 0 0
291.754 0 1 0 0 0 0 0 0 0
292.072 1 0 0 0 0 0 0 0 0
292.763 0 1 0 0 0 0 0 0 0
293.216 1 0 0 0 0 0 0 0 0
294.535 0 1 0 0 0 0 0 0 0
294.762 1 0 0 0 0 0 0 0 0
295.597 0 1 0 0 0 0 0 0 0
295.772 1 0 0 0 0 0 0 0 0
296.689 0 1 0 0 0 0 0 0 0
296.772 1 0 0 0 0 0 0 0 0
297.915 0 1 0 0 0 0 0 0 0
298.276 1 0 0 0 0 0 0 0 0
313.167 0 1 0 0 0 0 0 0 0
313.539 1 0 0 0 0 0 0 0 0
313.662 0 1 0 0 0 0 0 0 0
314.558 1 0 0 0 0 0 0 0 0
314.65 0 1 0 0 0 0 0 0 0
314.795 1 0 1 0 0 0 0 0 0
314.929 0 1 0 0 0 0 0 0 0
317.197 1 0 0 0 0 0 0 0 0
317.855 0 1 0 0 0 0 0 0 0
318.226 1 0 0 0 0 0 0 0 0
318.855 0 1 0 0 0 0 0 0 0
319.133 1 0 0 0 0 0 0 0 0
319.556 0 1 0 0 0 0 0 0 0
319.814 1 0 0 0 0 0 0 0 0
320.226 0 1 0 0 0 0 0 0 0
320.545 1 0 0 0 0 0 0 0 0
320.977 0 1 0 0 0 0 0 0 0
321.524 1 0 0 0 0 0 0 0 0
321.844 0 1 0 0 0 0 0 0 0
322.74 0 0 0 1 0 0 0 0 0
327.079 0 0 0 0 1 0 0 0 0
328.1 1 0 0 0 0 0 0 0 0
331.994 0 1 0 0 0 0 0 0 0
332.51 1 0 0 0 0 0 0 0 0
333.273 0 1 0 0 0 0 0 0 0
334.56 1 0 0 0 0 0 0 0 0
336.581 0 1 0 0 0 0 0 0 0
340.188 1 0 0 0 0 0 0 0 0
343.897 0 1 0 0 0 0 0 0 0
344.36 1 0 0 0 0 0 0 0 0
345.051 0 1 0 0 0 0 0 0 0
348.287 0 0 0 1 0 0 0 0 0
351.935 0 0 0 0 1 0 0 0 0
