2.61094 0 0 0 0 0 1 0 0 0
4.11546 0 0 0 0 0 0 1 0 0
28.416 1 0 0 0 0 0 0 0 0
28.529 0 1 0 0 0 0 0 0 0
28.632 1 0 1 0 0 0 0 0 0
28.7149 0 1 0 0 0 0 0 0 0
29.3528 1 0 0 0 0 0 0 0 0
29.4877 0 1 0 0 0 0 0 0 0
29.8996 1 0 0 0 0 0 0 0 0
39.9366 0 1 0 0 0 0 0 0 0
40.5554 0 0 0 1 0 0 0 0 0
44.7811 0 0 0 0 1 0 0 0 0
45.204 1 0 0 0 0 0 0 0 0
47.2434 0 1 0 0 0 0 0 0 0
47.5523 1 0 0 0 0 0 0 0 0
50.1395 0 1 0 0 0 0 0 0 0
50.3554 0 0 0 1 0 0 0 0 0
51.3452 0 0 0 0 1 0 0 0 0
51.5611 1 0 0 0 0 0 0 0 0
52.9216 0 1 0 0 0 0 0 0 0
54.0863 1 0 0 0 0 0 0 0 0
57.6832 0 1 0 0 0 0 0 0 0
57.8372 1 0 0 0 0 0 0 0 0
59.6316 0 1 0 0 0 0 0 0 0
60.5174 1 0 0 0 0 0 0 0 0
61.2592 0 1 0 0 0 0 0 0 0
61.5171 1 0 0 0 0 0 0 0 0
61.609 0 1 0 0 0 0 0 0 0
61.784 1 0 1 0 0 0 0 0 0
61.8879 0 1 0 0 0 0 0 0 0
61.9599 1 0 1 0 0 0 0 0 0
62.0729 0 1 0 0 0 0 0 0 0
64.0203 1 0 0 0 0 0 0 0 0
64.5051 0 1 0 0 0 0 0 0 0
64.7112 1 0 0 0 0 0 0 0 0
68.308 0 1 0 0 0 0 0 0 0
68.7409 0 0 0 1 0 0 0 0 0
68.9059 0 0 0 0 1 0 0 0 0
69.0598 0 0 0 1 0 0 0 0 0
70.0795 0 0 0 0 1 0 0 0 0
70.2244 0 0 0 1 0 0 0 0 0
70.2864 0 0 0 0 1 0 0 0 0
70.3794 0 0 0 1 0 0 0 0 0
71.4611 0 0 0 0 1 0 0 0 0
71.9349 1 0 0 0 0 0 0 0 0
74.9961 0 1 0 0 0 0 0 0 0
75.3669 0 0 0 1 0 0 0 0 0
76.9025 0 0 0 0 1 0 0 0 0
77.6242 0 0 0 1 0 0 0 0 0
78.2111 0 0 0 0 1 0 0 0 0
80.1274 1 0 0 0 0 0 0 0 0
81.457 0 1 0 0 0 0 0 0 0
82.4567 0 0 0 1 0 0 0 0 0
83.6834 0 0 0 0 1 0 0 0 0
84.1672 1 0 0 0 0 0 0 0 0
84.93 0 1 0 0 0 0 0 0 0
85.6927 0 0 0 0 0 1 0 0 0
87.0733 0 0 0 0 0 0 1 0 0
106.643 0 0 0 1 0 0 0 0 0
108.55 0 0 0 0 1 0 0 0 0
109.097 1 0 0 0 0 0 0 0 0
110.487 0 1 0 0 0 0 0 0 0
111.147 1 0 0 0 0 0 0 0 0
114.836 0 1 0 0 0 0 0 0 0
115.393 1 0 0 0 0 0 0 0 0
116.588 0 1 0 0 0 0 0 0 0
117.495 1 0 0 0 0 0 0 0 0
122.05 0 1 0 0 0 0 0 0 0
122.525 0 0 0 1 0 0 0 0 0
123.359 0 0 0 0 1 0 0 0 0
123.709 0 0 0 1 0 0 0 0 0
127.203 0 0 0 0 1 0 0 0 0
127.76 1 0 0 0 0 0 0 0 0
128.883 0 1 0 0 0 0 0 0 0
138.983 1 0 0 0 0 0 0 0 0
139.148 0 1 0 0 0 0 0 0 0
140.167 1 0 0 0 0 0 0 0 0
140.281 0 1 0 0 0 0 0 0 0
140.343 1 0 1 0 0 0 0 0 0
140.456 0 1 0 0 0 0 0 0 0
142.126 1 0 0 0 0 0 0 0 0
148.114 0 1 0 0 0 0 0 0 0
148.598 1 0 0 0 0 0 0 0 0
148.742 0 1 0 0 0 0 0 0 0
149.607 1 0 0 0 0 0 0 0 0
149.7 0 1 0 0 0 0 0 0 0
149.772 1 0 1 0 0 0 0 0 0
149.875 0 1 0 0 0 0 0 0 0
151.38 1 0 0 0 0 0 0 0 0
153.493 0 1 0 0 0 0 0 0 0
154.286 1 0 0 0 0 0 0 0 0
158.007 0 1 0 0 0 0 0 0 0
158.399 1 0 0 0 0 0 0 0 0
159.079 0 1 0 0 0 0 0 0 0
159.367 1 0 0 0 0 0 0 0 0
159.418 0 1 0 0 0 0 0 0 0
159.47 1 0 1 0 0 0 0 0 0
159.573 0 1 0 0 0 0 0 0 0
160.305 1 0 0 0 0 0 0 0 0
162.233 0 1 0 0 0 0 0 0 0
163.046 1 0 0 0 0 0 0 0 0
165.15 0 1 0 0 0 0 0 0 0
165.252 1 0 0 0 0 0 0 0 0
165.459 0 1 0 0 0 0 0 0 0
165.849 0 0 0 1 0 0 0 0 0
166.653 0 0 0 0 1 0 0 0 0
167.241 1 0 0 0 0 0 0 0 0
167.323 0 1 0 0 0 0 0 0 0
167.385 1 0 1 0 0 0 0 0 0
167.488 0 1 0 0 0 0 0 0 0
168.56 1 0 0 0 0 0 0 0 0
175.331 0 1 0 0 0 0 0 0 0
175.969 1 0 0 0 0 0 0 0 0
176.113 0 1 0 0 0 0 0 0 0
176.175 1 0 1 0 0 0 0 0 0
176.278 0 1 0 0 0 0 0 0 0
177.206 1 0 0 0 0 0 0 0 0
178.309 0 1 0 0 0 0 0 0 0
178.721 1 0 0 0 0 0 0 0 0
179.411 0 1 0 0 0 0 0 0 0
180.101 1 0 0 0 0 0 0 0 0
182.266 0 1 0 0 0 0 0 0 0
182.884 0 0 0 0 0 1 0 0 0
183.967 0 0 0 0 0 0 1 0 0
209.803 0 0 0 1 0 0 0 0 0
210.937 0 0 0 0 1 0 0 0 0
211.123 0 0 0 1 0 0 0 0 0
212.761 0 0 0 0 1 0 0 0 0
213.152 1 0 0 0 0 0 0 0 0
214.389 0 1 0 0 0 0 0 0 0
214.843 1 0 0 0 0 0 0 0 0
216.646 0 1 0 0 0 0 0 0 0
217.398 1 0 0 0 0 0 0 0 0
219.181 0 1 0 0 0 0 0 0 0
220.067 1 0 0 0 0 0 0 0 0
221.438 0 1 0 0 0 0 0 0 0
226.446 1 0 0 0 0 0 0 0 0
226.715 0 1 0 0 0 0 0 0 0
226.859 1 0 1 0 0 0 0 0 0
226.951 0 1 0 0 0 0 0 0 0
227.014 1 0 0 0 0 0 0 0 0
227.096 0 1 0 0 0 0 0 0 0
227.169 1 0 1 0 0 0 0 0 0
227.271 0 1 0 0 0 0 0 0 0
228.374 1 0 0 0 0 0 0 0 0
229.569 0 1 0 0 0 0 0 0 0
230.486 1 0 0 0 0 0 0 0 0
234.64 0 1 0 0 0 0 0 0 0
234.959 0 0 0 1 0 0 0 0 0
235.042 0 0 0 0 1 0 0 0 0
235.134 0 0 0 1 0 0 0 0 0
235.226 0 0 0 0 1 0 0 0 0
235.3 0 0 0 1 0 0 0 0 0
235.762 0 0 0 0 1 0 0 0 0
235.969 0 0 0 1 0 0 0 0 0
237.432 0 0 0 0 1 0 0 0 0
237.814 0 0 0 1 0 0 0 0 0
238.627 0 0 0 0 1 0 0 0 0
238.771 0 0 0 1 0 0 0 0 0
238.864 0 0 0 0 1 0 0 0 0
238.947 0 0 0 1 0 0 0 0 0
239.369 0 0 0 0 1 0 0 0 0
239.813 0 0 0 1 0 0 0 0 0
240.565 0 0 0 0 1 0 0 0 0
240.967 1 0 0 0 0 0 0 0 0
244.347 0 1 0 0 0 0 0 0 0
244.955 1 0 0 0 0 0 0 0 0
246.212 0 1 0 0 0 0 0 0 0
247.397 1 0 0 0 0 0 0 0 0
247.531 0 1 0 0 0 0 0 0 0
247.583 1 0 1 0 0 0 0 0 0
247.686 0 1 0 0 0 0 0 0 0
248.417 1 0 0 0 0 0 0 0 0
248.953 0 1 0 0 0 0 0 0 0
249.571 1 0 0 0 0 0 0 0 0
258.341 0 1 0 0 0 0 0 0 0
264.185 0 0 0 1 0 0 0 0 0
264.319 0 0 0 0 1 0 0 0 0
265.173 1 0 0 0 0 0 0 0 0
265.276 0 1 0 0 0 0 0 0 0
265.348 1 0 1 0 0 0 0 0 0
265.452 0 1 0 0 0 0 0 0 0
266.761 1 0 0 0 0 0 0 0 0
267.628 0 1 0 0 0 0 0 0 0
268.029 1 0 0 0 0 0 0 0 0
279.745 0 1 0 0 0 0 0 0 0
280.24 1 0 0 0 0 0 0 0 0
280.313 0 1 0 0 0 0 0 0 0
280.385 1 0 1 0 0 0 0 0 0
280.467 0 1 0 0 0 0 0 0 0
283.776 0 0 0 0 0 1 0 0 0
285.496 0 0 0 0 0 0 1 0 0
307.951 1 0 0 0 0 0 0 0 0
308.775 0 1 0 0 0 0 0 0 0
309.415 0 0 0 1 0 0 0 0 0
310.322 0 0 0 0 1 0 0 0 0
310.744 1 0 0 0 0 0 0 0 0
312.753 0 1 0 0 0 0 0 0 0
313.259 1 0 0 0 0 0 0 0 0
314.362 0 1 0 0 0 0 0 0 0
314.691 1 0 0 0 0 0 0 0 0
316.227 0 1 0 0 0 0 0 0 0
316.577 1 0 0 0 0 0 0 0 0
323.688 0 1 0 0 0 0 0 0 0
324.193 1 0 0 0 0 0 0 0 0
324.295 0 1 0 0 0 0 0 0 0
324.367 1 0 1 0 0 0 0 0 0
324.481 0 1 0 0 0 0 0 0 0
326.243 1 0 0 0 0 0 0 0 0
332.509 0 1 0 0 0 0 0 0 0
333.766 0 0 0 1 0 0 0 0 0
336.074 0 0 0 0 1 0 0 0 0
336.414 1 0 0 0 0 0 0 0 0
338.506 0 1 0 0 0 0 0 0 0
339.208 1 0 0 0 0 0 0 0 0
340.382 0 1 0 0 0 0 0 0 0
340.928 1 0 0 0 0 0 0 0 0
341.062 0 1 0 0 0 0 0 0 0
341.123 1 0 1 0 0 0 0 0 0
341.226 0 1 0 0 0 0 0 0 0
342.753 1 0 0 0 0 0 0 0 0
346.153 0 1 0 0 0 0 0 0 0
346.575 1 0 0 0 0 0 0 0 0
352.037 0 1 0 0 0 0 0 0 0
356.107 1 0 0 0 0 0 0 0 0
357.848 0 1 0 0 0 0 0 0 0
358.323 0 0 0 1 0 0 0 0 0
359.086 0 0 0 0 1 0 0 0 0
359.261 0 0 0 1 0 0 0 0 0
360.003 0 0 0 0 1 0 0 0 0
360.281 1 0 0 0 0 0 0 0 0
362.157 0 1 0 0 0 0 0 0 0
362.847 1 0 0 0 0 0 0 0 0
365.012 0 1 0 0 0 0 0 0 0
