3.27078 0 0 0 0 0 1 0 0 0
5.24018 0 0 0 0 0 0 1 0 0
36.8056 1 0 0 0 0 0 0 0 0
38.2791 0 1 0 0 0 0 0 0 0
38.5162 0 0 0 1 0 0 0 0 0
43.4215 0 0 0 0 1 0 0 0 0
44.1633 1 0 0 0 0 0 0 0 0
45.3389 0 1 0 0 0 0 0 0 0
45.9668 1 0 0 0 0 0 0 0 0
47.0185 0 1 0 0 0 0 0 0 0
47.3484 1 0 0 0 0 0 0 0 0
47.8742 0 1 0 0 0 0 0 0 0
48.471 1 0 0 0 0 0 0 0 0
50.9862 0 1 0 0 0 0 0 0 0
51.2132 1 0 0 0 0 0 0 0 0
53.3255 0 1 0 0 0 0 0 0 0
53.5725 0 0 0 1 0 0 0 0 0
56.4376 0 0 0 0 1 0 0 0 0
57.2104 1 0 0 0 0 0 0 0 0
58.0252 0 1 0 0 0 0 0 0 0
58.5511 1 0 0 0 0 0 0 0 0
59.3337 0 1 0 0 0 0 0 0 0
60.4164 1 0 0 0 0 0 0 0 0
61.5801 0 1 0 0 0 0 0 0 0
62.0549 1 0 0 0 0 0 0 0 0
64.4352 0 1 0 0 0 0 0 0 0
65.3319 1 0 0 0 0 0 0 0 0
67.5473 0 1 0 0 0 0 0 0 0
68.6301 1 0 0 0 0 0 0 0 0
68.7119 0 1 0 0 0 0 0 0 0
68.7949 1 0 1 0 0 0 0 0 0
68.9188 0 1 0 0 0 0 0 0 0
71.5361 1 0 0 0 0 0 0 0 0
73.2565 0 1 0 0 0 0 0 0 0
73.6994 1 0 0 0 0 0 0 0 0
77.9352 0 1 0 0 0 0 0 0 0
78.43 1 0 0 0 0 0 0 0 0
78.492 0 1 0 0 0 0 0 0 0
78.564 1 0 1 0 0 0 0 0 0
78.667 0 1 0 0 0 0 0 0 0
80.5233 1 0 0 0 0 0 0 0 0
83.4595 0 1 0 0 0 0 0 0 0
83.7474 1 0 0 0 0 0 0 0 0
84.0155 0 1 0 0 0 0 0 0 0
84.0883 1 0 1 0 0 0 0 0 0
84.2112 0 1 0 0 0 0 0 0 0
85.7987 1 0 0 0 0 0 0 0 0
87.1073 0 1 0 0 0 0 0 0 0
87.5602 1 0 0 0 0 0 0 0 0
90.6523 0 1 0 0 0 0 0 0 0
91.1682 1 0 0 0 0 0 0 0 0
91.2092 0 1 0 0 0 0 0 0 0
91.2812 1 0 1 0 0 0 0 0 0
91.3841 0 1 0 0 0 0 0 0 0
93.2285 1 0 0 0 0 0 0 0 0
94.4452 0 1 0 0 0 0 0 0 0
94.95 1 0 0 0 0 0 0 0 0
100.04 0 1 0 0 0 0 0 0 0
100.556 1 0 0 0 0 0 0 0 0
102.05 0 1 0 0 0 0 0 0 0
109.74 1 0 0 0 0 0 0 0 0
109.893 0 1 0 0 0 0 0 0 0
109.954 1 0 1 0 0 0 0 0 0
110.089 0 1 0 0 0 0 0 0 0
111.841 1 0 0 0 0 0 0 0 0
112.892 0 1 0 0 0 0 0 0 0
113.489 1 0 0 0 0 0 0 0 0
113.603 0 1 0 0 0 0 0 0 0
113.685 1 0 1 0 0 0 0 0 0
113.779 0 1 0 0 0 0 0 0 0
115.303 1 0 0 0 0 0 0 0 0
116.397 0 1 0 0 0 0 0 0 0
116.726 1 0 0 0 0 0 0 0 0
117.498 0 1 0 0 0 0 0 0 0
117.963 1 0 0 0 0 0 0 0 0
121.858 0 1 0 0 0 0 0 0 0
122.652 0 0 0 0 0 1 0 0 0
123.97 0 0 0 0 0 0 1 0 0
126.052 0 0 0 0 0 1 0 0 0
126.865 0 0 0 0 0 0 1 0 0
128.412 0 0 0 0 0 1 0 0 0
129.546 0 0 0 0 0 0 1 0 0
161.255 1 0 0 0 0 0 0 0 0
167.872 0 1 0 0 0 0 0 0 0
168.253 1 0 0 0 0 0 0 0 0
168.345 0 1 0 0 0 0 0 0 0
168.428 1 0 1 0 0 0 0 0 0
168.531 0 1 0 0 0 0 0 0 0
170.469 1 0 0 0 0 0 0 0 0
171.458 0 1 0 0 0 0 0 0 0
171.931 1 0 0 0 0 0 0 0 0
172.993 0 1 0 0 0 0 0 0 0
173.374 1 0 0 0 0 0 0 0 0
174.096 0 1 0 0 0 0 0 0 0
174.333 1 0 0 0 0 0 0 0 0
175.786 0 1 0 0 0 0 0 0 0
179.496 0 0 0 1 0 0 0 0 0
182.803 0 0 0 0 1 0 0 0 0
183.525 1 0 0 0 0 0 0 0 0
184.803 0 1 0 0 0 0 0 0 0
185.329 1 0 0 0 0 0 0 0 0
185.452 0 1 0 0 0 0 0 0 0
185.545 1 0 1 0 0 0 0 0 0
185.647 0 1 0 0 0 0 0 0 0
187.163 1 0 0 0 0 0 0 0 0
187.266 0 1 0 0 0 0 0 0 0
187.699 0 0 0 1 0 0 0 0 0
191.316 0 0 0 0 1 0 0 0 0
191.873 1 0 0 0 0 0 0 0 0
192.655 0 1 0 0 0 0 0 0 0
193.511 1 0 0 0 0 0 0 0 0
196.386 0 1 0 0 0 0 0 0 0
196.757 1 0 0 0 0 0 0 0 0
196.912 0 1 0 0 0 0 0 0 0
196.953 1 0 1 0 0 0 0 0 0
197.097 0 1 0 0 0 0 0 0 0
199.024 1 0 0 0 0 0 0 0 0
200.096 0 1 0 0 0 0 0 0 0
200.416 1 0 0 0 0 0 0 0 0
202.992 0 1 0 0 0 0 0 0 0
208.733 1 0 0 0 0 0 0 0 0
214.452 0 1 0 0 0 0 0 0 0
214.7 1 0 0 0 0 0 0 0 0
214.793 0 1 0 0 0 0 0 0 0
214.875 1 0 1 0 0 0 0 0 0
214.978 0 1 0 0 0 0 0 0 0
216.791 1 0 0 0 0 0 0 0 0
217.874 0 1 0 0 0 0 0 0 0
218.41 1 0 0 0 0 0 0 0 0
219.141 0 1 0 0 0 0 0 0 0
220.811 1 0 0 0 0 0 0 0 0
222.16 0 1 0 0 0 0 0 0 0
222.511 1 0 0 0 0 0 0 0 0
223.913 0 1 0 0 0 0 0 0 0
224.562 1 0 0 0 0 0 0 0 0
227.056 0 1 0 0 0 0 0 0 0
227.675 1 0 0 0 0 0 0 0 0
227.777 0 1 0 0 0 0 0 0 0
227.86 1 0 1 0 0 0 0 0 0
227.942 0 1 0 0 0 0 0 0 0
229.395 1 0 0 0 0 0 0 0 0
230.982 0 1 0 0 0 0 0 0 0
232.321 1 0 0 0 0 0 0 0 0
240.844 0 1 0 0 0 0 0 0 0
242.121 0 0 0 0 0 1 0 0 0
243.441 0 0 0 0 0 0 1 0 0
245.79 0 0 0 0 0 1 0 0 0
246.481 0 0 0 0 0 0 1 0 0
248.285 0 0 0 0 0 1 0 0 0
249.799 0 0 0 0 0 0 1 0 0
251.777 0 0 0 0 0 1 0 0 0
253.88 0 0 0 0 0 0 1 0 0
276.139 0 0 0 1 0 0 0 0 0
278.871 0 0 0 0 1 0 0 0 0
279.458 0 0 0 1 0 0 0 0 0
280.107 0 0 0 0 1 0 0 0 0
280.397 0 0 0 1 0 0 0 0 0
282.457 0 0 0 0 1 0 0 0 0
283.787 1 0 0 0 0 0 0 0 0
285.476 0 1 0 0 0 0 0 0 0
286.032 1 0 0 0 0 0 0 0 0
287.435 0 1 0 0 0 0 0 0 0
288.691 1 0 0 0 0 0 0 0 0
288.805 0 1 0 0 0 0 0 0 0
288.877 1 0 1 0 0 0 0 0 0
288.991 0 1 0 0 0 0 0 0 0
290.918 1 0 0 0 0 0 0 0 0
297.472 0 1 0 0 0 0 0 0 0
297.741 1 0 0 0 0 0 0 0 0
300.471 0 1 0 0 0 0 0 0 0
300.998 1 0 0 0 0 0 0 0 0
301.141 0 1 0 0 0 0 0 0 0
301.212 1 0 1 0 0 0 0 0 0
301.305 0 1 0 0 0 0 0 0 0
302.872 1 0 0 0 0 0 0 0 0
310.591 0 1 0 0 0 0 0 0 0
319.845 1 0 0 0 0 0 0 0 0
321.854 0 1 0 0 0 0 0 0 0
323.607 1 0 0 0 0 0 0 0 0
326.945 0 1 0 0 0 0 0 0 0
327.78 0 0 0 1 0 0 0 0 0
330.336 0 0 0 0 1 0 0 0 0
331.304 1 0 0 0 0 0 0 0 0
334.005 0 1 0 0 0 0 0 0 0
336.138 1 0 0 0 0 0 0 0 0
336.241 0 1 0 0 0 0 0 0 0
336.313 1 0 1 0 0 0 0 0 0
336.437 0 1 0 0 0 0 0 0 0
338.858 1 0 0 0 0 0 0 0 0
340.332 0 1 0 0 0 0 0 0 0
341.043 1 0 0 0 0 0 0 0 0
343.176 0 1 0 0 0 0 0 0 0
343.506 1 0 0 0 0 0 0 0 0
344.361 0 1 0 0 0 0 0 0 0
345.402 1 0 0 0 0 0 0 0 0
352.359 0 1 0 0 0 0 0 0 0
