19.3557 1 0 0 0 0 0 0 0 0
20.7673 0 1 0 0 0 0 0 0 0
21.8081 1 0 0 0 0 0 0 0 0
24.2615 0 1 0 0 0 0 0 0 0
24.6943 1 0 0 0 0 0 0 0 0
25.6321 0 1 0 0 0 0 0 0 0
26.116 1 0 0 0 0 0 0 0 0
27.0547 0 1 0 0 0 0 0 0 0
27.4766 1 0 0 0 0 0 0 0 0
28.1575 0 1 0 0 0 0 0 0 0
28.5494 1 0 0 0 0 0 0 0 0
29.3941 0 1 0 0 0 0 0 0 0
30.136 1 0 0 0 0 0 0 0 0
30.249 0 1 0 0 0 0 0 0 0
30.3109 1 0 1 0 0 0 0 0 0
30.4449 0 1 0 0 0 0 0 0 0
33.6621 1 0 0 0 0 0 0 0 0
34.5679 0 1 0 0 0 0 0 0 0
35.2477 1 0 0 0 0 0 0 0 0
35.8775 0 1 0 0 0 0 0 0 0
36.8662 1 0 0 0 0 0 0 0 0
38.0409 0 1 0 0 0 0 0 0 0
38.9477 1 0 0 0 0 0 0 0 0
39.6386 0 1 0 0 0 0 0 0 0
40.0194 1 0 0 0 0 0 0 0 0
41.3603 0 1 0 0 0 0 0 0 0
42.5138 1 0 0 0 0 0 0 0 0
42.6478 0 1 0 0 0 0 0 0 0
42.6997 1 0 1 0 0 0 0 0 0
42.8338 0 1 0 0 0 0 0 0 0
44.7192 1 0 0 0 0 0 0 0 0
45.8949 0 1 0 0 0 0 0 0 0
48.5333 1 0 0 0 0 0 0 0 0
50.048 0 1 0 0 0 0 0 0 0
50.9957 1 0 0 0 0 0 0 0 0
52.1194 0 1 0 0 0 0 0 0 0
54.2218 0 0 0 1 0 0 0 0 0
59.1586 0 0 0 0 1 0 0 0 0
60.0653 0 0 0 1 0 0 0 0 0
62.5387 0 0 0 0 1 0 0 0 0
64.0334 1 0 0 0 0 0 0 0 0
66.6817 0 1 0 0 0 0 0 0 0
69.403 1 0 0 0 0 0 0 0 0
71.0516 0 1 0 0 0 0 0 0 0
72.4432 1 0 0 0 0 0 0 0 0
76.2043 0 1 0 0 0 0 0 0 0
76.8741 1 0 0 0 0 0 0 0 0
78.5647 0 1 0 0 0 0 0 0 0
79.8024 1 0 0 0 0 0 0 0 0
79.9043 0 1 0 0 0 0 0 0 0
79.9553 1 0 1 0 0 0 0 0 0
80.1003 0 1 0 0 0 0 0 0 0
82.0888 1 0 0 0 0 0 0 0 0
83.9543 0 1 0 0 0 0 0 0 0
84.3362 1 0 0 0 0 0 0 0 0
86.0877 0 1 0 0 0 0 0 0 0
86.4696 1 0 0 0 0 0 0 0 0
87.3764 0 1 0 0 0 0 0 0 0
87.9853 0 0 0 1 0 0 0 0 0
90.1697 0 0 0 0 1 0 0 0 0
91.7563 1 0 0 0 0 0 0 0 0
93.7048 0 1 0 0 0 0 0 0 0
94.8585 1 0 0 0 0 0 0 0 0
96.1262 0 1 0 0 0 0 0 0 0
96.868 1 0 0 0 0 0 0 0 0
97.6929 0 1 0 0 0 0 0 0 0
98.5376 1 0 0 0 0 0 0 0 0
100.991 0 1 0 0 0 0 0 0 0
101.589 1 0 0 0 0 0 0 0 0
102.816 0 1 0 0 0 0 0 0 0
103.319 1 0 0 0 0 0 0 0 0
104.536 0 1 0 0 0 0 0 0 0
105.258 0 0 0 1 0 0 0 0 0
106.566 0 0 0 0 1 0 0 0 0
108.277 1 0 0 0 0 0 0 0 0
109.886 0 1 0 0 0 0 0 0 0
110.339 1 0 0 0 0 0 0 0 0
111.039 0 1 0 0 0 0 0 0 0
111.544 1 0 0 0 0 0 0 0 0
112.328 0 1 0 0 0 0 0 0 0
112.668 0 0 0 1 0 0 0 0 0
112.781 0 0 0 0 1 0 0 0 0
112.863 0 0 0 1 0 0 0 0 0
117.708 0 0 0 0 1 0 0 0 0
118.758 1 0 0 0 0 0 0 0 0
120.429 0 1 0 0 0 0 0 0 0
134.547 1 0 0 0 0 0 0 0 0
136.197 0 1 0 0 0 0 0 0 0
137.115 1 0 0 0 0 0 0 0 0
137.795 0 1 0 0 0 0 0 0 0
138.258 0 0 0 1 0 0 0 0 0
142.659 0 0 0 0 1 0 0 0 0
149.215 1 0 0 0 0 0 0 0 0
149.308 0 1 0 0 0 0 0 0 0
149.359 1 0 1 0 0 0 0 0 0
149.504 0 1 0 0 0 0 0 0 0
151.245 1 0 0 0 0 0 0 0 0
153.348 0 1 0 0 0 0 0 0 0
154.388 1 0 0 0 0 0 0 0 0
155.821 0 1 0 0 0 0 0 0 0
156.357 0 0 0 1 0 0 0 0 0
156.615 0 0 0 0 1 0 0 0 0
157.213 0 0 0 1 0 0 0 0 0
160.861 0 0 0 0 1 0 0 0 0
164.654 0 0 0 1 0 0 0 0 0
164.778 0 0 0 0 1 0 0 0 0
165.159 1 0 0 0 0 0 0 0 0
165.221 0 1 0 0 0 0 0 0 0
165.334 1 0 1 0 0 0 0 0 0
165.469 0 1 0 0 0 0 0 0 0
168.704 1 0 0 0 0 0 0 0 0
170.126 0 1 0 0 0 0 0 0 0
171.137 1 0 0 0 0 0 0 0 0
172.127 0 1 0 0 0 0 0 0 0
172.724 1 0 0 0 0 0 0 0 0
173.393 0 1 0 0 0 0 0 0 0
173.826 1 0 0 0 0 0 0 0 0
174.723 0 1 0 0 0 0 0 0 0
175.754 1 0 0 0 0 0 0 0 0
178.742 0 1 0 0 0 0 0 0 0
179.67 1 0 0 0 0 0 0 0 0
179.804 0 1 0 0 0 0 0 0 0
179.887 1 0 1 0 0 0 0 0 0
180.042 0 1 0 0 0 0 0 0 0
182.371 0 0 0 0 0 1 0 0 0
184.721 0 0 0 0 0 0 1 0 0
187.266 0 0 0 0 0 1 0 0 0
188.935 0 0 0 0 0 0 1 0 0
192.523 0 0 0 0 0 1 0 0 0
193.79 0 0 0 0 0 0 1 0 0
223.091 1 0 0 0 0 0 0 0 0
224.328 0 1 0 0 0 0 0 0 0
225.348 1 0 0 0 0 0 0 0 0
229.109 0 1 0 0 0 0 0 0 0
229.676 1 0 0 0 0 0 0 0 0
231.707 0 1 0 0 0 0 0 0 0
232.345 1 0 0 0 0 0 0 0 0
232.964 0 1 0 0 0 0 0 0 0
234.025 0 0 0 1 0 0 0 0 0
244.981 0 0 0 0 1 0 0 0 0
247.362 1 0 0 0 0 0 0 0 0
247.445 0 1 0 0 0 0 0 0 0
247.527 1 0 1 0 0 0 0 0 0
247.661 0 1 0 0 0 0 0 0 0
250.619 1 0 0 0 0 0 0 0 0
252.649 0 1 0 0 0 0 0 0 0
253.907 1 0 0 0 0 0 0 0 0
255.133 0 1 0 0 0 0 0 0 0
255.864 1 0 0 0 0 0 0 0 0
256.369 0 1 0 0 0 0 0 0 0
259.256 1 0 0 0 0 0 0 0 0
261.275 0 1 0 0 0 0 0 0 0
261.554 1 0 0 0 0 0 0 0 0
262.317 0 1 0 0 0 0 0 0 0
263.234 1 0 0 0 0 0 0 0 0
265.058 0 1 0 0 0 0 0 0 0
265.975 1 0 0 0 0 0 0 0 0
266.697 0 1 0 0 0 0 0 0 0
266.769 1 0 0 0 0 0 0 0 0
267.016 0 1 0 0 0 0 0 0 0
267.675 0 0 0 1 0 0 0 0 0
269.489 0 0 0 0 1 0 0 0 0
272.747 0 0 0 1 0 0 0 0 0
278.219 0 0 0 0 1 0 0 0 0
283.021 1 0 0 0 0 0 0 0 0
283.124 0 1 0 0 0 0 0 0 0
283.186 1 0 1 0 0 0 0 0 0
283.33 0 1 0 0 0 0 0 0 0
286.206 1 0 0 0 0 0 0 0 0
292.647 0 1 0 0 0 0 0 0 0
294.389 1 0 0 0 0 0 0 0 0
295.481 0 1 0 0 0 0 0 0 0
297.481 1 0 0 0 0 0 0 0 0
297.564 0 1 0 0 0 0 0 0 0
297.646 1 0 1 0 0 0 0 0 0
297.791 0 1 0 0 0 0 0 0 0
299.727 1 0 0 0 0 0 0 0 0
300.882 0 1 0 0 0 0 0 0 0
324.649 1 0 0 0 0 0 0 0 0
324.762 0 1 0 0 0 0 0 0 0
324.814 1 0 1 0 0 0 0 0 0
324.938 0 1 0 0 0 0 0 0 0
327.06 1 0 0 0 0 0 0 0 0
330.172 0 1 0 0 0 0 0 0 0
334.306 1 0 0 0 0 0 0 0 0
336.78 0 1 0 0 0 0 0 0 0
338.737 0 0 0 1 0 0 0 0 0
341.479 0 0 0 0 1 0 0 0 0
342.86 0 0 0 1 0 0 0 0 0
344.592 0 0 0 0 1 0 0 0 0
345.25 0 0 0 1 0 0 0 0 0
349.702 0 0 0 0 1 0 0 0 0
351.568 1 0 0 0 0 0 0 0 0
353.731 0 1 0 0 0 0 0 0 0
355.061 1 0 0 0 0 0 0 0 0
355.968 0 1 0 0 0 0 0 0 0
357.225 1 0 0 0 0 0 0 0 0
359.184 0 1 0 0 0 0 0 0 0
367.882 1 0 0 0 0 0 0 0 0
368.14 0 1 0 0 0 0 0 0 0
368.222 1 0 1 0 0 0 0 0 0
368.356 0 1 0 0 0 0 0 0 0
