18.3869 0 0 0 0 0 1 0 0 0
18.5811 0 0 0 0 0 0 1 0 0
31.5005 0 0 0 0 0 1 0 0 0
34.4488 0 0 0 0 0 0 1 0 0
37.685 0 0 0 0 0 1 0 0 0
38.7357 0 0 0 0 0 0 1 0 0
39.8894 0 0 0 0 0 1 0 0 0
41.0641 0 0 0 0 0 0 1 0 0
42.3528 0 0 0 0 0 1 0 0 0
43.4045 0 0 0 0 0 0 1 0 0
44.0743 0 0 0 0 0 1 0 0 0
44.1673 0 0 0 0 0 0 1 0 0
44.3323 0 0 0 0 0 1 0 0 0
45.156 0 0 0 0 0 0 1 0 0
48.4952 0 0 0 0 0 1 0 0 0
49.733 0 0 0 0 0 0 1 0 0
81.4659 1 0 0 0 0 0 0 0 0
83.6303 0 1 0 0 0 0 0 0 0
84.8049 1 0 0 0 0 0 0 0 0
86.2897 0 1 0 0 0 0 0 0 0
87.2163 1 0 0 0 0 0 0 0 0
89.5258 0 1 0 0 0 0 0 0 0
90.1546 1 0 0 0 0 0 0 0 0
92.1332 0 1 0 0 0 0 0 0 0
92.9679 1 0 0 0 0 0 0 0 0
94.8544 0 1 0 0 0 0 0 0 0
96.5959 1 0 0 0 0 0 0 0 0
97.6886 0 1 0 0 0 0 0 0 0
98.2555 1 0 0 0 0 0 0 0 0
99.2963 0 1 0 0 0 0 0 0 0
99.7082 0 0 0 1 0 0 0 0 0
103.769 0 0 0 0 1 0 0 0 0
104.789 1 0 0 0 0 0 0 0 0
106.747 0 1 0 0 0 0 0 0 0
107.634 1 0 0 0 0 0 0 0 0
109.788 0 1 0 0 0 0 0 0 0
110.509 1 0 0 0 0 0 0 0 0
111.065 0 1 0 0 0 0 0 0 0
111.499 0 0 0 1 0 0 0 0 0
114.786 0 0 0 0 1 0 0 0 0
115.848 1 0 0 0 0 0 0 0 0
116.683 0 1 0 0 0 0 0 0 0
117.745 1 0 0 0 0 0 0 0 0
121.239 0 1 0 0 0 0 0 0 0
132.679 1 0 0 0 0 0 0 0 0
132.761 0 1 0 0 0 0 0 0 0
132.885 1 0 1 0 0 0 0 0 0
132.999 0 1 0 0 0 0 0 0 0
134.142 1 0 0 0 0 0 0 0 0
135.874 0 1 0 0 0 0 0 0 0
137.904 1 0 0 0 0 0 0 0 0
139.193 0 1 0 0 0 0 0 0 0
140.048 1 0 0 0 0 0 0 0 0
141.327 0 1 0 0 0 0 0 0 0
142.12 0 0 0 1 0 0 0 0 0
146.335 0 0 0 0 1 0 0 0 0
148.489 1 0 0 0 0 0 0 0 0
151.086 0 1 0 0 0 0 0 0 0
152.426 1 0 0 0 0 0 0 0 0
154.178 0 1 0 0 0 0 0 0 0
155.394 1 0 0 0 0 0 0 0 0
158.084 0 1 0 0 0 0 0 0 0
158.939 1 0 0 0 0 0 0 0 0
160.353 0 1 0 0 0 0 0 0 0
162.455 1 0 0 0 0 0 0 0 0
164 0 1 0 0 0 0 0 0 0
165.268 1 0 0 0 0 0 0 0 0
167.205 0 1 0 0 0 0 0 0 0
168.319 1 0 0 0 0 0 0 0 0
170.421 0 1 0 0 0 0 0 0 0
171.751 1 0 0 0 0 0 0 0 0
174.306 0 1 0 0 0 0 0 0 0
175.368 1 0 0 0 0 0 0 0 0
176.327 0 1 0 0 0 0 0 0 0
177.749 1 0 0 0 0 0 0 0 0
178.336 0 1 0 0 0 0 0 0 0
179.295 1 0 0 0 0 0 0 0 0
180.078 0 1 0 0 0 0 0 0 0
184.49 0 0 0 1 0 0 0 0 0
186.396 0 0 0 0 1 0 0 0 0
188.447 0 0 0 1 0 0 0 0 0
190.353 0 0 0 0 1 0 0 0 0
192.538 0 0 0 0 0 1 0 0 0
194.456 0 0 0 0 0 0 1 0 0
229.394 1 0 0 0 0 0 0 0 0
231.22 0 1 0 0 0 0 0 0 0
232.403 1 0 0 0 0 0 0 0 0
233.63 0 1 0 0 0 0 0 0 0
234.115 1 0 0 0 0 0 0 0 0
234.909 0 1 0 0 0 0 0 0 0
235.146 0 0 0 1 0 0 0 0 0
240.968 0 0 0 0 1 0 0 0 0
243.329 1 0 0 0 0 0 0 0 0
244.256 0 1 0 0 0 0 0 0 0
245.462 1 0 0 0 0 0 0 0 0
246.05 0 1 0 0 0 0 0 0 0
246.276 0 0 0 1 0 0 0 0 0
257.387 0 0 0 0 1 0 0 0 0
257.819 1 0 0 0 0 0 0 0 0
259.479 0 1 0 0 0 0 0 0 0
259.694 0 0 0 1 0 0 0 0 0
265.044 0 0 0 0 1 0 0 0 0
265.57 1 0 0 0 0 0 0 0 0
267.981 0 1 0 0 0 0 0 0 0
268.548 1 0 0 0 0 0 0 0 0
271.691 0 1 0 0 0 0 0 0 0
278.38 1 0 0 0 0 0 0 0 0
281.194 0 1 0 0 0 0 0 0 0
282.111 1 0 0 0 0 0 0 0 0
283.389 0 1 0 0 0 0 0 0 0
284.172 1 0 0 0 0 0 0 0 0
285.059 0 1 0 0 0 0 0 0 0
285.75 1 0 0 0 0 0 0 0 0
286.482 0 1 0 0 0 0 0 0 0
287.388 1 0 0 0 0 0 0 0 0
288.305 0 1 0 0 0 0 0 0 0
288.82 1 0 0 0 0 0 0 0 0
289.583 0 1 0 0 0 0 0 0 0
290.099 1 0 0 0 0 0 0 0 0
290.758 0 1 0 0 0 0 0 0 0
291.387 1 0 0 0 0 0 0 0 0
292.16 0 1 0 0 0 0 0 0 0
292.809 1 0 0 0 0 0 0 0 0
293.85 0 1 0 0 0 0 0 0 0
294.5 1 0 0 0 0 0 0 0 0
295.19 0 1 0 0 0 0 0 0 0
296.324 1 0 0 0 0 0 0 0 0
298.169 0 1 0 0 0 0 0 0 0
298.961 1 0 0 0 0 0 0 0 0
300.209 0 1 0 0 0 0 0 0 0
301.178 1 0 0 0 0 0 0 0 0
301.817 0 1 0 0 0 0 0 0 0
329.613 1 0 0 0 0 0 0 0 0
330.612 0 1 0 0 0 0 0 0 0
331.179 1 0 0 0 0 0 0 0 0
332.849 0 1 0 0 0 0 0 0 0
333.981 1 0 0 0 0 0 0 0 0
335.734 0 1 0 0 0 0 0 0 0
337.084 1 0 0 0 0 0 0 0 0
338.753 0 1 0 0 0 0 0 0 0
339.702 1 0 0 0 0 0 0 0 0
340.867 0 1 0 0 0 0 0 0 0
341.515 1 0 0 0 0 0 0 0 0
342.299 0 1 0 0 0 0 0 0 0
342.742 0 0 0 1 0 0 0 0 0
348.544 0 0 0 0 1 0 0 0 0
349.503 0 0 0 1 0 0 0 0 0
350.203 0 0 0 0 1 0 0 0 0
350.924 1 0 0 0 0 0 0 0 0
352.852 0 1 0 0 0 0 0 0 0
353.367 0 0 0 1 0 0 0 0 0
355.562 0 0 0 0 1 0 0 0 0
356.418 1 0 0 0 0 0 0 0 0
357.716 0 1 0 0 0 0 0 0 0
358.149 1 0 0 0 0 0 0 0 0
359.149 0 1 0 0 0 0 0 0 0
359.561 1 0 0 0 0 0 0 0 0
360.231 0 1 0 0 0 0 0 0 0
361.756 1 0 0 0 0 0 0 0 0
362.56 0 1 0 0 0 0 0 0 0
392.005 1 0 0 0 0 0 0 0 0
393.529 0 1 0 0 0 0 0 0 0
394.529 1 0 0 0 0 0 0 0 0
395.447 0 1 0 0 0 0 0 0 0
397.404 1 0 0 0 0 0 0 0 0
399.002 0 1 0 0 0 0 0 0 0
399.806 1 0 0 0 0 0 0 0 0
400.465 0 1 0 0 0 0 0 0 0
401.248 1 0 0 0 0 0 0 0 0
402.588 0 1 0 0 0 0 0 0 0
