11.4949 1 0 0 0 0 0 0 0 0
18.1012 0 1 0 0 0 0 0 0 0
18.5132 0 0 0 1 0 0 0 0 0
26.1192 0 0 0 0 1 0 0 0 0
27.3049 1 0 0 0 0 0 0 0 0
27.4388 0 1 0 0 0 0 0 0 0
27.49 1 0 1 0 0 0 0 0 0
27.6448 0 1 0 0 0 0 0 0 0
29.5105 1 0 0 0 0 0 0 0 0
30.4591 0 1 0 0 0 0 0 0 0
32.9835 1 0 0 0 0 0 0 0 0
35.4059 0 1 0 0 0 0 0 0 0
35.8587 1 0 0 0 0 0 0 0 0
36.7146 0 1 0 0 0 0 0 0 0
37.2715 1 0 0 0 0 0 0 0 0
38.683 0 1 0 0 0 0 0 0 0
39.4868 1 0 0 0 0 0 0 0 0
40.4346 0 1 0 0 0 0 0 0 0
41.0744 1 0 0 0 0 0 0 0 0
42.1772 0 1 0 0 0 0 0 0 0
42.806 1 0 0 0 0 0 0 0 0
43.3518 0 1 0 0 0 0 0 0 0
43.7847 1 0 0 0 0 0 0 0 0
44.9594 0 1 0 0 0 0 0 0 0
45.8662 1 0 0 0 0 0 0 0 0
46.8759 0 1 0 0 0 0 0 0 0
47.2369 1 0 0 0 0 0 0 0 0
48.0826 0 1 0 0 0 0 0 0 0
48.6075 1 0 0 0 0 0 0 0 0
49.5254 0 1 0 0 0 0 0 0 0
49.9372 1 0 0 0 0 0 0 0 0
50.535 0 1 0 0 0 0 0 0 0
50.741 0 0 0 1 0 0 0 0 0
53.9152 0 0 0 0 1 0 0 0 0
54.7299 0 0 0 1 0 0 0 0 0
56.6884 0 0 0 0 1 0 0 0 0
57.5332 0 0 0 1 0 0 0 0 0
58.5959 0 0 0 0 1 0 0 0 0
59.5017 1 0 0 0 0 0 0 0 0
60.8306 0 1 0 0 0 0 0 0 0
61.1293 0 0 0 1 0 0 0 0 0
63.9746 0 0 0 0 1 0 0 0 0
64.6344 1 0 0 0 0 0 0 0 0
66.17 0 1 0 0 0 0 0 0 0
66.8808 1 0 0 0 0 0 0 0 0
69.4062 0 1 0 0 0 0 0 0 0
70.2931 1 0 0 0 0 0 0 0 0
73.3222 0 1 0 0 0 0 0 0 0
74.096 1 0 0 0 0 0 0 0 0
74.8578 0 1 0 0 0 0 0 0 0
75.4567 1 0 0 0 0 0 0 0 0
76.3935 0 1 0 0 0 0 0 0 0
87.1327 1 0 0 0 0 0 0 0 0
87.2567 0 1 0 0 0 0 0 0 0
87.2977 1 0 1 0 0 0 0 0 0
87.4527 0 1 0 0 0 0 0 0 0
89.6472 1 0 0 0 0 0 0 0 0
91.3688 0 1 0 0 0 0 0 0 0
92.6264 0 0 0 1 0 0 0 0 0
98.9747 0 0 0 0 1 0 0 0 0
100.078 0 0 0 0 0 1 0 0 0
101.273 0 0 0 0 0 0 1 0 0
108.755 0 0 0 0 0 1 0 0 0
109.332 0 0 0 0 0 0 1 0 0
127.975 0 0 0 0 0 1 0 0 0
129.388 0 0 0 0 0 0 1 0 0
148.578 1 0 0 0 0 0 0 0 0
151.31 0 1 0 0 0 0 0 0 0
151.608 1 0 0 0 0 0 0 0 0
151.701 0 1 0 0 0 0 0 0 0
151.762 1 0 1 0 0 0 0 0 0
151.907 0 1 0 0 0 0 0 0 0
152.412 0 0 0 1 0 0 0 0 0
164.274 0 0 0 0 1 0 0 0 0
164.841 1 0 0 0 0 0 0 0 0
165.82 0 1 0 0 0 0 0 0 0
172.21 0 0 0 0 0 1 0 0 0
173.921 0 0 0 0 0 0 1 0 0
196.12 1 0 0 0 0 0 0 0 0
197.625 0 1 0 0 0 0 0 0 0
197.893 1 0 0 0 0 0 0 0 0
199.242 0 1 0 0 0 0 0 0 0
200.686 1 0 0 0 0 0 0 0 0
204.561 0 1 0 0 0 0 0 0 0
205.592 1 0 0 0 0 0 0 0 0
206.365 0 1 0 0 0 0 0 0 0
206.735 0 0 0 1 0 0 0 0 0
209.983 0 0 0 0 1 0 0 0 0
210.734 1 0 0 0 0 0 0 0 0
212.27 0 1 0 0 0 0 0 0 0
212.558 0 0 0 1 0 0 0 0 0
218.474 0 0 0 0 1 0 0 0 0
219.381 1 0 0 0 0 0 0 0 0
220.185 0 1 0 0 0 0 0 0 0
220.659 1 0 0 0 0 0 0 0 0
224.276 0 1 0 0 0 0 0 0 0
225.183 1 0 0 0 0 0 0 0 0
226.74 0 1 0 0 0 0 0 0 0
227.544 1 0 0 0 0 0 0 0 0
229.213 0 1 0 0 0 0 0 0 0
229.615 1 0 0 0 0 0 0 0 0
230.531 0 1 0 0 0 0 0 0 0
232.624 1 0 0 0 0 0 0 0 0
234.448 0 1 0 0 0 0 0 0 0
235.004 1 0 0 0 0 0 0 0 0
235.097 0 1 0 0 0 0 0 0 0
235.16 1 0 1 0 0 0 0 0 0
235.294 0 1 0 0 0 0 0 0 0
237.365 0 0 0 1 0 0 0 0 0
240.157 0 0 0 0 1 0 0 0 0
241.054 1 0 0 0 0 0 0 0 0
244.012 0 1 0 0 0 0 0 0 0
244.651 1 0 0 0 0 0 0 0 0
245.877 0 1 0 0 0 0 0 0 0
246.423 1 0 0 0 0 0 0 0 0
246.907 0 1 0 0 0 0 0 0 0
248.155 1 0 0 0 0 0 0 0 0
250.989 0 1 0 0 0 0 0 0 0
251.514 1 0 0 0 0 0 0 0 0
251.638 0 1 0 0 0 0 0 0 0
251.71 1 0 1 0 0 0 0 0 0
251.865 0 1 0 0 0 0 0 0 0
255.493 1 0 0 0 0 0 0 0 0
256.534 0 1 0 0 0 0 0 0 0
257.687 0 0 0 1 0 0 0 0 0
260.749 0 0 0 0 1 0 0 0 0
262.449 0 0 0 0 0 1 0 0 0
264.181 0 0 0 0 0 0 1 0 0
268.901 0 0 0 0 0 1 0 0 0
269.89 0 0 0 0 0 0 1 0 0
271.756 0 0 0 0 0 1 0 0 0
272.94 0 0 0 0 0 0 1 0 0
299.572 1 0 0 0 0 0 0 0 0
302.705 0 1 0 0 0 0 0 0 0
304.745 0 0 0 1 0 0 0 0 0
309.424 0 0 0 0 1 0 0 0 0
310.63 1 0 0 0 0 0 0 0 0
312.639 0 1 0 0 0 0 0 0 0
313.546 1 0 0 0 0 0 0 0 0
314.351 0 1 0 0 0 0 0 0 0
314.836 0 0 0 1 0 0 0 0 0
316.731 0 0 0 0 1 0 0 0 0
317.855 1 0 0 0 0 0 0 0 0
319.391 0 1 0 0 0 0 0 0 0
319.793 1 0 0 0 0 0 0 0 0
320.575 0 1 0 0 0 0 0 0 0
334.922 1 0 0 0 0 0 0 0 0
335.632 0 1 0 0 0 0 0 0 0
335.953 1 0 0 0 0 0 0 0 0
336.045 0 1 0 0 0 0 0 0 0
336.117 1 0 1 0 0 0 0 0 0
336.241 0 1 0 0 0 0 0 0 0
337.798 0 0 0 1 0 0 0 0 0
344.939 0 0 0 0 1 0 0 0 0
345.867 0 0 0 1 0 0 0 0 0
346.661 0 0 0 0 1 0 0 0 0
347.372 1 0 0 0 0 0 0 0 0
349.68 0 1 0 0 0 0 0 0 0
350.423 1 0 0 0 0 0 0 0 0
353.473 0 1 0 0 0 0 0 0 0
353.854 1 0 0 0 0 0 0 0 0
353.947 0 1 0 0 0 0 0 0 0
353.999 1 0 1 0 0 0 0 0 0
354.154 0 1 0 0 0 0 0 0 0
355.215 0 0 0 1 0 0 0 0 0
362.079 0 0 0 0 1 0 0 0 0
