4.05057 0 0 0 0 0 1 0 0 0
5.28722 0 0 0 0 0 0 1 0 0
6.06011 0 0 0 0 0 1 0 0 0
7.90456 0 0 0 0 0 0 1 0 0
35.0517 1 0 0 0 0 0 0 0 0
36.7013 0 1 0 0 0 0 0 0 0
37.1242 1 0 0 0 0 0 0 0 0
37.794 0 1 0 0 0 0 0 0 0
38.4228 1 0 0 0 0 0 0 0 0
39.0097 0 1 0 0 0 0 0 0 0
39.3496 1 0 0 0 0 0 0 0 0
39.7925 0 1 0 0 0 0 0 0 0
40.0814 0 0 0 1 0 0 0 0 0
46.0489 0 0 0 0 1 0 0 0 0
46.2239 0 0 0 1 0 0 0 0 0
47.7085 0 0 0 0 1 0 0 0 0
48.6562 1 0 0 0 0 0 0 0 0
50.6557 0 1 0 0 0 0 0 0 0
52.5522 1 0 0 0 0 0 0 0 0
54.1598 0 1 0 0 0 0 0 0 0
57.2211 1 0 0 0 0 0 0 0 0
58.9016 0 1 0 0 0 0 0 0 0
60.3752 0 0 0 1 0 0 0 0 0
64.1582 0 0 0 0 1 0 0 0 0
65.446 0 0 0 1 0 0 0 0 0
66.2707 0 0 0 0 1 0 0 0 0
66.9506 1 0 0 0 0 0 0 0 0
68.2493 0 1 0 0 0 0 0 0 0
68.7751 1 0 0 0 0 0 0 0 0
69.8058 0 1 0 0 0 0 0 0 0
70.1967 1 0 0 0 0 0 0 0 0
71.0016 0 1 0 0 0 0 0 0 0
77.1539 1 0 0 0 0 0 0 0 0
77.3089 0 1 0 0 0 0 0 0 0
77.3599 1 0 1 0 0 0 0 0 0
77.5049 0 1 0 0 0 0 0 0 0
80.4111 1 0 0 0 0 0 0 0 0
84.4101 0 1 0 0 0 0 0 0 0
85.8217 1 0 0 0 0 0 0 0 0
87.1415 0 1 0 0 0 0 0 0 0
87.8422 1 0 0 0 0 0 0 0 0
89.0059 0 1 0 0 0 0 0 0 0
89.5627 1 0 0 0 0 0 0 0 0
90.2636 0 1 0 0 0 0 0 0 0
90.5736 1 0 0 0 0 0 0 0 0
90.6556 0 1 0 0 0 0 0 0 0
90.7395 1 0 1 0 0 0 0 0 0
90.8515 0 1 0 0 0 0 0 0 0
97.2308 1 0 0 0 0 0 0 0 0
100.57 0 1 0 0 0 0 0 0 0
101.941 1 0 0 0 0 0 0 0 0
102.579 0 1 0 0 0 0 0 0 0
108.928 1 0 0 0 0 0 0 0 0
109.702 0 1 0 0 0 0 0 0 0
110.577 1 0 0 0 0 0 0 0 0
110.968 0 1 0 0 0 0 0 0 0
112.319 1 0 0 0 0 0 0 0 0
112.896 0 1 0 0 0 0 0 0 0
113.638 1 0 0 0 0 0 0 0 0
113.772 0 1 0 0 0 0 0 0 0
113.824 1 0 1 0 0 0 0 0 0
113.978 0 1 0 0 0 0 0 0 0
115.781 1 0 0 0 0 0 0 0 0
117.246 0 1 0 0 0 0 0 0 0
118.297 1 0 0 0 0 0 0 0 0
119.295 0 1 0 0 0 0 0 0 0
119.708 1 0 0 0 0 0 0 0 0
120.79 0 1 0 0 0 0 0 0 0
122.449 0 0 0 1 0 0 0 0 0
123.068 0 0 0 0 1 0 0 0 0
123.367 0 0 0 0 0 1 0 0 0
125.129 0 0 0 0 0 0 1 0 0
140.135 0 0 0 0 0 1 0 0 0
140.774 0 0 0 0 0 0 1 0 0
169.321 1 0 0 0 0 0 0 0 0
171.702 0 1 0 0 0 0 0 0 0
172.176 1 0 0 0 0 0 0 0 0
176.907 0 1 0 0 0 0 0 0 0
178.133 1 0 0 0 0 0 0 0 0
180.246 0 1 0 0 0 0 0 0 0
180.813 1 0 0 0 0 0 0 0 0
181.564 0 1 0 0 0 0 0 0 0
182.214 0 0 0 1 0 0 0 0 0
188.161 0 0 0 0 1 0 0 0 0
189.448 1 0 0 0 0 0 0 0 0
190.026 0 1 0 0 0 0 0 0 0
191.221 1 0 0 0 0 0 0 0 0
192.376 0 1 0 0 0 0 0 0 0
192.788 0 0 0 1 0 0 0 0 0
195.189 0 0 0 0 1 0 0 0 0
196.673 1 0 0 0 0 0 0 0 0
199.002 0 1 0 0 0 0 0 0 0
200.785 1 0 0 0 0 0 0 0 0
202.166 0 1 0 0 0 0 0 0 0
202.713 1 0 0 0 0 0 0 0 0
203.496 0 1 0 0 0 0 0 0 0
208.948 1 0 0 0 0 0 0 0 0
209.463 0 1 0 0 0 0 0 0 0
209.978 1 0 0 0 0 0 0 0 0
210.834 0 1 0 0 0 0 0 0 0
211.483 1 0 0 0 0 0 0 0 0
211.597 0 1 0 0 0 0 0 0 0
211.658 1 0 1 0 0 0 0 0 0
211.802 0 1 0 0 0 0 0 0 0
213.234 1 0 0 0 0 0 0 0 0
214.224 0 1 0 0 0 0 0 0 0
215.172 1 0 0 0 0 0 0 0 0
217.285 0 1 0 0 0 0 0 0 0
218.398 1 0 0 0 0 0 0 0 0
219.274 0 1 0 0 0 0 0 0 0
220.037 0 0 0 1 0 0 0 0 0
225.746 0 0 0 0 1 0 0 0 0
228.57 0 0 0 1 0 0 0 0 0
231.95 0 0 0 0 1 0 0 0 0
233.27 0 0 0 1 0 0 0 0 0
234.672 0 0 0 0 1 0 0 0 0
235.754 0 0 0 1 0 0 0 0 0
236.598 0 0 0 0 1 0 0 0 0
239.371 1 0 0 0 0 0 0 0 0
240.7 0 1 0 0 0 0 0 0 0
242.679 0 0 0 1 0 0 0 0 0
243.442 0 0 0 0 1 0 0 0 0
244.039 0 0 0 0 0 1 0 0 0
245.627 0 0 0 0 0 0 1 0 0
247.327 0 0 0 0 0 1 0 0 0
248.883 0 0 0 0 0 0 1 0 0
272.722 1 0 0 0 0 0 0 0 0
273.567 0 1 0 0 0 0 0 0 0
273.897 0 0 0 1 0 0 0 0 0
278.535 0 0 0 0 1 0 0 0 0
279.286 0 0 0 1 0 0 0 0 0
280.781 0 0 0 0 1 0 0 0 0
281.657 0 0 0 1 0 0 0 0 0
282.286 0 0 0 0 1 0 0 0 0
282.699 1 0 0 0 0 0 0 0 0
283.327 0 1 0 0 0 0 0 0 0
284.749 1 0 0 0 0 0 0 0 0
285.934 0 1 0 0 0 0 0 0 0
288.676 1 0 0 0 0 0 0 0 0
291.788 0 1 0 0 0 0 0 0 0
293.344 1 0 0 0 0 0 0 0 0
294.056 0 1 0 0 0 0 0 0 0
296.065 1 0 0 0 0 0 0 0 0
296.168 0 1 0 0 0 0 0 0 0
296.23 1 0 1 0 0 0 0 0 0
296.364 0 1 0 0 0 0 0 0 0
300.672 1 0 0 0 0 0 0 0 0
301.713 0 1 0 0 0 0 0 0 0
302.537 1 0 0 0 0 0 0 0 0
303.022 0 1 0 0 0 0 0 0 0
303.331 0 0 0 1 0 0 0 0 0
306.732 0 0 0 0 1 0 0 0 0
308.134 1 0 0 0 0 0 0 0 0
309.732 0 1 0 0 0 0 0 0 0
310.391 1 0 0 0 0 0 0 0 0
311.226 0 1 0 0 0 0 0 0 0
320.213 1 0 0 0 0 0 0 0 0
321.182 0 1 0 0 0 0 0 0 0
323.945 0 0 0 1 0 0 0 0 0
328.746 0 0 0 0 1 0 0 0 0
329.263 1 0 0 0 0 0 0 0 0
332.983 0 1 0 0 0 0 0 0 0
333.775 1 0 0 0 0 0 0 0 0
334.961 0 1 0 0 0 0 0 0 0
335.353 0 0 0 1 0 0 0 0 0
338.29 0 0 0 0 1 0 0 0 0
341.743 0 0 0 1 0 0 0 0 0
347.69 0 0 0 0 1 0 0 0 0
348.515 0 0 0 1 0 0 0 0 0
350.658 0 0 0 0 1 0 0 0 0
