192.247 0 0 0 0 0 1 0 0 0
192.618 0 0 0 0 0 0 1 0 0
201.575 0 0 0 0 0 1 0 0 0
203.921 0 0 0 0 0 0 1 0 0
216.737 0 0 0 0 0 1 0 0 0
223.281 0 0 0 0 0 0 1 0 0
233.363 0 0 0 0 0 1 0 0 0
235.96 0 0 0 0 0 0 1 0 0
238.278 0 0 0 0 0 1 0 0 0
240.763 0 0 0 0 0 0 1 0 0
247.287 0 0 0 0 0 1 0 0 0
249.227 0 0 0 0 0 0 1 0 0
436.029 1 0 0 0 0 0 0 0 0
440.143 0 1 0 0 0 0 0 0 0
441.977 1 0 0 0 0 0 0 0 0
444.347 0 1 0 0 0 0 0 0 0
448.222 1 0 0 0 0 0 0 0 0
449.79 0 1 0 0 0 0 0 0 0
454.841 1 0 0 0 0 0 0 0 0
455.695 0 1 0 0 0 0 0 0 0
457.282 1 0 0 0 0 0 0 0 0
458.035 0 1 0 0 0 0 0 0 0
459.808 1 0 0 0 0 0 0 0 0
460.478 0 1 0 0 0 0 0 0 0
465.476 1 0 0 0 0 0 0 0 0
466.291 0 1 0 0 0 0 0 0 0
468.527 1 0 0 0 0 0 0 0 0
469.011 0 1 0 0 0 0 0 0 0
471.094 1 0 0 0 0 0 0 0 0
473.526 0 1 0 0 0 0 0 0 0
475.526 1 0 0 0 0 0 0 0 0
476.536 0 1 0 0 0 0 0 0 0
477.659 1 0 0 0 0 0 0 0 0
479.607 0 1 0 0 0 0 0 0 0
481.545 1 0 0 0 0 0 0 0 0
482.452 0 1 0 0 0 0 0 0 0
486.008 1 0 0 0 0 0 0 0 0
487.595 0 1 0 0 0 0 0 0 0
490.883 1 0 0 0 0 0 0 0 0
491.708 0 1 0 0 0 0 0 0 0
495.233 1 0 0 0 0 0 0 0 0
496.604 0 1 0 0 0 0 0 0 0
497.779 1 0 0 0 0 0 0 0 0
499.067 0 1 0 0 0 0 0 0 0
500.242 1 0 0 0 0 0 0 0 0
501.283 0 1 0 0 0 0 0 0 0
503.674 1 0 0 0 0 0 0 0 0
505.097 0 1 0 0 0 0 0 0 0
507.189 1 0 0 0 0 0 0 0 0
508.767 0 1 0 0 0 0 0 0 0
512.404 1 0 0 0 0 0 0 0 0
514.279 0 1 0 0 0 0 0 0 0
516.475 1 0 0 0 0 0 0 0 0
518.29 0 1 0 0 0 0 0 0 0
519.691 1 0 0 0 0 0 0 0 0
521.495 0 1 0 0 0 0 0 0 0
524.793 1 0 0 0 0 0 0 0 0
524.886 0 1 0 0 0 0 0 0 0
524.989 1 0 1 0 0 0 0 0 0
525.123 0 1 0 0 0 0 0 0 0
530.287 1 0 0 0 0 0 0 0 0
531.813 0 1 0 0 0 0 0 0 0
537.12 1 0 0 0 0 0 0 0 0
538.646 0 1 0 0 0 0 0 0 0
539.976 1 0 0 0 0 0 0 0 0
541.274 0 1 0 0 0 0 0 0 0
544.789 1 0 0 0 0 0 0 0 0
546.511 0 1 0 0 0 0 0 0 0
548.849 1 0 0 0 0 0 0 0 0
549.829 0 1 0 0 0 0 0 0 0
563.836 0 0 0 1 0 0 0 0 0
563.99 0 0 0 0 1 0 0 0 0
564.99 0 0 0 1 0 0 0 0 0
569.463 0 0 0 0 1 0 0 0 0
571.133 0 0 0 1 0 0 0 0 0
574.751 0 0 0 0 1 0 0 0 0
576.471 0 0 0 1 0 0 0 0 0
579.481 0 0 0 0 1 0 0 0 0
581.45 0 0 0 1 0 0 0 0 0
586.098 0 0 0 0 1 0 0 0 0
588.54 0 0 0 1 0 0 0 0 0
592.281 0 0 0 0 1 0 0 0 0
593.189 0 0 0 1 0 0 0 0 0
595.249 0 0 0 0 1 0 0 0 0
599.826 0 0 0 1 0 0 0 0 0
603.062 0 0 0 0 1 0 0 0 0
604.536 1 0 0 0 0 0 0 0 0
607.298 0 1 0 0 0 0 0 0 0
608.679 1 0 0 0 0 0 0 0 0
611.039 0 1 0 0 0 0 0 0 0
614.08 1 0 0 0 0 0 0 0 0
619.913 0 1 0 0 0 0 0 0 0
626.014 1 0 0 0 0 0 0 0 0
626.128 0 1 0 0 0 0 0 0 0
626.231 1 0 1 0 0 0 0 0 0
626.344 0 1 0 0 0 0 0 0 0
633.24 0 0 0 1 0 0 0 0 0
637.908 0 0 0 0 1 0 0 0 0
639.858 1 0 0 0 0 0 0 0 0
642.608 0 1 0 0 0 0 0 0 0
649.431 1 0 0 0 0 0 0 0 0
653.491 0 1 0 0 0 0 0 0 0
654.832 1 0 0 0 0 0 0 0 0
655.564 0 1 0 0 0 0 0 0 0
656.533 1 0 0 0 0 0 0 0 0
656.667 0 1 0 0 0 0 0 0 0
656.748 1 0 1 0 0 0 0 0 0
656.892 0 1 0 0 0 0 0 0 0
660.078 1 0 0 0 0 0 0 0 0
660.861 0 1 0 0 0 0 0 0 0
661.747 0 0 0 1 0 0 0 0 0
665.22 0 0 0 0 1 0 0 0 0
667.262 1 0 0 0 0 0 0 0 0
668.806 0 1 0 0 0 0 0 0 0
672.023 1 0 0 0 0 0 0 0 0
680.277 0 1 0 0 0 0 0 0 0
681.112 1 0 0 0 0 0 0 0 0
682.112 0 1 0 0 0 0 0 0 0
683.361 1 0 0 0 0 0 0 0 0
685.298 0 1 0 0 0 0 0 0 0
706.807 1 0 0 0 0 0 0 0 0
706.919 0 1 0 0 0 0 0 0 0
707.043 1 0 1 0 0 0 0 0 0
707.177 0 1 0 0 0 0 0 0 0
716.969 1 0 0 0 0 0 0 0 0
719.947 0 1 0 0 0 0 0 0 0
723.028 1 0 0 0 0 0 0 0 0
725.997 0 1 0 0 0 0 0 0 0
727.605 0 0 0 1 0 0 0 0 0
729.44 0 0 0 0 1 0 0 0 0
730.696 0 0 0 1 0 0 0 0 0
735.231 0 0 0 0 1 0 0 0 0
762.894 1 0 0 0 0 0 0 0 0
762.977 0 1 0 0 0 0 0 0 0
763.059 1 0 1 0 0 0 0 0 0
763.193 0 1 0 0 0 0 0 0 0
764.862 0 0 0 1 0 0 0 0 0
772.036 0 0 0 0 1 0 0 0 0
775.859 1 0 0 0 0 0 0 0 0
780.414 0 1 0 0 0 0 0 0 0
781.383 1 0 0 0 0 0 0 0 0
784.888 0 1 0 0 0 0 0 0 0
786.228 1 0 0 0 0 0 0 0 0
789.546 0 1 0 0 0 0 0 0 0
792.278 1 0 0 0 0 0 0 0 0
795.308 0 1 0 0 0 0 0 0 0
797.152 0 0 0 1 0 0 0 0 0
801.709 0 0 0 0 1 0 0 0 0
804.099 1 0 0 0 0 0 0 0 0
805.315 0 1 0 0 0 0 0 0 0
808.974 1 0 0 0 0 0 0 0 0
810.242 0 1 0 0 0 0 0 0 0
811.386 1 0 0 0 0 0 0 0 0
812.56 0 1 0 0 0 0 0 0 0
815.302 1 0 0 0 0 0 0 0 0
816.075 0 1 0 0 0 0 0 0 0
818.342 1 0 0 0 0 0 0 0 0
818.487 0 1 0 0 0 0 0 0 0
852.776 1 0 0 0 0 0 0 0 0
852.921 0 1 0 0 0 0 0 0 0
853.035 1 0 1 0 0 0 0 0 0
853.168 0 1 0 0 0 0 0 0 0
860.671 1 0 0 0 0 0 0 0 0
863.423 0 1 0 0 0 0 0 0 0
864.546 1 0 0 0 0 0 0 0 0
867.308 0 1 0 0 0 0 0 0 0
868.752 1 0 0 0 0 0 0 0 0
870.1 0 1 0 0 0 0 0 0 0
871.76 1 0 0 0 0 0 0 0 0
874.018 0 1 0 0 0 0 0 0 0
875.955 1 0 0 0 0 0 0 0 0
876.78 0 1 0 0 0 0 0 0 0
903.267 1 0 0 0 0 0 0 0 0
904.69 0 1 0 0 0 0 0 0 0
905.936 1 0 0 0 0 0 0 0 0
908.236 0 1 0 0 0 0 0 0 0
909.553 1 0 0 0 0 0 0 0 0
910.986 0 1 0 0 0 0 0 0 0
913.707 1 0 0 0 0 0 0 0 0
915.666 0 1 0 0 0 0 0 0 0
916.614 1 0 0 0 0 0 0 0 0
919.139 0 1 0 0 0 0 0 0 0
924.036 0 0 0 1 0 0 0 0 0
927.806 0 0 0 0 1 0 0 0 0
930.836 1 0 0 0 0 0 0 0 0
931.548 0 1 0 0 0 0 0 0 0
933.866 1 0 0 0 0 0 0 0 0
934.526 0 1 0 0 0 0 0 0 0
935.154 1 0 0 0 0 0 0 0 0
935.978 0 1 0 0 0 0 0 0 0
936.556 1 0 0 0 0 0 0 0 0
937.329 0 1 0 0 0 0 0 0 0
939.07 1 0 0 0 0 0 0 0 0
939.751 0 1 0 0 0 0 0 0 0
941.43 1 0 0 0 0 0 0 0 0
942.864 0 1 0 0 0 0 0 0 0
946.275 1 0 0 0 0 0 0 0 0
947.264 0 1 0 0 0 0 0 0 0
948.253 1 0 0 0 0 0 0 0 0
949.304 0 1 0 0 0 0 0 0 0
962.044 1 0 0 0 0 0 0 0 0
962.673 0 1 0 0 0 0 0 0 0
963.959 0 0 0 1 0 0 0 0 0
967.227 0 0 0 0 1 0 0 0 0
969.7 1 0 0 0 0 0 0 0 0
974.039 0 1 0 0 0 0 0 0 0
975.1 1 0 0 0 0 0 0 0 0
976.265 0 1 0 0 0 0 0 0 0
978.121 1 0 0 0 0 0 0 0 0
979.759 0 1 0 0 0 0 0 0 0
981.635 0 0 0 1 0 0 0 0 0
982.429 0 0 0 0 1 0 0 0 0
983.15 0 0 0 1 0 0 0 0 0
983.531 0 0 0 0 1 0 0 0 0
983.923 0 0 0 1 0 0 0 0 0
989.973 0 0 0 0 1 0 0 0 0
991.354 1 0 0 0 0 0 0 0 0
992.436 0 1 0 0 0 0 0 0 0
993.188 1 0 0 0 0 0 0 0 0
994.26 0 1 0 0 0 0 0 0 0
995.548 1 0 0 0 0 0 0 0 0
995.621 0 1 0 0 0 0 0 0 0
995.734 1 0 1 0 0 0 0 0 0
995.868 0 1 0 0 0 0 0 0 0
1202.35 0 0 0 0 0 1 0 0 0
1205.24 0 0 0 0 0 0 1 0 0
1224.61 0 0 0 1 0 0 0 0 0
1229.7 0 0 0 0 1 0 0 0 0
1237.92 1 0 0 0 0 0 0 0 0
1240.41 0 1 0 0 0 0 0 0 0
1242.1 1 0 0 0 0 0 0 0 0
1243.43 0 1 0 0 0 0 0 0 0
1245.34 1 0 0 0 0 0 0 0 0
1247.37 0 1 0 0 0 0 0 0 0
1249.13 1 0 0 0 0 0 0 0 0
1250.31 0 1 0 0 0 0 0 0 0
1253.82 1 0 0 0 0 0 0 0 0
1254.69 0 1 0 0 0 0 0 0 0
1257.33 1 0 0 0 0 0 0 0 0
1259.44 0 1 0 0 0 0 0 0 0
1260.99 1 0 0 0 0 0 0 0 0
1262.28 0 1 0 0 0 0 0 0 0
1264.09 1 0 0 0 0 0 0 0 0
1265.01 0 1 0 0 0 0 0 0 0
1266.35 1 0 0 0 0 0 0 0 0
1269.04 0 1 0 0 0 0 0 0 0
1270.72 0 0 0 1 0 0 0 0 0
1275.09 0 0 0 0 1 0 0 0 0
1277.57 1 0 0 0 0 0 0 0 0
1279.44 0 1 0 0 0 0 0 0 0
1283.58 1 0 0 0 0 0 0 0 0
1285.61 0 1 0 0 0 0 0 0 0
1286.92 1 0 0 0 0 0 0 0 0
1287.92 0 1 0 0 0 0 0 0 0
1289.12 1 0 0 0 0 0 0 0 0
1289.99 0 1 0 0 0 0 0 0 0
1290.98 1 0 0 0 0 0 0 0 0
1291.66 0 1 0 0 0 0 0 0 0
1294.83 1 0 0 0 0 0 0 0 0
1296.49 0 1 0 0 0 0 0 0 0
1298.33 1 0 0 0 0 0 0 0 0
1303.06 0 1 0 0 0 0 0 0 0
1304.18 1 0 0 0 0 0 0 0 0
1307.04 0 1 0 0 0 0 0 0 0
1308.54 1 0 0 0 0 0 0 0 0
1310.04 0 1 0 0 0 0 0 0 0
1310.98 1 0 0 0 0 0 0 0 0
1312.59 0 1 0 0 0 0 0 0 0
1314.65 0 0 0 1 0 0 0 0 0
1316.57 0 0 0 0 1 0 0 0 0
1317.25 1 0 0 0 0 0 0 0 0
1318.31 0 1 0 0 0 0 0 0 0
1319.08 1 0 0 0 0 0 0 0 0
1320.54 0 1 0 0 0 0 0 0 0
1321.94 1 0 0 0 0 0 0 0 0
1322.89 0 1 0 0 0 0 0 0 0
1326.22 1 0 0 0 0 0 0 0 0
1327.02 0 1 0 0 0 0 0 0 0
1328.33 1 0 0 0 0 0 0 0 0
1329.73 0 1 0 0 0 0 0 0 0
1332.11 1 0 0 0 0 0 0 0 0
1333.69 0 1 0 0 0 0 0 0 0
1335.91 1 0 0 0 0 0 0 0 0
1338.22 0 1 0 0 0 0 0 0 0
1364.27 0 0 0 1 0 0 0 0 0
1365.12 0 0 0 0 1 0 0 0 0
1365.54 0 0 0 1 0 0 0 0 0
1372.07 0 0 0 0 1 0 0 0 0
1379.26 1 0 0 0 0 0 0 0 0
1380.84 0 1 0 0 0 0 0 0 0
1414.24 1 0 0 0 0 0 0 0 0
1414.41 0 1 0 0 0 0 0 0 0
1414.55 1 0 1 0 0 0 0 0 0
1414.71 0 1 0 0 0 0 0 0 0
1437.09 1 0 0 0 0 0 0 0 0
1438.03 0 1 0 0 0 0 0 0 0
1438.08 1 0 0 0 0 0 0 0 0
1438.73 0 1 0 0 0 0 0 0 0
1445.2 1 0 0 0 0 0 0 0 0
1447.51 0 1 0 0 0 0 0 0 0
1448.23 1 0 0 0 0 0 0 0 0
1448.94 0 1 0 0 0 0 0 0 0
1450.04 1 0 0 0 0 0 0 0 0
1451.18 0 1 0 0 0 0 0 0 0
1451.99 0 0 0 1 0 0 0 0 0
1455.44 0 0 0 0 1 0 0 0 0
1456.9 1 0 0 0 0 0 0 0 0
1458.5 0 1 0 0 0 0 0 0 0
1460.38 1 0 0 0 0 0 0 0 0
1462.61 0 1 0 0 0 0 0 0 0
1464.2 1 0 0 0 0 0 0 0 0
1465.68 0 1 0 0 0 0 0 0 0
1466.61 1 0 0 0 0 0 0 0 0
1468.48 0 1 0 0 0 0 0 0 0
1469.84 1 0 0 0 0 0 0 0 0
1471.15 0 1 0 0 0 0 0 0 0
1472.45 1 0 0 0 0 0 0 0 0
1474.01 0 1 0 0 0 0 0 0 0
1475.66 1 0 0 0 0 0 0 0 0
1476.59 0 1 0 0 0 0 0 0 0
1480.6 1 0 0 0 0 0 0 0 0
1481.48 0 1 0 0 0 0 0 0 0
1482.42 0 0 0 1 0 0 0 0 0
1483.87 0 0 0 0 1 0 0 0 0
1494.49 0 0 0 1 0 0 0 0 0
1498.41 0 0 0 0 1 0 0 0 0
1499.73 1 0 0 0 0 0 0 0 0
1501.83 0 1 0 0 0 0 0 0 0
1502.62 1 0 0 0 0 0 0 0 0
1505.27 0 1 0 0 0 0 0 0 0
1505.7 0 0 0 1 0 0 0 0 0
1516.87 0 0 0 0 1 0 0 0 0
1519.29 1 0 0 0 0 0 0 0 0
1523.27 0 1 0 0 0 0 0 0 0
1524.67 1 0 0 0 0 0 0 0 0
1525.6 0 1 0 0 0 0 0 0 0
1529.98 1 0 0 0 0 0 0 0 0
1532.19 0 1 0 0 0 0 0 0 0
1532.97 1 0 0 0 0 0 0 0 0
1533.67 0 1 0 0 0 0 0 0 0
1534.82 0 0 0 1 0 0 0 0 0
1540.19 0 0 0 0 1 0 0 0 0
1542.63 1 0 0 0 0 0 0 0 0
1544.72 0 1 0 0 0 0 0 0 0
1545.66 1 0 0 0 0 0 0 0 0
1546.3 0 1 0 0 0 0 0 0 0
1547.66 1 0 0 0 0 0 0 0 0
1549.13 0 1 0 0 0 0 0 0 0
1549.9 1 0 0 0 0 0 0 0 0
1552.67 0 1 0 0 0 0 0 0 0
1564.86 1 0 0 0 0 0 0 0 0
1565.89 0 1 0 0 0 0 0 0 0
