3.18469 0 0 0 0 0 1 0 0 0
4.78217 0 0 0 0 0 0 1 0 0
30.4537 1 0 0 0 0 0 0 0 0
32.8643 0 1 0 0 0 0 0 0 0
33.205 0 0 0 1 0 0 0 0 0
36.7291 0 0 0 0 1 0 0 0 0
38.1207 1 0 0 0 0 0 0 0 0
38.1928 0 1 0 0 0 0 0 0 0
38.3057 1 0 1 0 0 0 0 0 0
38.4297 0 1 0 0 0 0 0 0 0
40.9964 1 0 0 0 0 0 0 0 0
43.7483 0 1 0 0 0 0 0 0 0
44.1702 0 0 0 1 0 0 0 0 0
46.1177 0 0 0 0 1 0 0 0 0
46.6436 1 0 0 0 0 0 0 0 0
47.7763 0 1 0 0 0 0 0 0 0
49.4259 1 0 0 0 0 0 0 0 0
50.4876 0 1 0 0 0 0 0 0 0
50.8585 1 0 0 0 0 0 0 0 0
51.7133 0 1 0 0 0 0 0 0 0
52.0532 1 0 0 0 0 0 0 0 0
52.7031 0 1 0 0 0 0 0 0 0
53.1769 1 0 0 0 0 0 0 0 0
53.5889 0 1 0 0 0 0 0 0 0
54.1047 1 0 0 0 0 0 0 0 0
54.2176 0 1 0 0 0 0 0 0 0
54.2898 1 0 1 0 0 0 0 0 0
54.4136 0 1 0 0 0 0 0 0 0
57.7936 1 0 0 0 0 0 0 0 0
59.0823 0 1 0 0 0 0 0 0 0
59.5472 1 0 0 0 0 0 0 0 0
60.176 0 1 0 0 0 0 0 0 0
60.6699 1 0 0 0 0 0 0 0 0
61.1637 0 1 0 0 0 0 0 0 0
61.7616 1 0 0 0 0 0 0 0 0
62.5554 0 1 0 0 0 0 0 0 0
63.0403 1 0 0 0 0 0 0 0 0
64.029 0 1 0 0 0 0 0 0 0
64.7609 1 0 0 0 0 0 0 0 0
66.0185 0 1 0 0 0 0 0 0 0
66.3074 0 0 0 1 0 0 0 0 0
76.458 0 0 0 0 1 0 0 0 0
81.5905 0 0 0 0 0 1 0 0 0
82.7033 0 0 0 0 0 0 1 0 0
88.5058 0 0 0 0 0 1 0 0 0
89.4755 0 0 0 0 0 0 1 0 0
91.206 0 0 0 0 0 1 0 0 0
91.9169 0 0 0 0 0 0 1 0 0
92.9576 0 0 0 0 0 1 0 0 0
94.4312 0 0 0 0 0 0 1 0 0
115.362 1 0 0 0 0 0 0 0 0
117.237 0 1 0 0 0 0 0 0 0
117.515 0 0 0 1 0 0 0 0 0
118.907 0 0 0 0 1 0 0 0 0
119.433 1 0 0 0 0 0 0 0 0
120.649 0 1 0 0 0 0 0 0 0
120.999 0 0 0 1 0 0 0 0 0
125.152 0 0 0 0 1 0 0 0 0
126.1 1 0 0 0 0 0 0 0 0
128.09 0 1 0 0 0 0 0 0 0
128.791 1 0 0 0 0 0 0 0 0
129.852 0 1 0 0 0 0 0 0 0
133.902 1 0 0 0 0 0 0 0 0
135.222 0 1 0 0 0 0 0 0 0
135.644 1 0 0 0 0 0 0 0 0
135.747 0 1 0 0 0 0 0 0 0
135.799 1 0 1 0 0 0 0 0 0
135.943 0 1 0 0 0 0 0 0 0
137.715 1 0 0 0 0 0 0 0 0
139.096 0 1 0 0 0 0 0 0 0
139.56 1 0 0 0 0 0 0 0 0
140.313 0 1 0 0 0 0 0 0 0
140.879 1 0 0 0 0 0 0 0 0
141.662 0 1 0 0 0 0 0 0 0
142.136 1 0 0 0 0 0 0 0 0
142.662 0 1 0 0 0 0 0 0 0
143.25 1 0 0 0 0 0 0 0 0
143.817 0 1 0 0 0 0 0 0 0
144.351 1 0 0 0 0 0 0 0 0
145.053 0 1 0 0 0 0 0 0 0
146.589 1 0 0 0 0 0 0 0 0
147.228 0 1 0 0 0 0 0 0 0
147.98 1 0 0 0 0 0 0 0 0
148.402 0 1 0 0 0 0 0 0 0
149.103 1 0 0 0 0 0 0 0 0
149.175 0 1 0 0 0 0 0 0 0
149.257 1 0 1 0 0 0 0 0 0
149.422 0 1 0 0 0 0 0 0 0
151.938 1 0 0 0 0 0 0 0 0
152.905 0 1 0 0 0 0 0 0 0
153.761 1 0 0 0 0 0 0 0 0
154.503 0 1 0 0 0 0 0 0 0
155.225 1 0 0 0 0 0 0 0 0
156.193 0 1 0 0 0 0 0 0 0
156.781 1 0 0 0 0 0 0 0 0
157.636 0 1 0 0 0 0 0 0 0
158.193 1 0 0 0 0 0 0 0 0
159.151 0 1 0 0 0 0 0 0 0
159.574 0 0 0 1 0 0 0 0 0
164.551 0 0 0 0 1 0 0 0 0
164.87 1 0 0 0 0 0 0 0 0
175.61 0 1 0 0 0 0 0 0 0
175.825 1 0 0 0 0 0 0 0 0
175.928 0 1 0 0 0 0 0 0 0
176 1 0 1 0 0 0 0 0 0
176.124 0 1 0 0 0 0 0 0 0
179.669 1 0 0 0 0 0 0 0 0
181.195 0 1 0 0 0 0 0 0 0
181.483 0 0 0 0 0 1 0 0 0
182.875 0 0 0 0 0 0 1 0 0
193.056 0 0 0 0 0 1 0 0 0
193.952 0 0 0 0 0 0 1 0 0
200.135 0 0 0 0 0 1 0 0 0
200.702 0 0 0 0 0 0 1 0 0
230.887 1 0 0 0 0 0 0 0 0
232.145 0 1 0 0 0 0 0 0 0
232.568 1 0 0 0 0 0 0 0 0
233.671 0 1 0 0 0 0 0 0 0
233.99 1 0 0 0 0 0 0 0 0
235.01 0 1 0 0 0 0 0 0 0
235.411 1 0 0 0 0 0 0 0 0
236.257 0 1 0 0 0 0 0 0 0
236.669 0 0 0 1 0 0 0 0 0
244.233 0 0 0 0 1 0 0 0 0
244.543 1 0 0 0 0 0 0 0 0
245.46 0 1 0 0 0 0 0 0 0
245.862 0 0 0 1 0 0 0 0 0
247.964 0 0 0 0 1 0 0 0 0
248.366 1 0 0 0 0 0 0 0 0
248.479 0 1 0 0 0 0 0 0 0
248.737 1 0 1 0 0 0 0 0 0
248.84 0 1 0 0 0 0 0 0 0
248.881 1 0 0 0 0 0 0 0 0
249.036 0 1 0 0 0 0 0 0 0
250.643 1 0 0 0 0 0 0 0 0
251.798 0 1 0 0 0 0 0 0 0
253.89 1 0 0 0 0 0 0 0 0
254.766 0 1 0 0 0 0 0 0 0
255.198 1 0 0 0 0 0 0 0 0
256.095 0 1 0 0 0 0 0 0 0
256.539 1 0 0 0 0 0 0 0 0
257.116 0 1 0 0 0 0 0 0 0
264.391 1 0 0 0 0 0 0 0 0
265.609 0 1 0 0 0 0 0 0 0
266.184 1 0 0 0 0 0 0 0 0
266.926 0 1 0 0 0 0 0 0 0
267.658 1 0 0 0 0 0 0 0 0
268.019 0 1 0 0 0 0 0 0 0
282.396 0 0 0 0 0 1 0 0 0
283.241 0 0 0 0 0 0 1 0 0
309.014 0 0 0 1 0 0 0 0 0
311.581 0 0 0 0 1 0 0 0 0
314.59 1 0 0 0 0 0 0 0 0
315.888 0 1 0 0 0 0 0 0 0
316.342 1 0 0 0 0 0 0 0 0
317.217 0 1 0 0 0 0 0 0 0
317.846 1 0 0 0 0 0 0 0 0
318.836 0 1 0 0 0 0 0 0 0
319.124 0 0 0 1 0 0 0 0 0
320.661 0 0 0 0 1 0 0 0 0
321.772 0 0 0 1 0 0 0 0 0
323.339 0 0 0 0 1 0 0 0 0
323.608 0 0 0 1 0 0 0 0 0
326.935 0 0 0 0 1 0 0 0 0
333.881 1 0 0 0 0 0 0 0 0
333.974 0 1 0 0 0 0 0 0 0
334.046 1 0 1 0 0 0 0 0 0
334.18 0 1 0 0 0 0 0 0 0
336.333 1 0 0 0 0 0 0 0 0
337.364 0 1 0 0 0 0 0 0 0
337.756 1 0 0 0 0 0 0 0 0
338.292 0 1 0 0 0 0 0 0 0
338.654 1 0 0 0 0 0 0 0 0
339.137 0 1 0 0 0 0 0 0 0
339.714 1 0 0 0 0 0 0 0 0
340.311 0 1 0 0 0 0 0 0 0
341.239 1 0 0 0 0 0 0 0 0
341.56 0 1 0 0 0 0 0 0 0
341.816 0 0 0 1 0 0 0 0 0
347.33 0 0 0 0 1 0 0 0 0
347.989 1 0 0 0 0 0 0 0 0
349.318 0 1 0 0 0 0 0 0 0
350.4 1 0 0 0 0 0 0 0 0
352.976 0 1 0 0 0 0 0 0 0
353.379 0 0 0 1 0 0 0 0 0
355.265 0 0 0 0 1 0 0 0 0
356.666 1 0 0 0 0 0 0 0 0
358.717 0 1 0 0 0 0 0 0 0
359.46 1 0 0 0 0 0 0 0 0
360.592 0 1 0 0 0 0 0 0 0
