2.68514 0 0 0 0 0 1 0 0 0
3.74687 0 0 0 0 0 0 1 0 0
31.5941 0 0 0 1 0 0 0 0 0
31.645 0 0 0 0 1 0 0 0 0
32.3557 0 0 0 1 0 0 0 0 0
37.2215 0 0 0 0 1 0 0 0 0
37.8693 1 0 0 0 0 0 0 0 0
39.2709 0 1 0 0 0 0 0 0 0
39.7548 1 0 0 0 0 0 0 0 0
40.9715 0 1 0 0 0 0 0 0 0
41.4974 0 0 0 1 0 0 0 0 0
42.837 0 0 0 0 1 0 0 0 0
43.3219 0 0 0 1 0 0 0 0 0
45.7953 0 0 0 0 1 0 0 0 0
48.1136 1 0 0 0 0 0 0 0 0
48.1966 0 1 0 0 0 0 0 0 0
48.2886 1 0 1 0 0 0 0 0 0
48.4126 0 1 0 0 0 0 0 0 0
52.0097 1 0 0 0 0 0 0 0 0
52.7725 0 1 0 0 0 0 0 0 0
53.0404 0 0 0 1 0 0 0 0 0
59.7287 0 0 0 0 1 0 0 0 0
60.8934 1 0 0 0 0 0 0 0 0
61.7902 0 1 0 0 0 0 0 0 0
64.4595 1 0 0 0 0 0 0 0 0
65.8602 0 1 0 0 0 0 0 0 0
67.5199 1 0 0 0 0 0 0 0 0
69.8292 0 1 0 0 0 0 0 0 0
70.7459 1 0 0 0 0 0 0 0 0
72.5395 0 1 0 0 0 0 0 0 0
74.322 1 0 0 0 0 0 0 0 0
75.8786 0 1 0 0 0 0 0 0 0
76.8263 1 0 0 0 0 0 0 0 0
77.888 0 1 0 0 0 0 0 0 0
78.9798 1 0 0 0 0 0 0 0 0
80.2905 0 1 0 0 0 0 0 0 0
81.1453 1 0 0 0 0 0 0 0 0
81.959 0 1 0 0 0 0 0 0 0
82.4429 1 0 0 0 0 0 0 0 0
82.5569 0 1 0 0 0 0 0 0 0
82.6288 1 0 1 0 0 0 0 0 0
82.7628 0 1 0 0 0 0 0 0 0
89.5131 0 0 0 1 0 0 0 0 0
91.9045 0 0 0 0 1 0 0 0 0
92.9143 1 0 0 0 0 0 0 0 0
93.975 0 1 0 0 0 0 0 0 0
97.4381 1 0 0 0 0 0 0 0 0
98.3249 0 1 0 0 0 0 0 0 0
100.283 1 0 0 0 0 0 0 0 0
101.87 0 1 0 0 0 0 0 0 0
102.509 1 0 0 0 0 0 0 0 0
103.55 0 1 0 0 0 0 0 0 0
104.652 1 0 0 0 0 0 0 0 0
106.91 0 1 0 0 0 0 0 0 0
107.579 1 0 0 0 0 0 0 0 0
108.352 0 1 0 0 0 0 0 0 0
108.909 1 0 0 0 0 0 0 0 0
109.033 0 1 0 0 0 0 0 0 0
109.105 1 0 1 0 0 0 0 0 0
109.239 0 1 0 0 0 0 0 0 0
111.939 1 0 0 0 0 0 0 0 0
113.753 0 1 0 0 0 0 0 0 0
114.093 0 0 0 1 0 0 0 0 0
118.133 0 0 0 0 1 0 0 0 0
118.834 1 0 0 0 0 0 0 0 0
120.06 0 1 0 0 0 0 0 0 0
120.947 1 0 0 0 0 0 0 0 0
121.06 0 1 0 0 0 0 0 0 0
121.132 1 0 1 0 0 0 0 0 0
121.266 0 1 0 0 0 0 0 0 0
123.04 0 0 0 0 0 1 0 0 0
124.266 0 0 0 0 0 0 1 0 0
129.677 0 0 0 0 0 1 0 0 0
130.44 0 0 0 0 0 0 1 0 0
131.511 0 0 0 0 0 1 0 0 0
132.171 0 0 0 0 0 0 1 0 0
132.573 0 0 0 0 0 1 0 0 0
133.079 0 0 0 0 0 0 1 0 0
135.252 0 0 0 0 0 1 0 0 0
135.768 0 0 0 0 0 0 1 0 0
141.983 0 0 0 0 0 1 0 0 0
142.416 0 0 0 0 0 0 1 0 0
163.069 0 0 0 1 0 0 0 0 0
170.386 0 0 0 0 1 0 0 0 0
172.386 1 0 0 0 0 0 0 0 0
173.942 0 1 0 0 0 0 0 0 0
174.477 1 0 0 0 0 0 0 0 0
176.611 0 1 0 0 0 0 0 0 0
177.106 1 0 0 0 0 0 0 0 0
178.589 0 1 0 0 0 0 0 0 0
179.28 1 0 0 0 0 0 0 0 0
180.713 0 1 0 0 0 0 0 0 0
181.084 1 0 0 0 0 0 0 0 0
181.651 0 1 0 0 0 0 0 0 0
183.484 1 0 0 0 0 0 0 0 0
184.259 0 1 0 0 0 0 0 0 0
185.763 0 0 0 1 0 0 0 0 0
191.936 0 0 0 0 1 0 0 0 0
192.441 1 0 0 0 0 0 0 0 0
193.946 0 1 0 0 0 0 0 0 0
194.532 1 0 0 0 0 0 0 0 0
195.223 0 1 0 0 0 0 0 0 0
195.687 1 0 0 0 0 0 0 0 0
196.656 0 1 0 0 0 0 0 0 0
197.202 1 0 0 0 0 0 0 0 0
198.582 0 1 0 0 0 0 0 0 0
199.119 1 0 0 0 0 0 0 0 0
200.098 0 1 0 0 0 0 0 0 0
200.562 1 0 0 0 0 0 0 0 0
201.768 0 1 0 0 0 0 0 0 0
202.829 1 0 0 0 0 0 0 0 0
203.839 0 1 0 0 0 0 0 0 0
204.004 1 0 0 0 0 0 0 0 0
204.149 0 1 0 0 0 0 0 0 0
204.19 1 0 1 0 0 0 0 0 0
204.334 0 1 0 0 0 0 0 0 0
223.504 1 0 0 0 0 0 0 0 0
223.638 0 1 0 0 0 0 0 0 0
223.71 1 0 1 0 0 0 0 0 0
223.855 0 1 0 0 0 0 0 0 0
225.204 1 0 0 0 0 0 0 0 0
226.245 0 1 0 0 0 0 0 0 0
226.946 1 0 0 0 0 0 0 0 0
228.07 0 1 0 0 0 0 0 0 0
228.585 1 0 0 0 0 0 0 0 0
229.832 0 1 0 0 0 0 0 0 0
230.44 1 0 0 0 0 0 0 0 0
231.265 0 1 0 0 0 0 0 0 0
231.811 1 0 0 0 0 0 0 0 0
232.821 0 1 0 0 0 0 0 0 0
241.652 0 0 0 0 0 1 0 0 0
244.529 0 0 0 0 0 0 1 0 0
273.313 1 0 0 0 0 0 0 0 0
274.685 0 1 0 0 0 0 0 0 0
275.127 1 0 0 0 0 0 0 0 0
276.209 0 1 0 0 0 0 0 0 0
276.641 1 0 0 0 0 0 0 0 0
277.27 0 1 0 0 0 0 0 0 0
277.806 1 0 0 0 0 0 0 0 0
278.558 0 1 0 0 0 0 0 0 0
279.115 1 0 0 0 0 0 0 0 0
279.95 0 1 0 0 0 0 0 0 0
280.599 1 0 0 0 0 0 0 0 0
281.475 0 1 0 0 0 0 0 0 0
281.991 1 0 0 0 0 0 0 0 0
282.588 0 1 0 0 0 0 0 0 0
282.969 0 0 0 1 0 0 0 0 0
291.564 0 0 0 0 1 0 0 0 0
292.183 1 0 0 0 0 0 0 0 0
293.852 0 1 0 0 0 0 0 0 0
294.223 1 0 0 0 0 0 0 0 0
294.327 0 1 0 0 0 0 0 0 0
294.408 1 0 1 0 0 0 0 0 0
294.543 0 1 0 0 0 0 0 0 0
298.346 1 0 0 0 0 0 0 0 0
300.818 0 1 0 0 0 0 0 0 0
300.922 1 0 0 0 0 0 0 0 0
302.355 0 1 0 0 0 0 0 0 0
302.675 1 0 0 0 0 0 0 0 0
303.396 0 1 0 0 0 0 0 0 0
303.684 1 0 0 0 0 0 0 0 0
304.333 0 1 0 0 0 0 0 0 0
304.838 1 0 0 0 0 0 0 0 0
305.983 0 1 0 0 0 0 0 0 0
306.488 1 0 0 0 0 0 0 0 0
307.251 0 1 0 0 0 0 0 0 0
307.89 1 0 0 0 0 0 0 0 0
308.899 0 1 0 0 0 0 0 0 0
309.445 1 0 0 0 0 0 0 0 0
310.094 0 1 0 0 0 0 0 0 0
310.446 0 0 0 1 0 0 0 0 0
317.865 0 0 0 0 1 0 0 0 0
318.175 0 0 0 1 0 0 0 0 0
318.772 0 0 0 0 1 0 0 0 0
319.483 1 0 0 0 0 0 0 0 0
320.74 0 1 0 0 0 0 0 0 0
321.472 1 0 0 0 0 0 0 0 0
323.112 0 1 0 0 0 0 0 0 0
323.625 1 0 0 0 0 0 0 0 0
324.213 0 1 0 0 0 0 0 0 0
324.388 0 0 0 1 0 0 0 0 0
328.717 0 0 0 0 1 0 0 0 0
329.129 1 0 0 0 0 0 0 0 0
331.159 0 1 0 0 0 0 0 0 0
331.499 1 0 0 0 0 0 0 0 0
332.602 0 1 0 0 0 0 0 0 0
332.881 1 0 0 0 0 0 0 0 0
333.262 0 1 0 0 0 0 0 0 0
334.396 1 0 0 0 0 0 0 0 0
335.415 0 1 0 0 0 0 0 0 0
335.869 1 0 0 0 0 0 0 0 0
338.394 0 1 0 0 0 0 0 0 0
338.436 1 0 0 0 0 0 0 0 0
338.56 0 1 0 0 0 0 0 0 0
338.92 1 0 1 0 0 0 0 0 0
338.992 0 1 0 0 0 0 0 0 0
339.076 1 0 0 0 0 0 0 0 0
339.187 0 1 0 0 0 0 0 0 0
341.249 1 0 0 0 0 0 0 0 0
342.456 0 1 0 0 0 0 0 0 0
342.99 1 0 0 0 0 0 0 0 0
344.485 0 1 0 0 0 0 0 0 0
345.207 1 0 0 0 0 0 0 0 0
347.071 0 1 0 0 0 0 0 0 0
347.927 1 0 0 0 0 0 0 0 0
350.246 0 1 0 0 0 0 0 0 0
350.741 1 0 0 0 0 0 0 0 0
351.575 0 1 0 0 0 0 0 0 0
