0.000000 0.000000
1.000000 0.000000
2.000000 0.000000
3.000000 0.000000
4.000000 0.000000
5.000000 0.000000
6.000000 0.000000
7.000000 0.000000
8.000000 0.000000
9.000000 0.000000
10.000000 0.000000
11.000000 0.000000
12.000000 0.000000
13.000000 0.000000
14.000000 0.076398
15.000000 0.076398
16.000000 0.155626
17.000000 0.155626
18.000000 0.000000
19.000000 0.000000
20.000000 0.000000
21.000000 0.000000
22.000000 0.033656
23.000000 0.033656
24.000000 0.114952
25.000000 0.114952
26.000000 0.098753
27.000000 0.098753
28.000000 0.020034
29.000000 0.020034
30.000000 0.000000
31.000000 0.000000
32.000000 0.059280
33.000000 0.059280
34.000000 0.122146
35.000000 0.122146
36.000000 0.000000
37.000000 0.000000
38.000000 0.000000
39.000000 0.000000
40.000000 0.000000
41.000000 0.000000
42.000000 0.000000
43.000000 0.000000
44.000000 0.000000
45.000000 0.000000
46.000000 0.163306
47.000000 0.163306
48.000000 0.000000
49.000000 0.000000
50.000000 0.000000
51.000000 0.000000
52.000000 0.137688
53.000000 0.137688
54.000000 0.042597
55.000000 0.042597
56.000000 0.000000
57.000000 0.000000
58.000000 0.000000
59.000000 0.000000
60.000000 0.051301
61.000000 0.051301
62.000000 0.081582
63.000000 0.081582
64.000000 0.081095
65.000000 0.081095
66.000000 0.160361
67.000000 0.160361
68.000000 0.000000
69.000000 0.000000
70.000000 0.000000
71.000000 0.000000
72.000000 0.000000
73.000000 0.000000
74.000000 0.071332
75.000000 0.071332
76.000000 0.098312
77.000000 0.098312
78.000000 0.022694
79.000000 0.022694
80.000000 0.000000
81.000000 0.000000
82.000000 0.000000
83.000000 0.000000
84.000000 0.171139
85.000000 0.171139
86.000000 0.000000
87.000000 0.000000
88.000000 0.113168
89.000000 0.113168
90.000000 0.000000
91.000000 0.000000
92.000000 0.000000
93.000000 0.000000
94.000000 0.000000
95.000000 0.000000
96.000000 0.098442
97.000000 0.098442
98.000000 0.000000
99.000000 0.000000
100.000000 0.000000
101.000000 0.000000
102.000000 0.000000
103.000000 0.000000
104.000000 0.000000
105.000000 0.000000
106.000000 0.000000
107.000000 0.000000
108.000000 0.069588
109.000000 0.069588
110.000000 0.061273
111.000000 0.061273
112.000000 0.000000
113.000000 0.000000
114.000000 0.000000
115.000000 0.000000
116.000000 0.000000
117.000000 0.000000
118.000000 0.097138
119.000000 0.097138
120.000000 0.110867
121.000000 0.110867
122.000000 0.045986
123.000000 0.045986
124.000000 0.000000
125.000000 0.000000
126.000000 0.135624
127.000000 0.135624
128.000000 0.000000
129.000000 0.000000
130.000000 0.000000
131.000000 0.000000
132.000000 0.079503
133.000000 0.079503
134.000000 0.093379
135.000000 0.093379
136.000000 0.139414
137.000000 0.139414
138.000000 0.093389
139.000000 0.093389
140.000000 0.156409
141.000000 0.156409
142.000000 0.012507
143.000000 0.012507
144.000000 0.160923
145.000000 0.160923
146.000000 0.167366
147.000000 0.167366
148.000000 0.007735
149.000000 0.007735
150.000000 0.120876
151.000000 0.120876
152.000000 0.139309
153.000000 0.139309
154.000000 0.150930
155.000000 0.600930
156.000000 0.435174
157.000000 0.435174
158.000000 0.540707
159.000000 0.540707
160.000000 0.603579
161.000000 0.603579
162.000000 0.558745
163.000000 0.558745
164.000000 0.600637
165.000000 0.600637
166.000000 0.431435
167.000000 0.431435
168.000000 0.566860
169.000000 0.566860
170.000000 0.620723
171.000000 0.620723
172.000000 0.404374
173.000000 0.404374
174.000000 0.334768
175.000000 0.334768
176.000000 0.563108
177.000000 0.563108
178.000000 0.480470
179.000000 0.480470
180.000000 0.161564
181.000000 0.161564
182.000000 0.000000
183.000000 0.000000
184.000000 0.000000
185.000000 0.000000
186.000000 0.062378
187.000000 0.062378
188.000000 0.145072
189.000000 0.145072
190.000000 0.040976
191.000000 0.040976
192.000000 0.000000
193.000000 0.000000
194.000000 0.000000
195.000000 0.000000
196.000000 0.000000
197.000000 0.000000
198.000000 0.000000
199.000000 0.000000
200.000000 0.032186
201.000000 0.032186
202.000000 0.132655
203.000000 0.132655
204.000000 0.018658
205.000000 0.018658
206.000000 0.000000
207.000000 0.000000
208.000000 0.138953
209.000000 0.138953
210.000000 0.103007
211.000000 0.103007
212.000000 0.096534
213.000000 0.096534
214.000000 0.034639
215.000000 0.034639
216.000000 0.020027
217.000000 0.020027
218.000000 0.000000
219.000000 0.000000
220.000000 0.016680
221.000000 0.016680
222.000000 0.172140
223.000000 0.172140
224.000000 0.000000
225.000000 0.000000
226.000000 0.064671
227.000000 0.064671
228.000000 0.000000
229.000000 0.000000
230.000000 0.086282
231.000000 0.086282
232.000000 0.000000
233.000000 0.000000
234.000000 0.000000
235.000000 0.000000
236.000000 0.000000
237.000000 0.000000
238.000000 0.073035
239.000000 0.073035
240.000000 0.124511
241.000000 0.124511
242.000000 0.101162
243.000000 0.101162
244.000000 0.084995
245.000000 0.084995
246.000000 0.000000
247.000000 0.000000
248.000000 0.007306
249.000000 0.007306
250.000000 0.121321
251.000000 0.121321
252.000000 0.120265
253.000000 0.120265
254.000000 0.000000
255.000000 0.000000
256.000000 0.000000
257.000000 0.000000
258.000000 0.000000
259.000000 0.000000
260.000000 0.066973
261.000000 0.066973
262.000000 0.019296
263.000000 0.019296
264.000000 0.000000
265.000000 0.427966
266.000000 0.570611
267.000000 0.570611
268.000000 0.578691
269.000000 0.578691
270.000000 0.699526
271.000000 0.699526
272.000000 0.715499
273.000000 0.715499
274.000000 0.631362
275.000000 0.631362
276.000000 0.474726
277.000000 0.474726
278.000000 0.632660
279.000000 0.632660
280.000000 0.679167
281.000000 0.679167
282.000000 0.574933
283.000000 0.574933
284.000000 0.498777
285.000000 0.498777
286.000000 0.517884
287.000000 0.517884
288.000000 0.772614
289.000000 0.772614
290.000000 0.593265
291.000000 0.593265
292.000000 0.714713
293.000000 0.714713
294.000000 0.636133
295.000000 0.636133
296.000000 0.711245
297.000000 0.711245
298.000000 0.759442
299.000000 0.759442
300.000000 0.052632
