206.614 0 0 0 0 0 1 0 0 0
212.922 0 0 0 0 0 0 1 0 0
222.549 0 0 0 0 0 1 0 0 0
223.827 0 0 0 0 0 0 1 0 0
393.626 1 0 0 0 0 0 0 0 0
397.944 0 1 0 0 0 0 0 0 0
400.923 1 0 0 0 0 0 0 0 0
406.252 0 1 0 0 0 0 0 0 0
422.033 1 0 0 0 0 0 0 0 0
425.166 0 1 0 0 0 0 0 0 0
431.495 1 0 0 0 0 0 0 0 0
431.587 0 1 0 0 0 0 0 0 0
431.68 1 0 1 0 0 0 0 0 0
431.814 0 1 0 0 0 0 0 0 0
440.72 0 0 0 1 0 0 0 0 0
441.172 0 0 0 0 1 0 0 0 0
441.781 0 0 0 1 0 0 0 0 0
442.461 0 0 0 0 1 0 0 0 0
443.399 0 0 0 1 0 0 0 0 0
444.429 0 0 0 0 1 0 0 0 0
453.438 1 0 0 0 0 0 0 0 0
453.593 0 1 0 0 0 0 0 0 0
453.634 1 0 1 0 0 0 0 0 0
453.748 0 1 0 0 0 0 0 0 0
479.679 0 0 0 1 0 0 0 0 0
483.997 0 0 0 0 1 0 0 0 0
489.068 0 0 0 1 0 0 0 0 0
491.706 0 0 0 0 1 0 0 0 0
496.623 0 0 0 1 0 0 0 0 0
497.767 0 0 0 0 1 0 0 0 0
506.28 0 0 0 1 0 0 0 0 0
507.022 0 0 0 0 1 0 0 0 0
513.608 0 0 0 1 0 0 0 0 0
516.236 0 0 0 0 1 0 0 0 0
517.246 0 0 0 1 0 0 0 0 0
518.05 0 0 0 0 1 0 0 0 0
518.72 0 0 0 1 0 0 0 0 0
519.7 0 0 0 0 1 0 0 0 0
520.266 0 0 0 1 0 0 0 0 0
524.946 0 0 0 0 1 0 0 0 0
553.32 1 0 0 0 0 0 0 0 0
553.402 0 1 0 0 0 0 0 0 0
553.516 1 0 1 0 0 0 0 0 0
553.619 0 1 0 0 0 0 0 0 0
557.206 0 0 0 1 0 0 0 0 0
558.246 0 0 0 0 1 0 0 0 0
559.442 1 0 0 0 0 0 0 0 0
561.76 0 1 0 0 0 0 0 0 0
562.977 0 0 0 1 0 0 0 0 0
567.368 0 0 0 0 1 0 0 0 0
570.264 1 0 0 0 0 0 0 0 0
572.129 0 1 0 0 0 0 0 0 0
573.211 1 0 0 0 0 0 0 0 0
579.828 0 1 0 0 0 0 0 0 0
580.632 1 0 0 0 0 0 0 0 0
586.073 0 1 0 0 0 0 0 0 0
596.071 1 0 0 0 0 0 0 0 0
596.164 0 1 0 0 0 0 0 0 0
596.257 1 0 1 0 0 0 0 0 0
596.36 0 1 0 0 0 0 0 0 0
602.709 1 0 0 0 0 0 0 0 0
605.842 0 1 0 0 0 0 0 0 0
627.486 1 0 0 0 0 0 0 0 0
630.919 0 1 0 0 0 0 0 0 0
631.218 0 0 0 1 0 0 0 0 0
633.103 0 0 0 0 1 0 0 0 0
636.638 1 0 0 0 0 0 0 0 0
636.689 0 1 0 0 0 0 0 0 0
636.813 1 0 1 0 0 0 0 0 0
636.937 0 1 0 0 0 0 0 0 0
642.667 1 0 0 0 0 0 0 0 0
644.368 0 1 0 0 0 0 0 0 0
646.512 1 0 0 0 0 0 0 0 0
646.604 0 1 0 0 0 0 0 0 0
646.697 1 0 1 0 0 0 0 0 0
646.81 0 1 0 0 0 0 0 0 0
684.243 1 0 0 0 0 0 0 0 0
685.737 0 1 0 0 0 0 0 0 0
688.437 0 0 0 1 0 0 0 0 0
691.961 0 0 0 0 1 0 0 0 0
692.848 1 0 0 0 0 0 0 0 0
696.548 0 1 0 0 0 0 0 0 0
698.949 1 0 0 0 0 0 0 0 0
700.238 0 1 0 0 0 0 0 0 0
711.667 1 0 0 0 0 0 0 0 0
711.77 0 1 0 0 0 0 0 0 0
711.894 1 0 1 0 0 0 0 0 0
712.017 0 1 0 0 0 0 0 0 0
726.385 0 0 0 1 0 0 0 0 0
729.446 0 0 0 0 1 0 0 0 0
731.435 1 0 0 0 0 0 0 0 0
732.497 0 1 0 0 0 0 0 0 0
733.476 1 0 0 0 0 0 0 0 0
736.599 0 1 0 0 0 0 0 0 0
738.845 1 0 0 0 0 0 0 0 0
739.743 0 1 0 0 0 0 0 0 0
742.587 1 0 0 0 0 0 0 0 0
744.288 0 1 0 0 0 0 0 0 0
745.761 1 0 0 0 0 0 0 0 0
746.741 0 1 0 0 0 0 0 0 0
750.297 1 0 0 0 0 0 0 0 0
754.429 0 1 0 0 0 0 0 0 0
755.366 1 0 0 0 0 0 0 0 0
757.521 0 1 0 0 0 0 0 0 0
760.335 1 0 0 0 0 0 0 0 0
761.53 0 1 0 0 0 0 0 0 0
763.499 1 0 0 0 0 0 0 0 0
764.869 0 1 0 0 0 0 0 0 0
772.517 1 0 0 0 0 0 0 0 0
773.063 0 1 0 0 0 0 0 0 0
774.599 1 0 0 0 0 0 0 0 0
775.877 0 1 0 0 0 0 0 0 0
776.805 1 0 0 0 0 0 0 0 0
778.061 0 1 0 0 0 0 0 0 0
783.391 1 0 0 0 0 0 0 0 0
784.627 0 1 0 0 0 0 0 0 0
787.678 1 0 0 0 0 0 0 0 0
789.09 0 1 0 0 0 0 0 0 0
790.358 1 0 0 0 0 0 0 0 0
792.058 0 1 0 0 0 0 0 0 0
795.831 0 0 0 1 0 0 0 0 0
797.707 0 0 0 0 1 0 0 0 0
802.993 1 0 0 0 0 0 0 0 0
803.488 0 1 0 0 0 0 0 0 0
829.604 1 0 0 0 0 0 0 0 0
829.717 0 1 0 0 0 0 0 0 0
829.913 1 0 1 0 0 0 0 0 0
830.037 0 1 0 0 0 0 0 0 0
847.32 1 0 0 0 0 0 0 0 0
849.577 0 1 0 0 0 0 0 0 0
850.34 1 0 0 0 0 0 0 0 0
851.793 0 1 0 0 0 0 0 0 0
858.11 1 0 0 0 0 0 0 0 0
859.45 0 1 0 0 0 0 0 0 0
859.966 1 0 0 0 0 0 0 0 0
860.945 0 1 0 0 0 0 0 0 0
861.913 1 0 0 0 0 0 0 0 0
862.625 0 1 0 0 0 0 0 0 0
863.81 1 0 0 0 0 0 0 0 0
865.087 0 1 0 0 0 0 0 0 0
866.788 1 0 0 0 0 0 0 0 0
867.511 0 1 0 0 0 0 0 0 0
874.724 1 0 0 0 0 0 0 0 0
875.62 0 1 0 0 0 0 0 0 0
876.333 1 0 0 0 0 0 0 0 0
877.332 0 1 0 0 0 0 0 0 0
878.712 1 0 0 0 0 0 0 0 0
880.619 0 1 0 0 0 0 0 0 0
881.402 0 0 0 1 0 0 0 0 0
882.876 0 0 0 0 1 0 0 0 0
883.752 1 0 0 0 0 0 0 0 0
886.483 0 1 0 0 0 0 0 0 0
887.822 1 0 0 0 0 0 0 0 0
889.791 0 1 0 0 0 0 0 0 0
890.812 1 0 0 0 0 0 0 0 0
893.161 0 1 0 0 0 0 0 0 0
894.142 1 0 0 0 0 0 0 0 0
895.057 0 1 0 0 0 0 0 0 0
903.251 1 0 0 0 0 0 0 0 0
904.941 0 1 0 0 0 0 0 0 0
906.415 1 0 0 0 0 0 0 0 0
907.075 0 1 0 0 0 0 0 0 0
907.549 0 0 0 1 0 0 0 0 0
909.733 0 0 0 0 1 0 0 0 0
912.877 1 0 0 0 0 0 0 0 0
916.206 0 1 0 0 0 0 0 0 0
918.256 1 0 0 0 0 0 0 0 0
920.112 0 1 0 0 0 0 0 0 0
921.287 1 0 0 0 0 0 0 0 0
921.719 0 1 0 0 0 0 0 0 0
923.007 1 0 0 0 0 0 0 0 0
923.74 0 1 0 0 0 0 0 0 0
925.245 1 0 0 0 0 0 0 0 0
926.728 0 1 0 0 0 0 0 0 0
927.594 1 0 0 0 0 0 0 0 0
929.088 0 1 0 0 0 0 0 0 0
932.056 1 0 0 0 0 0 0 0 0
933.458 0 1 0 0 0 0 0 0 0
934.252 0 0 0 1 0 0 0 0 0
936.674 0 0 0 0 1 0 0 0 0
939.363 1 0 0 0 0 0 0 0 0
940.611 0 1 0 0 0 0 0 0 0
942.177 1 0 0 0 0 0 0 0 0
943.589 0 1 0 0 0 0 0 0 0
944.804 1 0 0 0 0 0 0 0 0
945.496 0 1 0 0 0 0 0 0 0
950.721 1 0 0 0 0 0 0 0 0
953.298 0 1 0 0 0 0 0 0 0
956.451 1 0 0 0 0 0 0 0 0
957.843 0 1 0 0 0 0 0 0 0
976.507 1 0 0 0 0 0 0 0 0
976.652 0 1 0 0 0 0 0 0 0
976.786 1 0 1 0 0 0 0 0 0
976.92 0 1 0 0 0 0 0 0 0
982.886 1 0 0 0 0 0 0 0 0
985.442 0 1 0 0 0 0 0 0 0
986.235 1 0 0 0 0 0 0 0 0
987.483 0 1 0 0 0 0 0 0 0
988.688 1 0 0 0 0 0 0 0 0
989.688 0 1 0 0 0 0 0 0 0
990.678 1 0 0 0 0 0 0 0 0
991.821 0 1 0 0 0 0 0 0 0
993.759 0 0 0 1 0 0 0 0 0
995.377 0 0 0 0 1 0 0 0 0
997.892 1 0 0 0 0 0 0 0 0
999.912 0 1 0 0 0 0 0 0 0
1005.35 0 0 0 1 0 0 0 0 0
1007.59 0 0 0 0 1 0 0 0 0
1012.38 1 0 0 0 0 0 0 0 0
1013.91 0 1 0 0 0 0 0 0 0
1014.84 1 0 0 0 0 0 0 0 0
1016.47 0 1 0 0 0 0 0 0 0
1018.5 1 0 0 0 0 0 0 0 0
1020.67 0 1 0 0 0 0 0 0 0
1021.35 1 0 0 0 0 0 0 0 0
1022.27 0 1 0 0 0 0 0 0 0
1023.15 1 0 0 0 0 0 0 0 0
1024.47 0 1 0 0 0 0 0 0 0
1025.52 1 0 0 0 0 0 0 0 0
1027.64 0 1 0 0 0 0 0 0 0
1035.73 1 0 0 0 0 0 0 0 0
1035.83 0 1 0 0 0 0 0 0 0
1035.91 1 0 1 0 0 0 0 0 0
1036.02 0 1 0 0 0 0 0 0 0
1038.55 1 0 0 0 0 0 0 0 0
1040.27 0 1 0 0 0 0 0 0 0
1040.72 0 0 0 1 0 0 0 0 0
1044.51 0 0 0 0 1 0 0 0 0
1045.36 1 0 0 0 0 0 0 0 0
1047.37 0 1 0 0 0 0 0 0 0
1047.89 0 0 0 1 0 0 0 0 0
1050.97 0 0 0 0 1 0 0 0 0
1054.32 1 0 0 0 0 0 0 0 0
1055.9 0 1 0 0 0 0 0 0 0
1056.25 0 0 0 1 0 0 0 0 0
1059.9 0 0 0 0 1 0 0 0 0
1094.93 1 0 0 0 0 0 0 0 0
1095.06 0 1 0 0 0 0 0 0 0
1095.18 1 0 1 0 0 0 0 0 0
1095.31 0 1 0 0 0 0 0 0 0
1295.98 0 0 0 0 0 1 0 0 0
1297.05 0 0 0 0 0 0 1 0 0
1308.36 0 0 0 0 0 1 0 0 0
1309.05 0 0 0 0 0 0 1 0 0
1330.97 1 0 0 0 0 0 0 0 0
1332.41 0 1 0 0 0 0 0 0 0
1333.16 1 0 0 0 0 0 0 0 0
1334.31 0 1 0 0 0 0 0 0 0
1335.19 1 0 0 0 0 0 0 0 0
1336.12 0 1 0 0 0 0 0 0 0
1336.45 1 0 0 0 0 0 0 0 0
1337.72 0 1 0 0 0 0 0 0 0
1342.42 0 0 0 1 0 0 0 0 0
1346.86 0 0 0 0 1 0 0 0 0
1347.96 1 0 0 0 0 0 0 0 0
1349.18 0 1 0 0 0 0 0 0 0
1352.57 0 0 0 1 0 0 0 0 0
1354.7 0 0 0 0 1 0 0 0 0
1356.28 1 0 0 0 0 0 0 0 0
1361.96 0 1 0 0 0 0 0 0 0
1384.6 1 0 0 0 0 0 0 0 0
1384.68 0 1 0 0 0 0 0 0 0
1384.83 1 0 1 0 0 0 0 0 0
1384.91 0 1 0 0 0 0 0 0 0
1392.28 1 0 0 0 0 0 0 0 0
1394.33 0 1 0 0 0 0 0 0 0
1395.61 1 0 0 0 0 0 0 0 0
1396.68 0 1 0 0 0 0 0 0 0
1397.29 1 0 0 0 0 0 0 0 0
1398.32 0 1 0 0 0 0 0 0 0
1399.15 1 0 0 0 0 0 0 0 0
1400.45 0 1 0 0 0 0 0 0 0
1403.57 1 0 0 0 0 0 0 0 0
1403.72 0 1 0 0 0 0 0 0 0
1403.81 1 0 1 0 0 0 0 0 0
1403.98 0 1 0 0 0 0 0 0 0
1434.87 1 0 0 0 0 0 0 0 0
1435.93 0 1 0 0 0 0 0 0 0
1436.78 1 0 0 0 0 0 0 0 0
1437.52 0 1 0 0 0 0 0 0 0
1438.19 1 0 0 0 0 0 0 0 0
1439.52 0 1 0 0 0 0 0 0 0
1440.05 1 0 0 0 0 0 0 0 0
1441.53 0 1 0 0 0 0 0 0 0
1441.99 1 0 0 0 0 0 0 0 0
1442.71 0 1 0 0 0 0 0 0 0
1444.17 1 0 0 0 0 0 0 0 0
1445.55 0 1 0 0 0 0 0 0 0
1448.11 1 0 0 0 0 0 0 0 0
1449.17 0 1 0 0 0 0 0 0 0
1450.79 1 0 0 0 0 0 0 0 0
1451.28 0 1 0 0 0 0 0 0 0
1451.68 0 0 0 1 0 0 0 0 0
1453.8 0 0 0 0 1 0 0 0 0
1454.69 0 0 0 1 0 0 0 0 0
1456.64 0 0 0 0 1 0 0 0 0
1457.49 0 0 0 1 0 0 0 0 0
1459.28 0 0 0 0 1 0 0 0 0
1459.99 1 0 0 0 0 0 0 0 0
1461.72 0 1 0 0 0 0 0 0 0
1462.76 1 0 0 0 0 0 0 0 0
1463.93 0 1 0 0 0 0 0 0 0
1464.55 1 0 0 0 0 0 0 0 0
1464.65 0 1 0 0 0 0 0 0 0
1464.78 1 0 1 0 0 0 0 0 0
1464.88 0 1 0 0 0 0 0 0 0
1471.04 1 0 0 0 0 0 0 0 0
1471.86 0 1 0 0 0 0 0 0 0
1473 1 0 0 0 0 0 0 0 0
1474.24 0 1 0 0 0 0 0 0 0
1478.58 0 0 0 1 0 0 0 0 0
1479.34 0 0 0 0 1 0 0 0 0
1480.57 0 0 0 1 0 0 0 0 0
1483.58 0 0 0 0 1 0 0 0 0
1484.85 0 0 0 1 0 0 0 0 0
1485.35 0 0 0 0 1 0 0 0 0
1486.49 0 0 0 1 0 0 0 0 0
1487 0 0 0 0 1 0 0 0 0
1489.67 0 0 0 1 0 0 0 0 0
1491.08 0 0 0 0 1 0 0 0 0
1491.55 1 0 0 0 0 0 0 0 0
1492.63 0 1 0 0 0 0 0 0 0
1493.09 1 0 0 0 0 0 0 0 0
1494.33 0 1 0 0 0 0 0 0 0
1495.58 1 0 0 0 0 0 0 0 0
1496.86 0 1 0 0 0 0 0 0 0
1499.85 1 0 0 0 0 0 0 0 0
1499.97 0 1 0 0 0 0 0 0 0
1500.08 1 0 1 0 0 0 0 0 0
1500.19 0 1 0 0 0 0 0 0 0
1505.16 1 0 0 0 0 0 0 0 0
1505.51 0 1 0 0 0 0 0 0 0
1505.78 0 0 0 1 0 0 0 0 0
1507.74 0 0 0 0 1 0 0 0 0
1509.34 0 0 0 1 0 0 0 0 0
1510.25 0 0 0 0 1 0 0 0 0
1510.77 1 0 0 0 0 0 0 0 0
1512.9 0 1 0 0 0 0 0 0 0
1514.25 0 0 0 1 0 0 0 0 0
1514.86 0 0 0 0 1 0 0 0 0
1515.99 1 0 0 0 0 0 0 0 0
1517.22 0 1 0 0 0 0 0 0 0
1524.02 1 0 0 0 0 0 0 0 0
1524.16 0 1 0 0 0 0 0 0 0
1524.31 1 0 1 0 0 0 0 0 0
1524.47 0 1 0 0 0 0 0 0 0
1525.76 1 0 0 0 0 0 0 0 0
1526.36 0 1 0 0 0 0 0 0 0
1527.15 1 0 0 0 0 0 0 0 0
1530.51 0 1 0 0 0 0 0 0 0
1531.53 1 0 0 0 0 0 0 0 0
1532.75 0 1 0 0 0 0 0 0 0
1552.08 1 0 0 0 0 0 0 0 0
1552.2 0 1 0 0 0 0 0 0 0
1552.31 1 0 1 0 0 0 0 0 0
1552.42 0 1 0 0 0 0 0 0 0
