14.2304 1 0 0 0 0 0 0 0 0
15.364 0 1 0 0 0 0 0 0 0
16.1478 1 0 0 0 0 0 0 0 0
17.1367 0 1 0 0 0 0 0 0 0
17.5694 1 0 0 0 0 0 0 0 0
18.672 0 1 0 0 0 0 0 0 0
19.3729 1 0 0 0 0 0 0 0 0
19.9607 0 1 0 0 0 0 0 0 0
23.4747 1 0 0 0 0 0 0 0 0
24.3093 0 1 0 0 0 0 0 0 0
24.6802 1 0 0 0 0 0 0 0 0
25.392 0 1 0 0 0 0 0 0 0
25.9898 1 0 0 0 0 0 0 0 0
26.0929 0 1 0 0 0 0 0 0 0
26.2058 1 0 1 0 0 0 0 0 0
26.3087 0 1 0 0 0 0 0 0 0
27.8754 1 0 0 0 0 0 0 0 0
28.659 0 1 0 0 0 0 0 0 0
29.0089 1 0 0 0 0 0 0 0 0
30.1326 0 1 0 0 0 0 0 0 0
30.6064 1 0 0 0 0 0 0 0 0
31.0703 0 1 0 0 0 0 0 0 0
31.4722 1 0 0 0 0 0 0 0 0
31.998 0 1 0 0 0 0 0 0 0
33.0488 1 0 0 0 0 0 0 0 0
34.1114 0 1 0 0 0 0 0 0 0
34.5643 1 0 0 0 0 0 0 0 0
35.419 0 1 0 0 0 0 0 0 0
36.0688 1 0 0 0 0 0 0 0 0
36.6366 0 1 0 0 0 0 0 0 0
37.9862 1 0 0 0 0 0 0 0 0
38.573 0 1 0 0 0 0 0 0 0
39.0059 1 0 0 0 0 0 0 0 0
39.8717 0 1 0 0 0 0 0 0 0
40.2935 1 0 0 0 0 0 0 0 0
41.1702 0 1 0 0 0 0 0 0 0
42.3449 1 0 0 0 0 0 0 0 0
42.4169 0 1 0 0 0 0 0 0 0
42.5818 1 0 1 0 0 0 0 0 0
42.6539 0 1 0 0 0 0 0 0 0
46.1578 1 0 0 0 0 0 0 0 0
46.9306 0 1 0 0 0 0 0 0 0
47.4773 1 0 0 0 0 0 0 0 0
48.3941 0 1 0 0 0 0 0 0 0
49.0849 1 0 0 0 0 0 0 0 0
50.3515 0 1 0 0 0 0 0 0 0
50.8163 1 0 0 0 0 0 0 0 0
51.8461 0 1 0 0 0 0 0 0 0
53.3615 1 0 0 0 0 0 0 0 0
54.3913 0 1 0 0 0 0 0 0 0
54.9171 1 0 0 0 0 0 0 0 0
55.845 0 1 0 0 0 0 0 0 0
62.5748 0 0 0 1 0 0 0 0 0
65.9237 0 0 0 0 1 0 0 0 0
67.7682 1 0 0 0 0 0 0 0 0
68.521 0 1 0 0 0 0 0 0 0
69.4277 1 0 0 0 0 0 0 0 0
71.7871 0 1 0 0 0 0 0 0 0
72.7987 1 0 0 0 0 0 0 0 0
73.7454 0 1 0 0 0 0 0 0 0
85.7417 1 0 0 0 0 0 0 0 0
85.8447 0 1 0 0 0 0 0 0 0
85.9687 1 0 1 0 0 0 0 0 0
86.0407 0 1 0 0 0 0 0 0 0
93.5744 0 0 0 0 0 1 0 0 0
94.2444 0 0 0 0 0 0 1 0 0
124.183 1 0 0 0 0 0 0 0 0
125.244 0 1 0 0 0 0 0 0 0
126.255 1 0 0 0 0 0 0 0 0
127.027 0 1 0 0 0 0 0 0 0
127.326 1 0 0 0 0 0 0 0 0
128.542 0 1 0 0 0 0 0 0 0
128.975 1 0 0 0 0 0 0 0 0
130.624 0 1 0 0 0 0 0 0 0
133.551 0 0 0 1 0 0 0 0 0
135.592 0 0 0 0 1 0 0 0 0
136.529 1 0 0 0 0 0 0 0 0
139.374 0 1 0 0 0 0 0 0 0
139.889 1 0 0 0 0 0 0 0 0
140.786 0 1 0 0 0 0 0 0 0
142.085 1 0 0 0 0 0 0 0 0
143.063 0 1 0 0 0 0 0 0 0
143.547 1 0 0 0 0 0 0 0 0
144.3 0 1 0 0 0 0 0 0 0
145.238 1 0 0 0 0 0 0 0 0
145.661 0 1 0 0 0 0 0 0 0
145.837 0 0 0 1 0 0 0 0 0
147.35 0 0 0 0 1 0 0 0 0
148.237 1 0 0 0 0 0 0 0 0
148.773 0 1 0 0 0 0 0 0 0
152.122 1 0 0 0 0 0 0 0 0
152.257 0 1 0 0 0 0 0 0 0
152.339 1 0 1 0 0 0 0 0 0
152.463 0 1 0 0 0 0 0 0 0
156.998 1 0 0 0 0 0 0 0 0
158.317 0 1 0 0 0 0 0 0 0
159.533 1 0 0 0 0 0 0 0 0
160.367 0 1 0 0 0 0 0 0 0
161.058 1 0 0 0 0 0 0 0 0
161.986 0 1 0 0 0 0 0 0 0
162.481 1 0 0 0 0 0 0 0 0
163.201 0 1 0 0 0 0 0 0 0
163.541 1 0 0 0 0 0 0 0 0
164.201 0 1 0 0 0 0 0 0 0
179.032 0 0 0 0 0 1 0 0 0
179.536 0 0 0 0 0 0 1 0 0
201.075 1 0 0 0 0 0 0 0 0
204.074 0 1 0 0 0 0 0 0 0
205.167 1 0 0 0 0 0 0 0 0
206.908 0 1 0 0 0 0 0 0 0
210.206 1 0 0 0 0 0 0 0 0
211.071 0 1 0 0 0 0 0 0 0
211.793 1 0 0 0 0 0 0 0 0
212.462 0 1 0 0 0 0 0 0 0
214.349 0 0 0 1 0 0 0 0 0
216.461 0 0 0 0 1 0 0 0 0
217.956 1 0 0 0 0 0 0 0 0
219.717 0 1 0 0 0 0 0 0 0
220.501 1 0 0 0 0 0 0 0 0
221.233 0 1 0 0 0 0 0 0 0
221.851 1 0 0 0 0 0 0 0 0
222.355 0 1 0 0 0 0 0 0 0
222.737 1 0 0 0 0 0 0 0 0
223.624 0 1 0 0 0 0 0 0 0
224.438 1 0 0 0 0 0 0 0 0
225.541 0 1 0 0 0 0 0 0 0
226.097 1 0 0 0 0 0 0 0 0
226.767 0 1 0 0 0 0 0 0 0
227.323 1 0 0 0 0 0 0 0 0
227.933 0 1 0 0 0 0 0 0 0
229.992 1 0 0 0 0 0 0 0 0
230.59 0 1 0 0 0 0 0 0 0
234.445 1 0 0 0 0 0 0 0 0
234.527 0 1 0 0 0 0 0 0 0
234.651 1 0 1 0 0 0 0 0 0
234.744 0 1 0 0 0 0 0 0 0
243.173 0 0 0 1 0 0 0 0 0
246.121 0 0 0 0 1 0 0 0 0
246.915 1 0 0 0 0 0 0 0 0
248.666 0 1 0 0 0 0 0 0 0
250.604 1 0 0 0 0 0 0 0 0
250.718 0 1 0 0 0 0 0 0 0
250.822 1 0 1 0 0 0 0 0 0
250.945 0 1 0 0 0 0 0 0 0
263.229 0 0 0 0 0 1 0 0 0
263.497 0 0 0 0 0 0 1 0 0
308.079 1 0 0 0 0 0 0 0 0
308.986 0 1 0 0 0 0 0 0 0
309.44 1 0 0 0 0 0 0 0 0
309.852 0 1 0 0 0 0 0 0 0
310.275 1 0 0 0 0 0 0 0 0
310.728 0 1 0 0 0 0 0 0 0
311.367 1 0 0 0 0 0 0 0 0
311.892 0 1 0 0 0 0 0 0 0
312.397 1 0 0 0 0 0 0 0 0
312.769 0 1 0 0 0 0 0 0 0
313.161 1 0 0 0 0 0 0 0 0
313.8 0 1 0 0 0 0 0 0 0
314.181 1 0 0 0 0 0 0 0 0
314.654 0 1 0 0 0 0 0 0 0
315.036 1 0 0 0 0 0 0 0 0
315.562 0 1 0 0 0 0 0 0 0
318.849 1 0 0 0 0 0 0 0 0
319.292 0 1 0 0 0 0 0 0 0
320.334 0 0 0 1 0 0 0 0 0
322.188 0 0 0 0 1 0 0 0 0
326.589 0 0 0 1 0 0 0 0 0
327.177 0 0 0 0 1 0 0 0 0
333.268 1 0 0 0 0 0 0 0 0
333.938 0 1 0 0 0 0 0 0 0
334.328 1 0 0 0 0 0 0 0 0
334.937 0 1 0 0 0 0 0 0 0
335.328 1 0 0 0 0 0 0 0 0
335.741 0 1 0 0 0 0 0 0 0
336.73 1 0 0 0 0 0 0 0 0
336.834 0 1 0 0 0 0 0 0 0
336.927 1 0 1 0 0 0 0 0 0
337.009 0 1 0 0 0 0 0 0 0
339.781 1 0 0 0 0 0 0 0 0
340.513 0 1 0 0 0 0 0 0 0
341.223 1 0 0 0 0 0 0 0 0
341.749 0 1 0 0 0 0 0 0 0
342.295 1 0 0 0 0 0 0 0 0
342.749 0 1 0 0 0 0 0 0 0
343.13 1 0 0 0 0 0 0 0 0
343.697 0 1 0 0 0 0 0 0 0
344.11 1 0 0 0 0 0 0 0 0
345.315 0 1 0 0 0 0 0 0 0
345.892 1 0 0 0 0 0 0 0 0
346.459 0 1 0 0 0 0 0 0 0
347.378 1 0 0 0 0 0 0 0 0
347.913 0 1 0 0 0 0 0 0 0
348.252 1 0 0 0 0 0 0 0 0
348.963 0 1 0 0 0 0 0 0 0
349.232 1 0 0 0 0 0 0 0 0
350.19 0 1 0 0 0 0 0 0 0
350.623 1 0 0 0 0 0 0 0 0
351.385 0 1 0 0 0 0 0 0 0
351.881 0 0 0 1 0 0 0 0 0
352.735 0 0 0 0 1 0 0 0 0
353.519 0 0 0 1 0 0 0 0 0
357.044 0 0 0 0 1 0 0 0 0
359.115 0 0 0 1 0 0 0 0 0
360.394 0 0 0 0 1 0 0 0 0
