13.9043 0 0 0 0 0 1 0 0 0
14.677 0 0 0 0 0 0 1 0 0
42.9984 1 0 0 0 0 0 0 0 0
44.184 0 1 0 0 0 0 0 0 0
44.7919 1 0 0 0 0 0 0 0 0
45.7606 0 1 0 0 0 0 0 0 0
46.6773 1 0 0 0 0 0 0 0 0
47.606 0 1 0 0 0 0 0 0 0
48.3988 1 0 0 0 0 0 0 0 0
49.2645 0 1 0 0 0 0 0 0 0
49.5424 0 0 0 1 0 0 0 0 0
51.016 0 0 0 0 1 0 0 0 0
51.5218 0 0 0 1 0 0 0 0 0
54.077 0 0 0 0 1 0 0 0 0
54.9938 1 0 0 0 0 0 0 0 0
56.3544 0 1 0 0 0 0 0 0 0
57.9009 1 0 0 0 0 0 0 0 0
59.7144 0 1 0 0 0 0 0 0 0
60.817 0 0 0 1 0 0 0 0 0
61.4458 0 0 0 0 1 0 0 0 0
62.5996 0 0 0 1 0 0 0 0 0
63.7442 0 0 0 0 1 0 0 0 0
64.7228 1 0 0 0 0 0 0 0 0
65.4746 0 1 0 0 0 0 0 0 0
71.9677 1 0 0 0 0 0 0 0 0
72.0816 0 1 0 0 0 0 0 0 0
72.3286 1 0 1 0 0 0 0 0 0
72.4935 0 1 0 0 0 0 0 0 0
74.6889 1 0 0 0 0 0 0 0 0
75.1939 0 1 0 0 0 0 0 0 0
75.5138 0 0 0 1 0 0 0 0 0
76.8432 0 0 0 0 1 0 0 0 0
77.708 1 0 0 0 0 0 0 0 0
79.3774 0 1 0 0 0 0 0 0 0
79.8623 1 0 0 0 0 0 0 0 0
80.862 0 1 0 0 0 0 0 0 0
85.5206 1 0 0 0 0 0 0 0 0
85.7155 0 1 0 0 0 0 0 0 0
85.9215 1 0 1 0 0 0 0 0 0
86.0144 0 1 0 0 0 0 0 0 0
94.9398 1 0 0 0 0 0 0 0 0
95.5476 0 1 0 0 0 0 0 0 0
96.2274 1 0 0 0 0 0 0 0 0
96.7222 0 1 0 0 0 0 0 0 0
97.1861 1 0 0 0 0 0 0 0 0
97.6601 0 1 0 0 0 0 0 0 0
98.0938 1 0 0 0 0 0 0 0 0
98.4747 0 1 0 0 0 0 0 0 0
98.9276 1 0 0 0 0 0 0 0 0
99.9693 0 1 0 0 0 0 0 0 0
112.841 1 0 0 0 0 0 0 0 0
112.944 0 1 0 0 0 0 0 0 0
113.067 1 0 1 0 0 0 0 0 0
113.201 0 1 0 0 0 0 0 0 0
119.375 1 0 0 0 0 0 0 0 0
120.756 0 1 0 0 0 0 0 0 0
123.034 0 0 0 0 0 1 0 0 0
123.363 0 0 0 0 0 0 1 0 0
153.363 1 0 0 0 0 0 0 0 0
154.847 0 1 0 0 0 0 0 0 0
155.753 1 0 0 0 0 0 0 0 0
157.228 0 1 0 0 0 0 0 0 0
157.98 1 0 0 0 0 0 0 0 0
158.794 0 1 0 0 0 0 0 0 0
159.938 1 0 0 0 0 0 0 0 0
161.226 0 1 0 0 0 0 0 0 0
161.875 1 0 0 0 0 0 0 0 0
163.009 0 1 0 0 0 0 0 0 0
163.421 1 0 0 0 0 0 0 0 0
164.721 0 1 0 0 0 0 0 0 0
165.637 0 0 0 1 0 0 0 0 0
166.297 0 0 0 0 1 0 0 0 0
166.853 0 0 0 1 0 0 0 0 0
169.882 0 0 0 0 1 0 0 0 0
170.646 0 0 0 1 0 0 0 0 0
172.254 0 0 0 0 1 0 0 0 0
172.943 0 0 0 1 0 0 0 0 0
174.315 0 0 0 0 1 0 0 0 0
175.458 1 0 0 0 0 0 0 0 0
176.293 0 1 0 0 0 0 0 0 0
176.983 1 0 0 0 0 0 0 0 0
177.633 0 1 0 0 0 0 0 0 0
178.467 1 0 0 0 0 0 0 0 0
179.344 0 1 0 0 0 0 0 0 0
180.096 1 0 0 0 0 0 0 0 0
180.529 0 1 0 0 0 0 0 0 0
182.178 0 0 0 1 0 0 0 0 0
183.765 0 0 0 0 1 0 0 0 0
184.992 1 0 0 0 0 0 0 0 0
186.043 0 1 0 0 0 0 0 0 0
186.929 1 0 0 0 0 0 0 0 0
187.62 0 1 0 0 0 0 0 0 0
189.278 1 0 0 0 0 0 0 0 0
190.496 0 1 0 0 0 0 0 0 0
191.361 1 0 0 0 0 0 0 0 0
192.329 0 1 0 0 0 0 0 0 0
192.834 1 0 0 0 0 0 0 0 0
193.834 0 1 0 0 0 0 0 0 0
194.937 1 0 0 0 0 0 0 0 0
196.142 0 1 0 0 0 0 0 0 0
196.616 1 0 0 0 0 0 0 0 0
197.719 0 1 0 0 0 0 0 0 0
197.977 1 0 0 0 0 0 0 0 0
198.409 0 1 0 0 0 0 0 0 0
198.987 1 0 0 0 0 0 0 0 0
199.244 0 1 0 0 0 0 0 0 0
202.5 1 0 0 0 0 0 0 0 0
203.635 0 1 0 0 0 0 0 0 0
204.067 1 0 0 0 0 0 0 0 0
205.098 0 1 0 0 0 0 0 0 0
213.137 1 0 0 0 0 0 0 0 0
213.302 0 1 0 0 0 0 0 0 0
213.394 1 0 1 0 0 0 0 0 0
213.559 0 1 0 0 0 0 0 0 0
220.784 1 0 0 0 0 0 0 0 0
221.494 0 1 0 0 0 0 0 0 0
223.793 1 0 0 0 0 0 0 0 0
224.361 0 1 0 0 0 0 0 0 0
227.978 1 0 0 0 0 0 0 0 0
229.018 0 1 0 0 0 0 0 0 0
229.647 1 0 0 0 0 0 0 0 0
230.41 0 1 0 0 0 0 0 0 0
230.967 1 0 0 0 0 0 0 0 0
231.533 0 1 0 0 0 0 0 0 0
232.203 1 0 0 0 0 0 0 0 0
232.873 0 1 0 0 0 0 0 0 0
233.306 1 0 0 0 0 0 0 0 0
233.667 0 1 0 0 0 0 0 0 0
235.449 1 0 0 0 0 0 0 0 0
236.047 0 1 0 0 0 0 0 0 0
236.892 1 0 0 0 0 0 0 0 0
237.738 0 1 0 0 0 0 0 0 0
238.819 1 0 0 0 0 0 0 0 0
239.5 0 1 0 0 0 0 0 0 0
240.283 1 0 0 0 0 0 0 0 0
240.675 0 1 0 0 0 0 0 0 0
243.199 0 0 0 0 0 1 0 0 0
243.437 0 0 0 0 0 0 1 0 0
281.186 1 0 0 0 0 0 0 0 0
282 0 1 0 0 0 0 0 0 0
282.413 0 0 0 1 0 0 0 0 0
283.165 0 0 0 0 1 0 0 0 0
284.504 0 0 0 1 0 0 0 0 0
285.432 0 0 0 0 1 0 0 0 0
292.883 1 0 0 0 0 0 0 0 0
293.048 0 1 0 0 0 0 0 0 0
293.192 1 0 1 0 0 0 0 0 0
293.316 0 1 0 0 0 0 0 0 0
299.418 1 0 0 0 0 0 0 0 0
300.211 0 1 0 0 0 0 0 0 0
300.644 1 0 0 0 0 0 0 0 0
301.168 0 1 0 0 0 0 0 0 0
301.602 1 0 0 0 0 0 0 0 0
302.674 0 1 0 0 0 0 0 0 0
303.21 1 0 0 0 0 0 0 0 0
303.663 0 1 0 0 0 0 0 0 0
304.239 1 0 0 0 0 0 0 0 0
304.807 0 1 0 0 0 0 0 0 0
305.343 1 0 0 0 0 0 0 0 0
305.806 0 1 0 0 0 0 0 0 0
306.569 1 0 0 0 0 0 0 0 0
306.961 0 1 0 0 0 0 0 0 0
307.486 1 0 0 0 0 0 0 0 0
308.011 0 1 0 0 0 0 0 0 0
308.475 1 0 0 0 0 0 0 0 0
308.898 0 1 0 0 0 0 0 0 0
309.424 1 0 0 0 0 0 0 0 0
310.228 0 1 0 0 0 0 0 0 0
333.343 0 0 0 1 0 0 0 0 0
337.186 0 0 0 0 1 0 0 0 0
338.599 1 0 0 0 0 0 0 0 0
340.331 0 1 0 0 0 0 0 0 0
341.999 1 0 0 0 0 0 0 0 0
343.36 0 1 0 0 0 0 0 0 0
343.917 1 0 0 0 0 0 0 0 0
345.813 0 1 0 0 0 0 0 0 0
346.256 1 0 0 0 0 0 0 0 0
346.441 0 1 0 0 0 0 0 0 0
346.544 1 0 1 0 0 0 0 0 0
346.699 0 1 0 0 0 0 0 0 0
