7.45339 0 0 0 0 0 1 0 0 0
7.63936 0 0 0 0 0 0 1 0 0
26.3577 1 0 0 0 0 0 0 0 0
27.4933 0 1 0 0 0 0 0 0 0
28.2441 1 0 0 0 0 0 0 0 0
29.0998 0 1 0 0 0 0 0 0 0
29.8006 1 0 0 0 0 0 0 0 0
30.5014 0 1 0 0 0 0 0 0 0
32.6877 0 0 0 1 0 0 0 0 0
36.0067 0 0 0 0 1 0 0 0 0
36.7176 1 0 0 0 0 0 0 0 0
38.0882 0 1 0 0 0 0 0 0 0
38.6549 1 0 0 0 0 0 0 0 0
40.4584 0 1 0 0 0 0 0 0 0
40.9022 1 0 0 0 0 0 0 0 0
41.9949 0 1 0 0 0 0 0 0 0
42.4178 1 0 0 0 0 0 0 0 0
43.6444 0 1 0 0 0 0 0 0 0
45.211 1 0 0 0 0 0 0 0 0
46.7577 0 1 0 0 0 0 0 0 0
47.6952 1 0 0 0 0 0 0 0 0
47.7462 0 1 0 0 0 0 0 0 0
47.8292 1 0 1 0 0 0 0 0 0
48.4584 0 1 0 0 0 0 0 0 0
48.7879 1 0 0 0 0 0 0 0 0
48.8699 0 1 0 0 0 0 0 0 0
48.9119 1 0 1 0 0 0 0 0 0
49.3138 0 1 0 0 0 0 0 0 0
50.5094 1 0 0 0 0 0 0 0 0
51.2722 0 1 0 0 0 0 0 0 0
51.643 0 0 0 1 0 0 0 0 0
53.0546 0 0 0 0 1 0 0 0 0
62.3928 1 0 0 0 0 0 0 0 0
62.5168 0 1 0 0 0 0 0 0 0
62.6098 1 0 1 0 0 0 0 0 0
62.7227 0 1 0 0 0 0 0 0 0
63.6915 1 0 0 0 0 0 0 0 0
63.8154 0 1 0 0 0 0 0 0 0
63.9185 1 0 1 0 0 0 0 0 0
64.0633 0 1 0 0 0 0 0 0 0
64.6302 1 0 0 0 0 0 0 0 0
64.7852 0 1 0 0 0 0 0 0 0
64.8871 1 0 1 0 0 0 0 0 0
65.052 0 1 0 0 0 0 0 0 0
65.496 1 0 0 0 0 0 0 0 0
65.9288 0 1 0 0 0 0 0 0 0
66.1657 1 0 0 0 0 0 0 0 0
66.9484 0 1 0 0 0 0 0 0 0
67.1864 1 0 0 0 0 0 0 0 0
67.6703 0 1 0 0 0 0 0 0 0
68.9688 0 0 0 0 0 1 0 0 0
69.1448 0 0 0 0 0 0 1 0 0
71.4941 0 0 0 0 0 1 0 0 0
71.9379 0 0 0 0 0 0 1 0 0
85.4819 0 0 0 0 0 1 0 0 0
86.1836 0 0 0 0 0 0 1 0 0
92.9036 0 0 0 0 0 1 0 0 0
93.8733 0 0 0 0 0 0 1 0 0
96.9644 0 0 0 0 0 1 0 0 0
97.8921 0 0 0 0 0 0 1 0 0
117.796 0 0 0 1 0 0 0 0 0
120.012 0 0 0 0 1 0 0 0 0
120.777 1 0 0 0 0 0 0 0 0
121.682 0 1 0 0 0 0 0 0 0
122.6 1 0 0 0 0 0 0 0 0
123.919 0 1 0 0 0 0 0 0 0
124.145 0 0 0 1 0 0 0 0 0
125.414 0 0 0 0 1 0 0 0 0
125.754 0 0 0 1 0 0 0 0 0
128.145 0 0 0 0 1 0 0 0 0
143.471 1 0 0 0 0 0 0 0 0
143.574 0 1 0 0 0 0 0 0 0
143.698 1 0 1 0 0 0 0 0 0
143.822 0 1 0 0 0 0 0 0 0
145.935 1 0 0 0 0 0 0 0 0
146.584 0 1 0 0 0 0 0 0 0
147.048 1 0 0 0 0 0 0 0 0
147.811 0 1 0 0 0 0 0 0 0
148.739 1 0 0 0 0 0 0 0 0
149.79 0 1 0 0 0 0 0 0 0
150.934 1 0 0 0 0 0 0 0 0
151.089 0 1 0 0 0 0 0 0 0
151.171 1 0 1 0 0 0 0 0 0
151.315 0 1 0 0 0 0 0 0 0
153.315 1 0 0 0 0 0 0 0 0
154.16 0 1 0 0 0 0 0 0 0
154.624 1 0 0 0 0 0 0 0 0
155.047 0 1 0 0 0 0 0 0 0
155.511 1 0 0 0 0 0 0 0 0
156.427 0 1 0 0 0 0 0 0 0
156.85 1 0 0 0 0 0 0 0 0
157.098 0 1 0 0 0 0 0 0 0
157.427 0 0 0 1 0 0 0 0 0
161.251 0 0 0 0 1 0 0 0 0
162.54 1 0 0 0 0 0 0 0 0
163.458 0 1 0 0 0 0 0 0 0
165.117 1 0 0 0 0 0 0 0 0
166.354 0 1 0 0 0 0 0 0 0
166.952 0 0 0 1 0 0 0 0 0
168.528 0 0 0 0 1 0 0 0 0
168.807 1 0 0 0 0 0 0 0 0
169.044 0 1 0 0 0 0 0 0 0
169.321 1 0 0 0 0 0 0 0 0
170.548 0 1 0 0 0 0 0 0 0
171.249 1 0 0 0 0 0 0 0 0
171.394 0 1 0 0 0 0 0 0 0
171.517 1 0 1 0 0 0 0 0 0
171.651 0 1 0 0 0 0 0 0 0
173.764 1 0 0 0 0 0 0 0 0
174.486 0 1 0 0 0 0 0 0 0
175.692 0 0 0 1 0 0 0 0 0
178.042 0 0 0 0 1 0 0 0 0
178.414 0 0 0 1 0 0 0 0 0
179.536 0 0 0 0 1 0 0 0 0
180.216 1 0 0 0 0 0 0 0 0
181.907 0 1 0 0 0 0 0 0 0
182.473 1 0 0 0 0 0 0 0 0
183.277 0 1 0 0 0 0 0 0 0
183.793 1 0 0 0 0 0 0 0 0
184.411 0 1 0 0 0 0 0 0 0
186.813 0 0 0 0 0 1 0 0 0
186.988 0 0 0 0 0 0 1 0 0
206.005 0 0 0 0 0 1 0 0 0
206.15 0 0 0 0 0 0 1 0 0
207.974 0 0 0 0 0 1 0 0 0
208.181 0 0 0 0 0 0 1 0 0
230.95 1 0 0 0 0 0 0 0 0
231.825 0 1 0 0 0 0 0 0 0
233.238 1 0 0 0 0 0 0 0 0
234.3 0 1 0 0 0 0 0 0 0
234.785 1 0 0 0 0 0 0 0 0
235.66 0 1 0 0 0 0 0 0 0
236.846 1 0 0 0 0 0 0 0 0
237.537 0 1 0 0 0 0 0 0 0
240.165 0 0 0 1 0 0 0 0 0
242.999 0 0 0 0 1 0 0 0 0
244.195 1 0 0 0 0 0 0 0 0
245.668 0 1 0 0 0 0 0 0 0
246.988 1 0 0 0 0 0 0 0 0
248.328 0 1 0 0 0 0 0 0 0
250.101 1 0 0 0 0 0 0 0 0
250.606 0 1 0 0 0 0 0 0 0
251.338 0 0 0 1 0 0 0 0 0
255.924 0 0 0 0 1 0 0 0 0
256.831 1 0 0 0 0 0 0 0 0
258.213 0 1 0 0 0 0 0 0 0
259.397 1 0 0 0 0 0 0 0 0
260.088 0 1 0 0 0 0 0 0 0
260.83 0 0 0 1 0 0 0 0 0
261.521 0 0 0 0 1 0 0 0 0
262.913 0 0 0 1 0 0 0 0 0
263.561 0 0 0 0 1 0 0 0 0
264.324 1 0 0 0 0 0 0 0 0
264.469 0 1 0 0 0 0 0 0 0
264.552 1 0 1 0 0 0 0 0 0
264.685 0 1 0 0 0 0 0 0 0
274.178 1 0 0 0 0 0 0 0 0
275.167 0 1 0 0 0 0 0 0 0
277.177 1 0 0 0 0 0 0 0 0
277.662 0 1 0 0 0 0 0 0 0
277.909 0 0 0 1 0 0 0 0 0
279.774 0 0 0 0 1 0 0 0 0
280.527 1 0 0 0 0 0 0 0 0
281.393 0 1 0 0 0 0 0 0 0
282.206 1 0 0 0 0 0 0 0 0
283.176 0 1 0 0 0 0 0 0 0
285.866 0 0 0 0 0 1 0 0 0
286.063 0 0 0 0 0 0 1 0 0
304.429 0 0 0 1 0 0 0 0 0
305.346 0 0 0 0 1 0 0 0 0
306.13 1 0 0 0 0 0 0 0 0
306.604 0 1 0 0 0 0 0 0 0
307.263 1 0 0 0 0 0 0 0 0
307.841 0 1 0 0 0 0 0 0 0
310.17 1 0 0 0 0 0 0 0 0
310.49 0 1 0 0 0 0 0 0 0
323.766 0 0 0 1 0 0 0 0 0
327.404 0 0 0 0 1 0 0 0 0
328.764 1 0 0 0 0 0 0 0 0
330.094 0 1 0 0 0 0 0 0 0
330.702 1 0 0 0 0 0 0 0 0
331.577 0 1 0 0 0 0 0 0 0
332.124 1 0 0 0 0 0 0 0 0
332.681 0 1 0 0 0 0 0 0 0
333.196 1 0 0 0 0 0 0 0 0
333.609 0 1 0 0 0 0 0 0 0
334.083 1 0 0 0 0 0 0 0 0
334.639 0 1 0 0 0 0 0 0 0
335.278 1 0 0 0 0 0 0 0 0
335.721 0 1 0 0 0 0 0 0 0
336.134 1 0 0 0 0 0 0 0 0
336.578 0 1 0 0 0 0 0 0 0
338.72 1 0 0 0 0 0 0 0 0
339.392 0 1 0 0 0 0 0 0 0
340.371 1 0 0 0 0 0 0 0 0
341.565 0 1 0 0 0 0 0 0 0
342.607 1 0 0 0 0 0 0 0 0
342.73 0 1 0 0 0 0 0 0 0
342.833 1 0 1 0 0 0 0 0 0
342.895 0 1 0 0 0 0 0 0 0
345.193 1 0 0 0 0 0 0 0 0
346.358 0 1 0 0 0 0 0 0 0
347.143 0 0 0 1 0 0 0 0 0
349.502 0 0 0 0 1 0 0 0 0
350.533 1 0 0 0 0 0 0 0 0
351.635 0 1 0 0 0 0 0 0 0
352.223 1 0 0 0 0 0 0 0 0
354.583 0 1 0 0 0 0 0 0 0
355.088 1 0 0 0 0 0 0 0 0
357.047 0 1 0 0 0 0 0 0 0
357.356 1 0 0 0 0 0 0 0 0
358.386 0 1 0 0 0 0 0 0 0
358.85 1 0 0 0 0 0 0 0 0
360.149 0 1 0 0 0 0 0 0 0
