17.1264 0 0 0 0 0 1 0 0 0
18.291 0 0 0 0 0 0 1 0 0
21.0221 0 0 0 0 0 1 0 0 0
22.0638 0 0 0 0 0 0 1 0 0
24.0002 0 0 0 0 0 1 0 0 0
24.722 0 0 0 0 0 0 1 0 0
28.4109 0 0 0 0 0 1 0 0 0
29.3696 0 0 0 0 0 0 1 0 0
46.1165 1 0 0 0 0 0 0 0 0
48.3528 0 1 0 0 0 0 0 0 0
49.0446 1 0 0 0 0 0 0 0 0
49.8376 0 1 0 0 0 0 0 0 0
51.3629 1 0 0 0 0 0 0 0 0
51.4449 0 1 0 0 0 0 0 0 0
51.5379 1 0 1 0 0 0 0 0 0
51.6408 0 1 0 0 0 0 0 0 0
53.5162 1 0 0 0 0 0 0 0 0
54.3411 0 1 0 0 0 0 0 0 0
54.7529 1 0 0 0 0 0 0 0 0
55.1348 0 1 0 0 0 0 0 0 0
55.6396 1 0 0 0 0 0 0 0 0
56.1854 0 1 0 0 0 0 0 0 0
56.6083 1 0 0 0 0 0 0 0 0
57.1542 0 1 0 0 0 0 0 0 0
57.8239 1 0 0 0 0 0 0 0 0
58.3708 0 1 0 0 0 0 0 0 0
58.8647 1 0 0 0 0 0 0 0 0
59.2875 0 1 0 0 0 0 0 0 0
60.3392 1 0 0 0 0 0 0 0 0
60.875 0 1 0 0 0 0 0 0 0
63.6892 1 0 0 0 0 0 0 0 0
64.4 0 1 0 0 0 0 0 0 0
65.6676 1 0 0 0 0 0 0 0 0
65.7606 0 1 0 0 0 0 0 0 0
65.8736 1 0 1 0 0 0 0 0 0
65.9667 0 1 0 0 0 0 0 0 0
68.5737 1 0 0 0 0 0 0 0 0
69.7893 0 1 0 0 0 0 0 0 0
70.3152 1 0 0 0 0 0 0 0 0
70.831 0 1 0 0 0 0 0 0 0
71.387 1 0 0 0 0 0 0 0 0
71.8607 0 1 0 0 0 0 0 0 0
72.8406 0 0 0 1 0 0 0 0 0
74.129 0 0 0 0 1 0 0 0 0
75.5096 1 0 0 0 0 0 0 0 0
76.3044 0 1 0 0 0 0 0 0 0
77.1792 1 0 0 0 0 0 0 0 0
78.4987 0 1 0 0 0 0 0 0 0
79.0956 1 0 0 0 0 0 0 0 0
79.6834 0 1 0 0 0 0 0 0 0
80.2502 1 0 0 0 0 0 0 0 0
81.281 0 1 0 0 0 0 0 0 0
82.6315 1 0 0 0 0 0 0 0 0
83.2284 0 1 0 0 0 0 0 0 0
84.569 1 0 0 0 0 0 0 0 0
85.1968 0 1 0 0 0 0 0 0 0
85.2808 1 0 0 0 0 0 0 0 0
85.3517 0 1 0 0 0 0 0 0 0
87.3091 1 0 0 0 0 0 0 0 0
87.794 0 1 0 0 0 0 0 0 0
90.8441 1 0 0 0 0 0 0 0 0
91.3489 0 1 0 0 0 0 0 0 0
93.7612 1 0 0 0 0 0 0 0 0
93.8541 0 1 0 0 0 0 0 0 0
93.9661 1 0 1 0 0 0 0 0 0
94.0701 0 1 0 0 0 0 0 0 0
96.3374 1 0 0 0 0 0 0 0 0
97.563 0 1 0 0 0 0 0 0 0
98.1299 1 0 0 0 0 0 0 0 0
98.8306 0 1 0 0 0 0 0 0 0
100.067 1 0 0 0 0 0 0 0 0
100.841 0 1 0 0 0 0 0 0 0
101.768 1 0 0 0 0 0 0 0 0
102.346 0 1 0 0 0 0 0 0 0
102.664 1 0 0 0 0 0 0 0 0
103.025 0 1 0 0 0 0 0 0 0
103.396 1 0 0 0 0 0 0 0 0
103.86 0 1 0 0 0 0 0 0 0
104.365 1 0 0 0 0 0 0 0 0
104.499 0 1 0 0 0 0 0 0 0
104.819 1 0 1 0 0 0 0 0 0
105.304 0 1 0 0 0 0 0 0 0
105.757 1 0 0 0 0 0 0 0 0
106.788 0 1 0 0 0 0 0 0 0
107.324 1 0 0 0 0 0 0 0 0
107.818 0 1 0 0 0 0 0 0 0
108.189 1 0 0 0 0 0 0 0 0
108.58 0 1 0 0 0 0 0 0 0
109.292 1 0 0 0 0 0 0 0 0
109.755 0 1 0 0 0 0 0 0 0
110.219 1 0 0 0 0 0 0 0 0
110.342 0 1 0 0 0 0 0 0 0
110.425 1 0 1 0 0 0 0 0 0
110.518 0 1 0 0 0 0 0 0 0
112.115 1 0 0 0 0 0 0 0 0
112.157 0 1 0 0 0 0 0 0 0
112.27 1 0 1 0 0 0 0 0 0
112.363 0 1 0 0 0 0 0 0 0
114.454 1 0 0 0 0 0 0 0 0
115.186 0 1 0 0 0 0 0 0 0
115.609 1 0 0 0 0 0 0 0 0
116.103 0 1 0 0 0 0 0 0 0
117.35 1 0 0 0 0 0 0 0 0
118.072 0 1 0 0 0 0 0 0 0
120.473 1 0 0 0 0 0 0 0 0
120.823 0 1 0 0 0 0 0 0 0
127.78 1 0 0 0 0 0 0 0 0
128.739 0 1 0 0 0 0 0 0 0
129.284 1 0 0 0 0 0 0 0 0
131.583 0 1 0 0 0 0 0 0 0
132.294 0 0 0 1 0 0 0 0 0
134.736 0 0 0 0 1 0 0 0 0
140.56 1 0 0 0 0 0 0 0 0
140.652 0 1 0 0 0 0 0 0 0
140.744 1 0 1 0 0 0 0 0 0
140.817 0 1 0 0 0 0 0 0 0
156.121 1 0 0 0 0 0 0 0 0
157.069 0 1 0 0 0 0 0 0 0
158.141 1 0 0 0 0 0 0 0 0
159.048 0 1 0 0 0 0 0 0 0
160.15 1 0 0 0 0 0 0 0 0
161.161 0 1 0 0 0 0 0 0 0
162.161 1 0 0 0 0 0 0 0 0
162.84 0 1 0 0 0 0 0 0 0
163.613 1 0 0 0 0 0 0 0 0
163.716 0 1 0 0 0 0 0 0 0
163.84 1 0 1 0 0 0 0 0 0
163.953 0 1 0 0 0 0 0 0 0
166.231 1 0 0 0 0 0 0 0 0
167.19 0 1 0 0 0 0 0 0 0
167.736 1 0 0 0 0 0 0 0 0
168.406 0 1 0 0 0 0 0 0 0
168.633 0 0 0 1 0 0 0 0 0
169.477 0 0 0 0 1 0 0 0 0
172.034 0 0 0 1 0 0 0 0 0
173.115 0 0 0 0 1 0 0 0 0
175.321 1 0 0 0 0 0 0 0 0
175.959 0 1 0 0 0 0 0 0 0
176.568 1 0 0 0 0 0 0 0 0
177.134 0 1 0 0 0 0 0 0 0
177.877 1 0 0 0 0 0 0 0 0
178.495 0 1 0 0 0 0 0 0 0
181.267 1 0 0 0 0 0 0 0 0
181.762 0 1 0 0 0 0 0 0 0
184.771 0 0 0 0 0 1 0 0 0
185.729 0 0 0 0 0 0 1 0 0
224.345 1 0 0 0 0 0 0 0 0
225.488 0 1 0 0 0 0 0 0 0
226.283 1 0 0 0 0 0 0 0 0
227.189 0 1 0 0 0 0 0 0 0
227.901 1 0 0 0 0 0 0 0 0
228.363 0 1 0 0 0 0 0 0 0
