20.5263 1 0 0 0 0 0 0 0 0
22.8457 0 1 0 0 0 0 0 0 0
24.4841 1 0 0 0 0 0 0 0 0
25.8547 0 1 0 0 0 0 0 0 0
26.5655 1 0 0 0 0 0 0 0 0
27.7012 0 1 0 0 0 0 0 0 0
29.2657 1 0 0 0 0 0 0 0 0
29.4307 0 1 0 0 0 0 0 0 0
29.5446 1 0 1 0 0 0 0 0 0
29.6886 0 1 0 0 0 0 0 0 0
31.8529 1 0 0 0 0 0 0 0 0
32.9456 0 1 0 0 0 0 0 0 0
34.5531 1 0 0 0 0 0 0 0 0
36.7386 0 1 0 0 0 0 0 0 0
37.5012 1 0 0 0 0 0 0 0 0
38.5629 0 1 0 0 0 0 0 0 0
39.7276 1 0 0 0 0 0 0 0 0
40.5623 0 1 0 0 0 0 0 0 0
41.0672 1 0 0 0 0 0 0 0 0
41.8609 0 1 0 0 0 0 0 0 0
42.5827 1 0 0 0 0 0 0 0 0
43.1176 0 1 0 0 0 0 0 0 0
43.5305 1 0 0 0 0 0 0 0 0
44.1282 0 1 0 0 0 0 0 0 0
46.9323 1 0 0 0 0 0 0 0 0
47.1273 0 1 0 0 0 0 0 0 0
47.2303 1 0 1 0 0 0 0 0 0
47.3642 0 1 0 0 0 0 0 0 0
57.6711 0 0 0 1 0 0 0 0 0
60.1135 0 0 0 0 1 0 0 0 0
64.1431 1 0 0 0 0 0 0 0 0
64.9159 0 1 0 0 0 0 0 0 0
64.9879 1 0 0 0 0 0 0 0 0
65.0499 0 1 0 0 0 0 0 0 0
66.6884 1 0 0 0 0 0 0 0 0
67.7091 0 1 0 0 0 0 0 0 0
68.132 1 0 0 0 0 0 0 0 0
71.45 0 1 0 0 0 0 0 0 0
71.8938 1 0 0 0 0 0 0 0 0
72.5226 0 1 0 0 0 0 0 0 0
73.8213 0 0 0 1 0 0 0 0 0
75.1301 0 0 0 0 1 0 0 0 0
76.2435 1 0 0 0 0 0 0 0 0
77.5411 0 1 0 0 0 0 0 0 0
78.3559 0 0 0 1 0 0 0 0 0
80.0254 0 0 0 0 1 0 0 0 0
80.7881 1 0 0 0 0 0 0 0 0
84.756 0 1 0 0 0 0 0 0 0
85.8486 1 0 0 0 0 0 0 0 0
89.2386 0 1 0 0 0 0 0 0 0
89.9604 1 0 0 0 0 0 0 0 0
92.7425 0 1 0 0 0 0 0 0 0
99.8234 1 0 0 0 0 0 0 0 0
99.9883 0 1 0 0 0 0 0 0 0
100.092 1 0 1 0 0 0 0 0 0
100.246 0 1 0 0 0 0 0 0 0
106.11 1 0 0 0 0 0 0 0 0
107.677 0 1 0 0 0 0 0 0 0
108.254 1 0 0 0 0 0 0 0 0
109.5 0 1 0 0 0 0 0 0 0
110.634 0 0 0 1 0 0 0 0 0
112.624 0 0 0 0 1 0 0 0 0
115.015 1 0 0 0 0 0 0 0 0
116.097 0 1 0 0 0 0 0 0 0
116.736 1 0 0 0 0 0 0 0 0
117.912 0 1 0 0 0 0 0 0 0
119.128 1 0 0 0 0 0 0 0 0
119.272 0 1 0 0 0 0 0 0 0
119.395 1 0 1 0 0 0 0 0 0
119.518 0 1 0 0 0 0 0 0 0
129.618 1 0 0 0 0 0 0 0 0
130.681 0 1 0 0 0 0 0 0 0
131.886 1 0 0 0 0 0 0 0 0
132.844 0 1 0 0 0 0 0 0 0
134.472 1 0 0 0 0 0 0 0 0
134.627 0 1 0 0 0 0 0 0 0
134.74 1 0 1 0 0 0 0 0 0
134.874 0 1 0 0 0 0 0 0 0
138.687 1 0 0 0 0 0 0 0 0
139.985 0 1 0 0 0 0 0 0 0
141.047 1 0 0 0 0 0 0 0 0
141.872 0 1 0 0 0 0 0 0 0
142.602 1 0 0 0 0 0 0 0 0
144.87 0 1 0 0 0 0 0 0 0
146.261 1 0 0 0 0 0 0 0 0
146.838 0 1 0 0 0 0 0 0 0
147.436 0 0 0 1 0 0 0 0 0
148.281 0 0 0 0 1 0 0 0 0
154.093 1 0 0 0 0 0 0 0 0
154.516 0 1 0 0 0 0 0 0 0
163.822 1 0 0 0 0 0 0 0 0
164.533 0 1 0 0 0 0 0 0 0
165.523 1 0 0 0 0 0 0 0 0
166.233 0 1 0 0 0 0 0 0 0
169.479 1 0 0 0 0 0 0 0 0
170.325 0 1 0 0 0 0 0 0 0
170.582 1 0 0 0 0 0 0 0 0
171.149 0 1 0 0 0 0 0 0 0
171.943 1 0 0 0 0 0 0 0 0
172.457 0 1 0 0 0 0 0 0 0
173.375 1 0 0 0 0 0 0 0 0
174.024 0 1 0 0 0 0 0 0 0
175.127 1 0 0 0 0 0 0 0 0
176.24 0 1 0 0 0 0 0 0 0
177.27 1 0 0 0 0 0 0 0 0
177.992 0 1 0 0 0 0 0 0 0
178.929 1 0 0 0 0 0 0 0 0
179.444 0 1 0 0 0 0 0 0 0
179.97 1 0 0 0 0 0 0 0 0
180.383 0 1 0 0 0 0 0 0 0
186.762 0 0 0 0 0 1 0 0 0
187.751 0 0 0 0 0 0 1 0 0
200.427 0 0 0 0 0 1 0 0 0
201.231 0 0 0 0 0 0 1 0 0
209.165 0 0 0 0 0 1 0 0 0
209.712 0 0 0 0 0 0 1 0 0
227.88 1 0 0 0 0 0 0 0 0
228.755 0 1 0 0 0 0 0 0 0
230.137 1 0 0 0 0 0 0 0 0
231.033 0 1 0 0 0 0 0 0 0
231.682 1 0 0 0 0 0 0 0 0
232.558 0 1 0 0 0 0 0 0 0
235.031 1 0 0 0 0 0 0 0 0
235.742 0 1 0 0 0 0 0 0 0
236.36 1 0 0 0 0 0 0 0 0
236.908 0 1 0 0 0 0 0 0 0
238.896 1 0 0 0 0 0 0 0 0
240.297 0 1 0 0 0 0 0 0 0
244.11 1 0 0 0 0 0 0 0 0
244.276 0 1 0 0 0 0 0 0 0
244.43 1 0 1 0 0 0 0 0 0
244.533 0 1 0 0 0 0 0 0 0
248.397 1 0 0 0 0 0 0 0 0
249.355 0 1 0 0 0 0 0 0 0
249.861 1 0 0 0 0 0 0 0 0
250.655 0 1 0 0 0 0 0 0 0
251.643 1 0 0 0 0 0 0 0 0
252.736 0 1 0 0 0 0 0 0 0
254.621 1 0 0 0 0 0 0 0 0
255.528 0 1 0 0 0 0 0 0 0
