4.23849 0 0 0 0 0 1 0 0 0
4.43439 0 0 0 0 0 0 1 0 0
38.8769 0 0 0 1 0 0 0 0 0
41.3811 0 0 0 0 1 0 0 0 0
42.0309 1 0 0 0 0 0 0 0 0
45.091 0 1 0 0 0 0 0 0 0
45.7828 1 0 0 0 0 0 0 0 0
47.4213 0 1 0 0 0 0 0 0 0
50.3374 1 0 0 0 0 0 0 0 0
50.4514 0 1 0 0 0 0 0 0 0
50.5544 1 0 1 0 0 0 0 0 0
50.6464 0 1 0 0 0 0 0 0 0
55.0062 1 0 0 0 0 0 0 0 0
55.9957 0 1 0 0 0 0 0 0 0
56.5936 1 0 0 0 0 0 0 0 0
57.3453 0 1 0 0 0 0 0 0 0
57.8092 1 0 0 0 0 0 0 0 0
60.4684 0 1 0 0 0 0 0 0 0
61.3862 1 0 0 0 0 0 0 0 0
62.1179 0 1 0 0 0 0 0 0 0
63.7664 1 0 0 0 0 0 0 0 0
64.4362 0 1 0 0 0 0 0 0 0
65.4259 1 0 0 0 0 0 0 0 0
66.0028 0 1 0 0 0 0 0 0 0
66.9924 1 0 0 0 0 0 0 0 0
67.9711 0 1 0 0 0 0 0 0 0
69.0018 1 0 0 0 0 0 0 0 0
69.1058 0 1 0 0 0 0 0 0 0
69.2388 1 0 1 0 0 0 0 0 0
69.3627 0 1 0 0 0 0 0 0 0
72.9286 1 0 0 0 0 0 0 0 0
73.8354 0 1 0 0 0 0 0 0 0
74.7111 1 0 0 0 0 0 0 0 0
75.6699 0 1 0 0 0 0 0 0 0
76.7825 1 0 0 0 0 0 0 0 0
77.9162 0 1 0 0 0 0 0 0 0
79.0398 1 0 0 0 0 0 0 0 0
80.6783 0 1 0 0 0 0 0 0 0
81.729 1 0 0 0 0 0 0 0 0
83.2855 0 1 0 0 0 0 0 0 0
83.9045 0 0 0 1 0 0 0 0 0
85.3159 0 0 0 0 1 0 0 0 0
86.5935 1 0 0 0 0 0 0 0 0
87.2123 0 1 0 0 0 0 0 0 0
96.1167 1 0 0 0 0 0 0 0 0
96.2406 0 1 0 0 0 0 0 0 0
96.3435 1 0 1 0 0 0 0 0 0
96.4366 0 1 0 0 0 0 0 0 0
101.063 1 0 0 0 0 0 0 0 0
102.176 0 1 0 0 0 0 0 0 0
103.938 1 0 0 0 0 0 0 0 0
104.969 0 1 0 0 0 0 0 0 0
105.66 1 0 0 0 0 0 0 0 0
106.442 0 1 0 0 0 0 0 0 0
106.669 0 0 0 1 0 0 0 0 0
108.339 0 0 0 0 1 0 0 0 0
110.111 1 0 0 0 0 0 0 0 0
111.132 0 1 0 0 0 0 0 0 0
112.276 1 0 0 0 0 0 0 0 0
112.483 0 1 0 0 0 0 0 0 0
112.586 1 0 1 0 0 0 0 0 0
112.719 0 1 0 0 0 0 0 0 0
118.315 1 0 0 0 0 0 0 0 0
118.862 0 1 0 0 0 0 0 0 0
124.2 0 0 0 0 0 1 0 0 0
124.375 0 0 0 0 0 0 1 0 0
149.655 0 0 0 1 0 0 0 0 0
150.562 0 0 0 0 1 0 0 0 0
151.119 0 0 0 1 0 0 0 0 0
151.532 0 0 0 0 1 0 0 0 0
152.13 1 0 0 0 0 0 0 0 0
154.758 0 1 0 0 0 0 0 0 0
157.54 1 0 0 0 0 0 0 0 0
157.654 0 1 0 0 0 0 0 0 0
157.736 1 0 1 0 0 0 0 0 0
157.839 0 1 0 0 0 0 0 0 0
162.044 1 0 0 0 0 0 0 0 0
162.806 0 1 0 0 0 0 0 0 0
163.198 1 0 0 0 0 0 0 0 0
164.136 0 1 0 0 0 0 0 0 0
164.744 1 0 0 0 0 0 0 0 0
165.517 0 1 0 0 0 0 0 0 0
166.011 1 0 0 0 0 0 0 0 0
166.568 0 1 0 0 0 0 0 0 0
167.568 1 0 0 0 0 0 0 0 0
168.165 0 1 0 0 0 0 0 0 0
168.464 1 0 0 0 0 0 0 0 0
168.99 0 1 0 0 0 0 0 0 0
170.649 1 0 0 0 0 0 0 0 0
171.236 0 1 0 0 0 0 0 0 0
171.298 1 0 0 0 0 0 0 0 0
171.412 0 1 0 0 0 0 0 0 0
172.668 1 0 0 0 0 0 0 0 0
173.225 0 1 0 0 0 0 0 0 0
173.874 1 0 0 0 0 0 0 0 0
174.38 0 1 0 0 0 0 0 0 0
174.812 1 0 0 0 0 0 0 0 0
175.916 0 1 0 0 0 0 0 0 0
176.481 1 0 0 0 0 0 0 0 0
177.389 0 1 0 0 0 0 0 0 0
177.739 1 0 0 0 0 0 0 0 0
178.038 0 1 0 0 0 0 0 0 0
178.78 0 0 0 1 0 0 0 0 0
179.893 0 0 0 0 1 0 0 0 0
184.005 0 0 0 1 0 0 0 0 0
187.664 0 0 0 0 1 0 0 0 0
189.302 1 0 0 0 0 0 0 0 0
190.58 0 1 0 0 0 0 0 0 0
191.601 1 0 0 0 0 0 0 0 0
192.343 0 1 0 0 0 0 0 0 0
192.754 1 0 0 0 0 0 0 0 0
193.796 0 1 0 0 0 0 0 0 0
194.527 0 0 0 1 0 0 0 0 0
195.919 0 0 0 0 1 0 0 0 0
207.451 1 0 0 0 0 0 0 0 0
208.182 0 1 0 0 0 0 0 0 0
208.997 1 0 0 0 0 0 0 0 0
209.79 0 1 0 0 0 0 0 0 0
210.347 1 0 0 0 0 0 0 0 0
211.037 0 1 0 0 0 0 0 0 0
211.975 1 0 0 0 0 0 0 0 0
212.82 0 1 0 0 0 0 0 0 0
213.201 1 0 0 0 0 0 0 0 0
213.964 0 1 0 0 0 0 0 0 0
215.006 1 0 0 0 0 0 0 0 0
215.129 0 1 0 0 0 0 0 0 0
215.201 1 0 1 0 0 0 0 0 0
215.294 0 1 0 0 0 0 0 0 0
218.571 1 0 0 0 0 0 0 0 0
219.539 0 1 0 0 0 0 0 0 0
220.24 1 0 0 0 0 0 0 0 0
220.961 0 1 0 0 0 0 0 0 0
221.167 0 0 0 1 0 0 0 0 0
222.362 0 0 0 0 1 0 0 0 0
224.084 1 0 0 0 0 0 0 0 0
225.022 0 1 0 0 0 0 0 0 0
234.225 1 0 0 0 0 0 0 0 0
234.894 0 1 0 0 0 0 0 0 0
235.389 1 0 0 0 0 0 0 0 0
235.955 0 1 0 0 0 0 0 0 0
236.666 1 0 0 0 0 0 0 0 0
237.45 0 1 0 0 0 0 0 0 0
237.759 1 0 0 0 0 0 0 0 0
238.728 0 1 0 0 0 0 0 0 0
239.139 1 0 0 0 0 0 0 0 0
239.676 0 1 0 0 0 0 0 0 0
239.933 1 0 0 0 0 0 0 0 0
240.294 0 1 0 0 0 0 0 0 0
242.088 1 0 0 0 0 0 0 0 0
242.643 0 1 0 0 0 0 0 0 0
243.076 1 0 0 0 0 0 0 0 0
243.561 0 1 0 0 0 0 0 0 0
244.19 1 0 0 0 0 0 0 0 0
244.334 0 1 0 0 0 0 0 0 0
244.417 1 0 1 0 0 0 0 0 0
244.52 0 1 0 0 0 0 0 0 0
248.095 1 0 0 0 0 0 0 0 0
248.693 0 1 0 0 0 0 0 0 0
249.734 1 0 0 0 0 0 0 0 0
250.218 0 1 0 0 0 0 0 0 0
251.27 1 0 0 0 0 0 0 0 0
251.785 0 1 0 0 0 0 0 0 0
252.722 1 0 0 0 0 0 0 0 0
253.351 0 1 0 0 0 0 0 0 0
265.398 0 0 0 0 0 1 0 0 0
265.553 0 0 0 0 0 0 1 0 0
268.851 0 0 0 0 0 1 0 0 0
269.892 0 0 0 0 0 0 1 0 0
302.335 1 0 0 0 0 0 0 0 0
303.355 0 1 0 0 0 0 0 0 0
303.882 1 0 0 0 0 0 0 0 0
304.634 0 1 0 0 0 0 0 0 0
305.056 1 0 0 0 0 0 0 0 0
305.582 0 1 0 0 0 0 0 0 0
305.984 1 0 0 0 0 0 0 0 0
306.665 0 1 0 0 0 0 0 0 0
307.056 1 0 0 0 0 0 0 0 0
307.808 0 1 0 0 0 0 0 0 0
308.313 1 0 0 0 0 0 0 0 0
308.797 0 1 0 0 0 0 0 0 0
309.849 1 0 0 0 0 0 0 0 0
310.747 0 1 0 0 0 0 0 0 0
311.189 1 0 0 0 0 0 0 0 0
311.591 0 1 0 0 0 0 0 0 0
313.488 1 0 0 0 0 0 0 0 0
314.333 0 1 0 0 0 0 0 0 0
315.281 1 0 0 0 0 0 0 0 0
315.425 0 1 0 0 0 0 0 0 0
315.518 1 0 1 0 0 0 0 0 0
315.6 0 1 0 0 0 0 0 0 0
317.591 1 0 0 0 0 0 0 0 0
318.558 0 1 0 0 0 0 0 0 0
318.961 1 0 0 0 0 0 0 0 0
319.559 0 1 0 0 0 0 0 0 0
320.105 1 0 0 0 0 0 0 0 0
320.373 0 1 0 0 0 0 0 0 0
320.909 1 0 0 0 0 0 0 0 0
321.517 0 1 0 0 0 0 0 0 0
322.063 1 0 0 0 0 0 0 0 0
322.95 0 1 0 0 0 0 0 0 0
323.352 1 0 0 0 0 0 0 0 0
323.702 0 1 0 0 0 0 0 0 0
325 0 0 0 1 0 0 0 0 0
328.783 0 0 0 0 1 0 0 0 0
329.258 1 0 0 0 0 0 0 0 0
330.279 0 1 0 0 0 0 0 0 0
331 1 0 0 0 0 0 0 0 0
332.143 0 1 0 0 0 0 0 0 0
332.865 1 0 0 0 0 0 0 0 0
335.061 0 1 0 0 0 0 0 0 0
336.184 1 0 0 0 0 0 0 0 0
336.906 0 1 0 0 0 0 0 0 0
343.069 0 0 0 1 0 0 0 0 0
345.027 0 0 0 0 1 0 0 0 0
345.315 1 0 0 0 0 0 0 0 0
346.934 0 1 0 0 0 0 0 0 0
347.336 1 0 0 0 0 0 0 0 0
348.09 0 1 0 0 0 0 0 0 0
348.83 1 0 0 0 0 0 0 0 0
350.016 0 1 0 0 0 0 0 0 0
350.49 1 0 0 0 0 0 0 0 0
351.078 0 1 0 0 0 0 0 0 0
353.005 1 0 0 0 0 0 0 0 0
354.51 0 1 0 0 0 0 0 0 0
355.18 1 0 0 0 0 0 0 0 0
355.974 0 1 0 0 0 0 0 0 0
356.509 1 0 0 0 0 0 0 0 0
357.757 0 1 0 0 0 0 0 0 0
358.56 1 0 0 0 0 0 0 0 0
359.22 0 1 0 0 0 0 0 0 0
359.437 0 0 0 1 0 0 0 0 0
361.436 0 0 0 0 1 0 0 0 0
