203.002 0 0 0 0 0 1 0 0 0
207.94 0 0 0 0 0 0 1 0 0
214.586 0 0 0 0 0 1 0 0 0
216.41 0 0 0 0 0 0 1 0 0
396.576 1 0 0 0 0 0 0 0 0
413.88 0 1 0 0 0 0 0 0 0
420.281 1 0 0 0 0 0 0 0 0
422.197 0 1 0 0 0 0 0 0 0
424.618 1 0 0 0 0 0 0 0 0
427.185 0 1 0 0 0 0 0 0 0
433.688 1 0 0 0 0 0 0 0 0
436.965 0 1 0 0 0 0 0 0 0
438.222 1 0 0 0 0 0 0 0 0
439.953 0 1 0 0 0 0 0 0 0
440.479 1 0 0 0 0 0 0 0 0
442.993 0 1 0 0 0 0 0 0 0
445.9 1 0 0 0 0 0 0 0 0
445.972 0 1 0 0 0 0 0 0 0
446.044 1 0 1 0 0 0 0 0 0
446.096 0 1 0 0 0 0 0 0 0
462.368 1 0 0 0 0 0 0 0 0
464.059 0 1 0 0 0 0 0 0 0
465.027 1 0 0 0 0 0 0 0 0
465.089 0 1 0 0 0 0 0 0 0
465.161 1 0 1 0 0 0 0 0 0
465.233 0 1 0 0 0 0 0 0 0
487.999 0 0 0 1 0 0 0 0 0
503.756 0 0 0 0 1 0 0 0 0
504.261 1 0 0 0 0 0 0 0 0
504.333 0 1 0 0 0 0 0 0 0
504.395 1 0 1 0 0 0 0 0 0
504.498 0 1 0 0 0 0 0 0 0
508.61 0 0 0 1 0 0 0 0 0
541.905 0 0 0 0 1 0 0 0 0
543.43 1 0 0 0 0 0 0 0 0
543.533 0 1 0 0 0 0 0 0 0
543.615 1 0 1 0 0 0 0 0 0
543.739 0 1 0 0 0 0 0 0 0
547.376 0 0 0 0 0 1 0 0 0
548.923 0 0 0 0 0 0 1 0 0
561.443 0 0 0 1 0 0 0 0 0
596.833 0 0 0 0 1 0 0 0 0
597.545 1 0 0 0 0 0 0 0 0
607.448 0 1 0 0 0 0 0 0 0
609.015 1 0 0 0 0 0 0 0 0
611.035 0 1 0 0 0 0 0 0 0
611.829 1 0 0 0 0 0 0 0 0
613.169 0 1 0 0 0 0 0 0 0
635.665 0 0 0 1 0 0 0 0 0
640.323 0 0 0 0 1 0 0 0 0
651.969 0 0 0 1 0 0 0 0 0
658.853 0 0 0 0 1 0 0 0 0
658.947 0 0 0 1 0 0 0 0 0
659.399 0 0 0 0 1 0 0 0 0
659.75 0 0 0 1 0 0 0 0 0
660.09 0 0 0 0 1 0 0 0 0
660.77 0 0 0 1 0 0 0 0 0
661.491 0 0 0 0 1 0 0 0 0
661.646 0 0 0 1 0 0 0 0 0
663.316 0 0 0 0 1 0 0 0 0
698.293 1 0 0 0 0 0 0 0 0
701.148 0 1 0 0 0 0 0 0 0
703.539 1 0 0 0 0 0 0 0 0
704.323 0 1 0 0 0 0 0 0 0
705.684 1 0 0 0 0 0 0 0 0
707.868 0 1 0 0 0 0 0 0 0
709.032 1 0 0 0 0 0 0 0 0
710.31 0 1 0 0 0 0 0 0 0
728.912 1 0 0 0 0 0 0 0 0
731.2 0 1 0 0 0 0 0 0 0
732.158 1 0 0 0 0 0 0 0 0
734.178 0 1 0 0 0 0 0 0 0
735.693 1 0 0 0 0 0 0 0 0
737.537 0 1 0 0 0 0 0 0 0
738.836 0 0 0 1 0 0 0 0 0
743.328 0 0 0 0 1 0 0 0 0
743.699 0 0 0 1 0 0 0 0 0
747.349 0 0 0 0 1 0 0 0 0
748.328 0 0 0 1 0 0 0 0 0
753.119 0 0 0 0 1 0 0 0 0
760.396 0 0 0 1 0 0 0 0 0
765.423 0 0 0 0 1 0 0 0 0
767.815 1 0 0 0 0 0 0 0 0
769.123 0 1 0 0 0 0 0 0 0
805.163 1 0 0 0 0 0 0 0 0
807.718 0 1 0 0 0 0 0 0 0
808.77 1 0 0 0 0 0 0 0 0
810.109 0 1 0 0 0 0 0 0 0
811.418 0 0 0 1 0 0 0 0 0
813.006 0 0 0 0 1 0 0 0 0
823.053 0 0 0 1 0 0 0 0 0
828 0 0 0 0 1 0 0 0 0
829.824 1 0 0 0 0 0 0 0 0
830.875 0 1 0 0 0 0 0 0 0
904.561 1 0 0 0 0 0 0 0 0
906.417 0 1 0 0 0 0 0 0 0
907.199 1 0 0 0 0 0 0 0 0
907.663 0 1 0 0 0 0 0 0 0
908.065 0 0 0 1 0 0 0 0 0
909.312 0 0 0 0 1 0 0 0 0
910.579 0 0 0 1 0 0 0 0 0
911.291 0 0 0 0 1 0 0 0 0
911.765 0 0 0 1 0 0 0 0 0
914.372 0 0 0 0 1 0 0 0 0
921.379 1 0 0 0 0 0 0 0 0
922.936 0 1 0 0 0 0 0 0 0
923.452 0 0 0 1 0 0 0 0 0
926.347 0 0 0 0 1 0 0 0 0
942.672 1 0 0 0 0 0 0 0 0
943.959 0 1 0 0 0 0 0 0 0
944.609 1 0 0 0 0 0 0 0 0
945.619 0 1 0 0 0 0 0 0 0
946.021 0 0 0 1 0 0 0 0 0
949.813 0 0 0 0 1 0 0 0 0
950.514 0 0 0 1 0 0 0 0 0
954.944 0 0 0 0 1 0 0 0 0
956.037 1 0 0 0 0 0 0 0 0
957.635 0 1 0 0 0 0 0 0 0
958.171 1 0 0 0 0 0 0 0 0
959.397 0 1 0 0 0 0 0 0 0
959.767 0 0 0 1 0 0 0 0 0
960.397 0 0 0 0 1 0 0 0 0
961.19 0 0 0 1 0 0 0 0 0
963.89 0 0 0 0 1 0 0 0 0
965.467 0 0 0 1 0 0 0 0 0
968.208 0 0 0 0 1 0 0 0 0
969.352 1 0 0 0 0 0 0 0 0
970.207 0 1 0 0 0 0 0 0 0
970.661 0 0 0 1 0 0 0 0 0
972.31 0 0 0 0 1 0 0 0 0
977.679 0 0 0 1 0 0 0 0 0
980.69 0 0 0 0 1 0 0 0 0
981.976 0 0 0 1 0 0 0 0 0
983.76 0 0 0 0 1 0 0 0 0
984.789 1 0 0 0 0 0 0 0 0
986.666 0 1 0 0 0 0 0 0 0
988.108 1 0 0 0 0 0 0 0 0
990.376 0 1 0 0 0 0 0 0 0
991.128 0 0 0 1 0 0 0 0 0
995.61 0 0 0 0 1 0 0 0 0
997.827 1 0 0 0 0 0 0 0 0
999.856 0 1 0 0 0 0 0 0 0
1001.09 1 0 0 0 0 0 0 0 0
1001.15 0 1 0 0 0 0 0 0 0
1001.22 1 0 1 0 0 0 0 0 0
1001.29 0 1 0 0 0 0 0 0 0
1004.76 1 0 0 0 0 0 0 0 0
1007.45 0 1 0 0 0 0 0 0 0
1010.94 0 0 0 1 0 0 0 0 0
1014.42 0 0 0 0 1 0 0 0 0
1017.65 0 0 0 1 0 0 0 0 0
1020.06 0 0 0 0 1 0 0 0 0
1024.62 1 0 0 0 0 0 0 0 0
1025.55 0 1 0 0 0 0 0 0 0
1026.12 0 0 0 1 0 0 0 0 0
1028.43 0 0 0 0 1 0 0 0 0
1235.88 0 0 0 0 0 1 0 0 0
1237.91 0 0 0 0 0 0 1 0 0
1245.59 0 0 0 0 0 1 0 0 0
1247.79 0 0 0 0 0 0 1 0 0
1269.16 1 0 0 0 0 0 0 0 0
1270.94 0 1 0 0 0 0 0 0 0
1271.7 1 0 0 0 0 0 0 0 0
1272.77 0 1 0 0 0 0 0 0 0
1273.36 1 0 0 0 0 0 0 0 0
1274.58 0 1 0 0 0 0 0 0 0
1275.24 1 0 0 0 0 0 0 0 0
1276.15 0 1 0 0 0 0 0 0 0
1277.14 0 0 0 1 0 0 0 0 0
1278.38 0 0 0 0 1 0 0 0 0
1279.01 0 0 0 1 0 0 0 0 0
1282.19 0 0 0 0 1 0 0 0 0
1285.21 0 0 0 1 0 0 0 0 0
1290.46 0 0 0 0 1 0 0 0 0
1299.3 0 0 0 1 0 0 0 0 0
1302.23 0 0 0 0 1 0 0 0 0
1306.42 0 0 0 1 0 0 0 0 0
1307.19 0 0 0 0 1 0 0 0 0
1308.49 1 0 0 0 0 0 0 0 0
1309.76 0 1 0 0 0 0 0 0 0
1310.2 1 0 0 0 0 0 0 0 0
1310.96 0 1 0 0 0 0 0 0 0
1312.6 0 0 0 1 0 0 0 0 0
1315.94 0 0 0 0 1 0 0 0 0
1316.64 0 0 0 1 0 0 0 0 0
1317.82 0 0 0 0 1 0 0 0 0
1318.14 0 0 0 1 0 0 0 0 0
1319.62 0 0 0 0 1 0 0 0 0
1323.39 1 0 0 0 0 0 0 0 0
1324.73 0 1 0 0 0 0 0 0 0
1325.86 0 0 0 1 0 0 0 0 0
1330.38 0 0 0 0 1 0 0 0 0
1333.04 1 0 0 0 0 0 0 0 0
1334.96 0 1 0 0 0 0 0 0 0
1343.75 1 0 0 0 0 0 0 0 0
1344.75 0 1 0 0 0 0 0 0 0
1384.17 1 0 0 0 0 0 0 0 0
1385.87 0 1 0 0 0 0 0 0 0
1386.32 1 0 0 0 0 0 0 0 0
1387.47 0 1 0 0 0 0 0 0 0
1388.2 1 0 0 0 0 0 0 0 0
1389.47 0 1 0 0 0 0 0 0 0
1389.9 0 0 0 1 0 0 0 0 0
1399.47 0 0 0 0 1 0 0 0 0
1402.97 1 0 0 0 0 0 0 0 0
1403.04 0 1 0 0 0 0 0 0 0
1403.12 1 0 1 0 0 0 0 0 0
1403.18 0 1 0 0 0 0 0 0 0
1407.61 0 0 0 1 0 0 0 0 0
1408.91 0 0 0 0 1 0 0 0 0
1409.79 0 0 0 1 0 0 0 0 0
1412.29 0 0 0 0 1 0 0 0 0
1412.63 0 0 0 1 0 0 0 0 0
1413.91 0 0 0 0 1 0 0 0 0
1415.35 0 0 0 1 0 0 0 0 0
1419.11 0 0 0 0 1 0 0 0 0
1425.01 0 0 0 1 0 0 0 0 0
1425.86 0 0 0 0 1 0 0 0 0
1434.63 0 0 0 1 0 0 0 0 0
1437.31 0 0 0 0 1 0 0 0 0
1438.04 1 0 0 0 0 0 0 0 0
1439.04 0 1 0 0 0 0 0 0 0
1439.62 1 0 0 0 0 0 0 0 0
1440.43 0 1 0 0 0 0 0 0 0
1442.56 1 0 0 0 0 0 0 0 0
1443.56 0 1 0 0 0 0 0 0 0
1444.25 1 0 0 0 0 0 0 0 0
1445.38 0 1 0 0 0 0 0 0 0
1446.12 0 0 0 1 0 0 0 0 0
1451.39 0 0 0 0 1 0 0 0 0
1453.32 1 0 0 0 0 0 0 0 0
1454.8 0 1 0 0 0 0 0 0 0
1456 0 0 0 1 0 0 0 0 0
1459.77 0 0 0 0 1 0 0 0 0
1461.53 0 0 0 1 0 0 0 0 0
1462.74 0 0 0 0 1 0 0 0 0
1463.91 0 0 0 1 0 0 0 0 0
1465.26 0 0 0 0 1 0 0 0 0
1467.84 1 0 0 0 0 0 0 0 0
1469.04 0 1 0 0 0 0 0 0 0
1469.83 0 0 0 1 0 0 0 0 0
1471.05 0 0 0 0 1 0 0 0 0
1471.73 0 0 0 1 0 0 0 0 0
1473.56 0 0 0 0 1 0 0 0 0
1474.29 0 0 0 1 0 0 0 0 0
1475.03 0 0 0 0 1 0 0 0 0
1475.84 0 0 0 1 0 0 0 0 0
1477.22 0 0 0 0 1 0 0 0 0
1480.86 1 0 0 0 0 0 0 0 0
1481.98 0 1 0 0 0 0 0 0 0
1483.82 0 0 0 1 0 0 0 0 0
1485.75 0 0 0 0 1 0 0 0 0
