10.8478 0 0 0 0 0 1 0 0 0
12.5483 0 0 0 0 0 0 1 0 0
39.2613 0 0 0 1 0 0 0 0 0
47.4331 0 0 0 0 1 0 0 0 0
48.3618 1 0 0 0 0 0 0 0 0
49.2576 0 1 0 0 0 0 0 0 0
49.4536 1 0 0 0 0 0 0 0 0
50.1024 0 1 0 0 0 0 0 0 0
51.2361 1 0 0 0 0 0 0 0 0
51.638 0 1 0 0 0 0 0 0 0
54.1124 1 0 0 0 0 0 0 0 0
55.7299 0 1 0 0 0 0 0 0 0
56.7086 1 0 0 0 0 0 0 0 0
58.0903 0 1 0 0 0 0 0 0 0
58.7191 1 0 0 0 0 0 0 0 0
60.0177 0 1 0 0 0 0 0 0 0
60.8117 1 0 0 0 0 0 0 0 0
61.3774 0 1 0 0 0 0 0 0 0
61.7383 0 0 0 1 0 0 0 0 0
68.1076 0 0 0 0 1 0 0 0 0
68.7874 0 0 0 1 0 0 0 0 0
70.457 0 0 0 0 1 0 0 0 0
71.1988 1 0 0 0 0 0 0 0 0
72.2195 0 1 0 0 0 0 0 0 0
73.0442 1 0 0 0 0 0 0 0 0
74.3429 0 1 0 0 0 0 0 0 0
75.1667 0 0 0 1 0 0 0 0 0
79.3096 0 0 0 0 1 0 0 0 0
79.8775 1 0 0 0 0 0 0 0 0
80.7632 0 1 0 0 0 0 0 0 0
82.093 1 0 0 0 0 0 0 0 0
82.8757 0 1 0 0 0 0 0 0 0
83.3295 1 0 0 0 0 0 0 0 0
84.1023 0 1 0 0 0 0 0 0 0
85.102 1 0 0 0 0 0 0 0 0
85.494 0 1 0 0 0 0 0 0 0
100.582 1 0 0 0 0 0 0 0 0
101.54 0 1 0 0 0 0 0 0 0
102.004 0 0 0 1 0 0 0 0 0
104.869 0 0 0 0 1 0 0 0 0
106.342 1 0 0 0 0 0 0 0 0
107.579 0 1 0 0 0 0 0 0 0
108.198 1 0 0 0 0 0 0 0 0
109.104 0 1 0 0 0 0 0 0 0
114.514 1 0 0 0 0 0 0 0 0
115.792 0 1 0 0 0 0 0 0 0
116.483 1 0 0 0 0 0 0 0 0
117.296 0 1 0 0 0 0 0 0 0
118.688 1 0 0 0 0 0 0 0 0
119.574 0 1 0 0 0 0 0 0 0
123.398 0 0 0 0 0 1 0 0 0
125.149 0 0 0 0 0 0 1 0 0
138.321 0 0 0 0 0 1 0 0 0
139.362 0 0 0 0 0 0 1 0 0
165.147 1 0 0 0 0 0 0 0 0
165.962 0 1 0 0 0 0 0 0 0
166.538 0 0 0 1 0 0 0 0 0
169.177 0 0 0 0 1 0 0 0 0
169.939 0 0 0 1 0 0 0 0 0
171.846 0 0 0 0 1 0 0 0 0
172.217 1 0 0 0 0 0 0 0 0
173.392 0 1 0 0 0 0 0 0 0
175.01 1 0 0 0 0 0 0 0 0
176.309 0 1 0 0 0 0 0 0 0
176.958 0 0 0 1 0 0 0 0 0
179.339 0 0 0 0 1 0 0 0 0
180.071 1 0 0 0 0 0 0 0 0
180.792 0 1 0 0 0 0 0 0 0
182.946 1 0 0 0 0 0 0 0 0
183.317 0 1 0 0 0 0 0 0 0
184.184 0 0 0 1 0 0 0 0 0
190.201 0 0 0 0 1 0 0 0 0
191.17 1 0 0 0 0 0 0 0 0
192.118 0 1 0 0 0 0 0 0 0
192.953 1 0 0 0 0 0 0 0 0
193.954 0 1 0 0 0 0 0 0 0
196.405 1 0 0 0 0 0 0 0 0
198.261 0 1 0 0 0 0 0 0 0
199.693 1 0 0 0 0 0 0 0 0
200.507 0 1 0 0 0 0 0 0 0
207.072 1 0 0 0 0 0 0 0 0
207.825 0 1 0 0 0 0 0 0 0
208.619 1 0 0 0 0 0 0 0 0
210.546 0 1 0 0 0 0 0 0 0
212.308 1 0 0 0 0 0 0 0 0
213.669 0 1 0 0 0 0 0 0 0
217.564 0 0 0 1 0 0 0 0 0
224.737 0 0 0 0 1 0 0 0 0
233.879 1 0 0 0 0 0 0 0 0
235.559 0 1 0 0 0 0 0 0 0
236.414 0 0 0 1 0 0 0 0 0
239.702 0 0 0 0 1 0 0 0 0
239.826 0 0 0 1 0 0 0 0 0
240.496 0 0 0 0 1 0 0 0 0
241.99 0 0 0 0 0 1 0 0 0
243.639 0 0 0 0 0 0 1 0 0
269.147 1 0 0 0 0 0 0 0 0
270.157 0 1 0 0 0 0 0 0 0
271.404 0 0 0 1 0 0 0 0 0
273.074 0 0 0 0 1 0 0 0 0
273.363 0 0 0 1 0 0 0 0 0
274.455 0 0 0 0 1 0 0 0 0
274.805 0 0 0 1 0 0 0 0 0
275.495 0 0 0 0 1 0 0 0 0
275.629 0 0 0 1 0 0 0 0 0
276.084 0 0 0 0 1 0 0 0 0
276.567 0 0 0 1 0 0 0 0 0
283.576 0 0 0 0 1 0 0 0 0
284.452 0 0 0 1 0 0 0 0 0
289.573 0 0 0 0 1 0 0 0 0
291.233 0 0 0 1 0 0 0 0 0
294.737 0 0 0 0 1 0 0 0 0
296.036 1 0 0 0 0 0 0 0 0
296.685 0 1 0 0 0 0 0 0 0
298.437 1 0 0 0 0 0 0 0 0
298.983 0 1 0 0 0 0 0 0 0
299.849 0 0 0 1 0 0 0 0 0
305.579 0 0 0 0 1 0 0 0 0
307.259 0 0 0 1 0 0 0 0 0
310.825 0 0 0 0 1 0 0 0 0
311.547 0 0 0 1 0 0 0 0 0
312.845 0 0 0 0 1 0 0 0 0
313.443 1 0 0 0 0 0 0 0 0
314.516 0 1 0 0 0 0 0 0 0
315.144 1 0 0 0 0 0 0 0 0
316.194 0 1 0 0 0 0 0 0 0
316.813 1 0 0 0 0 0 0 0 0
317.699 0 1 0 0 0 0 0 0 0
321.945 1 0 0 0 0 0 0 0 0
323.028 0 1 0 0 0 0 0 0 0
324.543 0 0 0 1 0 0 0 0 0
329.067 0 0 0 0 1 0 0 0 0
358.852 1 0 0 0 0 0 0 0 0
359.915 0 1 0 0 0 0 0 0 0
360.492 1 0 0 0 0 0 0 0 0
361.316 0 1 0 0 0 0 0 0 0
