2.58996 0 0 0 0 0 1 0 0 0
5.00128 0 0 0 0 0 0 1 0 0
32.3171 1 0 0 0 0 0 0 0 0
33.3068 0 1 0 0 0 0 0 0 0
34.1626 0 0 0 1 0 0 0 0 0
35.5233 0 0 0 0 1 0 0 0 0
36.1931 1 0 0 0 0 0 0 0 0
36.8419 0 1 0 0 0 0 0 0 0
37.8117 1 0 0 0 0 0 0 0 0
38.1206 0 1 0 0 0 0 0 0 0
38.5025 0 0 0 1 0 0 0 0 0
43.2952 0 0 0 0 1 0 0 0 0
43.3362 0 0 0 1 0 0 0 0 0
43.5312 0 0 0 0 1 0 0 0 0
44.8608 0 0 0 1 0 0 0 0 0
46.1504 0 0 0 0 1 0 0 0 0
48.6238 0 0 0 1 0 0 0 0 0
49.4176 0 0 0 0 1 0 0 0 0
52.1489 0 0 0 1 0 0 0 0 0
53.0046 0 0 0 0 1 0 0 0 0
54.0563 1 0 0 0 0 0 0 0 0
54.9841 0 1 0 0 0 0 0 0 0
57.5914 1 0 0 0 0 0 0 0 0
58.1372 0 1 0 0 0 0 0 0 0
58.8391 0 0 0 1 0 0 0 0 0
63.8068 0 0 0 0 1 0 0 0 0
63.8477 0 0 0 1 0 0 0 0 0
63.9927 0 0 0 0 1 0 0 0 0
65.2293 1 0 0 0 0 0 0 0 0
65.6722 0 1 0 0 0 0 0 0 0
70.8158 0 0 0 1 0 0 0 0 0
76.8972 0 0 0 0 1 0 0 0 0
81.4021 1 0 0 0 0 0 0 0 0
82.0509 0 1 0 0 0 0 0 0 0
85.0821 1 0 0 0 0 0 0 0 0
85.515 0 1 0 0 0 0 0 0 0
86.1638 1 0 0 0 0 0 0 0 0
86.7416 0 1 0 0 0 0 0 0 0
87.4115 1 0 0 0 0 0 0 0 0
88.0503 0 1 0 0 0 0 0 0 0
89.5349 1 0 0 0 0 0 0 0 0
90.4217 0 1 0 0 0 0 0 0 0
92.761 1 0 0 0 0 0 0 0 0
93.5448 0 1 0 0 0 0 0 0 0
94.9984 1 0 0 0 0 0 0 0 0
95.8533 0 1 0 0 0 0 0 0 0
96.9879 1 0 0 0 0 0 0 0 0
97.7817 0 1 0 0 0 0 0 0 0
98.7604 1 0 0 0 0 0 0 0 0
99.3483 0 1 0 0 0 0 0 0 0
107.223 1 0 0 0 0 0 0 0 0
108.254 0 1 0 0 0 0 0 0 0
109.059 1 0 0 0 0 0 0 0 0
109.955 0 1 0 0 0 0 0 0 0
111.12 1 0 0 0 0 0 0 0 0
111.728 0 1 0 0 0 0 0 0 0
112.429 1 0 0 0 0 0 0 0 0
112.512 0 1 0 0 0 0 0 0 0
112.574 1 0 1 0 0 0 0 0 0
112.656 0 1 0 0 0 0 0 0 0
117.223 1 0 0 0 0 0 0 0 0
117.841 0 1 0 0 0 0 0 0 0
118.49 1 0 0 0 0 0 0 0 0
119.326 0 1 0 0 0 0 0 0 0
119.934 1 0 0 0 0 0 0 0 0
120.47 0 1 0 0 0 0 0 0 0
121.748 0 0 0 0 0 1 0 0 0
122.975 0 0 0 0 0 0 1 0 0
155.23 1 0 0 0 0 0 0 0 0
156.766 0 1 0 0 0 0 0 0 0
157.694 1 0 0 0 0 0 0 0 0
158.612 0 1 0 0 0 0 0 0 0
159.58 1 0 0 0 0 0 0 0 0
160.467 0 1 0 0 0 0 0 0 0
160.869 1 0 0 0 0 0 0 0 0
161.601 0 1 0 0 0 0 0 0 0
162.055 1 0 0 0 0 0 0 0 0
163.147 0 1 0 0 0 0 0 0 0
163.59 1 0 0 0 0 0 0 0 0
164.559 0 1 0 0 0 0 0 0 0
165.766 1 0 0 0 0 0 0 0 0
166.538 0 1 0 0 0 0 0 0 0
168.229 0 0 0 1 0 0 0 0 0
171.898 0 0 0 0 1 0 0 0 0
174.382 0 0 0 1 0 0 0 0 0
176.723 0 0 0 0 1 0 0 0 0
177.495 1 0 0 0 0 0 0 0 0
178.722 0 1 0 0 0 0 0 0 0
179.423 1 0 0 0 0 0 0 0 0
180.362 0 1 0 0 0 0 0 0 0
182.052 1 0 0 0 0 0 0 0 0
182.784 0 1 0 0 0 0 0 0 0
183.186 1 0 0 0 0 0 0 0 0
183.691 0 1 0 0 0 0 0 0 0
184.197 0 0 0 1 0 0 0 0 0
186.948 0 0 0 0 1 0 0 0 0
188.124 0 0 0 1 0 0 0 0 0
191.072 0 0 0 0 1 0 0 0 0
194.019 0 0 0 1 0 0 0 0 0
194.617 0 0 0 0 1 0 0 0 0
196.957 0 0 0 1 0 0 0 0 0
197.782 0 0 0 0 1 0 0 0 0
198.194 1 0 0 0 0 0 0 0 0
198.947 0 1 0 0 0 0 0 0 0
199.473 1 0 0 0 0 0 0 0 0
200.472 0 1 0 0 0 0 0 0 0
201.678 1 0 0 0 0 0 0 0 0
202.978 0 1 0 0 0 0 0 0 0
203.533 0 0 0 1 0 0 0 0 0
205.338 0 0 0 0 1 0 0 0 0
219.305 1 0 0 0 0 0 0 0 0
220.883 0 1 0 0 0 0 0 0 0
222.264 1 0 0 0 0 0 0 0 0
222.913 0 1 0 0 0 0 0 0 0
223.305 0 0 0 1 0 0 0 0 0
225.502 0 0 0 0 1 0 0 0 0
225.934 0 0 0 1 0 0 0 0 0
231.006 0 0 0 0 1 0 0 0 0
232.305 0 0 0 1 0 0 0 0 0
234.964 0 0 0 0 1 0 0 0 0
236.397 0 0 0 1 0 0 0 0 0
238.561 0 0 0 0 1 0 0 0 0
239.953 1 0 0 0 0 0 0 0 0
241.375 0 1 0 0 0 0 0 0 0
242.128 0 0 0 0 0 1 0 0 0
243.602 0 0 0 0 0 0 1 0 0
276.331 1 0 0 0 0 0 0 0 0
276.826 0 1 0 0 0 0 0 0 0
277.3 0 0 0 1 0 0 0 0 0
281.814 0 0 0 0 1 0 0 0 0
284.474 0 0 0 1 0 0 0 0 0
285.803 0 0 0 0 1 0 0 0 0
287.309 0 0 0 1 0 0 0 0 0
288.514 0 0 0 0 1 0 0 0 0
289.586 1 0 0 0 0 0 0 0 0
290.555 0 1 0 0 0 0 0 0 0
291.607 1 0 0 0 0 0 0 0 0
292.411 0 1 0 0 0 0 0 0 0
292.915 0 0 0 1 0 0 0 0 0
298.688 0 0 0 0 1 0 0 0 0
299.709 0 0 0 1 0 0 0 0 0
301.141 0 0 0 0 1 0 0 0 0
302.45 0 0 0 1 0 0 0 0 0
303.955 0 0 0 0 1 0 0 0 0
304.346 1 0 0 0 0 0 0 0 0
305.367 0 1 0 0 0 0 0 0 0
306.955 1 0 0 0 0 0 0 0 0
308.048 0 1 0 0 0 0 0 0 0
308.841 1 0 0 0 0 0 0 0 0
309.562 0 1 0 0 0 0 0 0 0
309.964 1 0 0 0 0 0 0 0 0
310.511 0 1 0 0 0 0 0 0 0
321.798 0 0 0 1 0 0 0 0 0
322.304 0 0 0 0 1 0 0 0 0
325.634 1 0 0 0 0 0 0 0 0
326.519 0 1 0 0 0 0 0 0 0
327.725 1 0 0 0 0 0 0 0 0
329.323 0 1 0 0 0 0 0 0 0
330.518 0 0 0 1 0 0 0 0 0
335.012 0 0 0 0 1 0 0 0 0
336.806 1 0 0 0 0 0 0 0 0
337.466 0 1 0 0 0 0 0 0 0
340.259 1 0 0 0 0 0 0 0 0
342.134 0 1 0 0 0 0 0 0 0
342.742 1 0 0 0 0 0 0 0 0
343.382 0 1 0 0 0 0 0 0 0
343.877 0 0 0 1 0 0 0 0 0
350.319 0 0 0 0 1 0 0 0 0
