13.8429 1 0 0 0 0 0 0 0 0
15.2445 0 1 0 0 0 0 0 0 0
16.6571 1 0 0 0 0 0 0 0 0
18.1097 0 1 0 0 0 0 0 0 0
19.2855 1 0 0 0 0 0 0 0 0
20.5011 0 1 0 0 0 0 0 0 0
21.7478 1 0 0 0 0 0 0 0 0
22.5316 0 1 0 0 0 0 0 0 0
25.2938 1 0 0 0 0 0 0 0 0
26.7984 0 1 0 0 0 0 0 0 0
27.4683 1 0 0 0 0 0 0 0 0
28.7559 0 1 0 0 0 0 0 0 0
29.7967 1 0 0 0 0 0 0 0 0
31.0753 0 1 0 0 0 0 0 0 0
33.0948 1 0 0 0 0 0 0 0 0
34.5994 0 1 0 0 0 0 0 0 0
35.7131 1 0 0 0 0 0 0 0 0
35.7851 0 1 0 0 0 0 0 0 0
35.8571 1 0 1 0 0 0 0 0 0
35.9192 0 1 0 0 0 0 0 0 0
39.5781 1 0 0 0 0 0 0 0 0
40.9277 0 1 0 0 0 0 0 0 0
42.4433 1 0 0 0 0 0 0 0 0
43.4631 0 1 0 0 0 0 0 0 0
44.1539 1 0 0 0 0 0 0 0 0
45.0506 0 1 0 0 0 0 0 0 0
45.6376 1 0 0 0 0 0 0 0 0
46.5342 0 1 0 0 0 0 0 0 0
47.9259 1 0 0 0 0 0 0 0 0
49.2755 0 1 0 0 0 0 0 0 0
50.9141 1 0 0 0 0 0 0 0 0
51.492 0 1 0 0 0 0 0 0 0
52.8726 0 0 0 1 0 0 0 0 0
56.2637 0 0 0 0 1 0 0 0 0
58.7261 0 0 0 1 0 0 0 0 0
59.9737 0 0 0 0 1 0 0 0 0
62.8389 0 0 0 1 0 0 0 0 0
63.4668 0 0 0 0 1 0 0 0 0
65.9307 1 0 0 0 0 0 0 0 0
67.6826 0 1 0 0 0 0 0 0 0
69.0013 1 0 0 0 0 0 0 0 0
70.197 0 1 0 0 0 0 0 0 0
71.4237 1 0 0 0 0 0 0 0 0
72.4954 0 1 0 0 0 0 0 0 0
73.2062 1 0 0 0 0 0 0 0 0
74.2059 0 1 0 0 0 0 0 0 0
74.9687 1 0 0 0 0 0 0 0 0
75.6595 0 1 0 0 0 0 0 0 0
82.7186 1 0 0 0 0 0 0 0 0
83.6874 0 1 0 0 0 0 0 0 0
84.3474 1 0 0 0 0 0 0 0 0
85.6658 0 1 0 0 0 0 0 0 0
86.4596 1 0 0 0 0 0 0 0 0
87.5104 0 1 0 0 0 0 0 0 0
88.0262 1 0 0 0 0 0 0 0 0
88.83 0 1 0 0 0 0 0 0 0
89.5208 1 0 0 0 0 0 0 0 0
90.7365 0 1 0 0 0 0 0 0 0
93.3338 0 0 0 0 0 1 0 0 0
95.6423 0 0 0 0 0 0 1 0 0
117.871 1 0 0 0 0 0 0 0 0
118.84 0 1 0 0 0 0 0 0 0
119.335 1 0 0 0 0 0 0 0 0
120.108 0 1 0 0 0 0 0 0 0
120.634 1 0 0 0 0 0 0 0 0
121.149 0 1 0 0 0 0 0 0 0
122.262 1 0 0 0 0 0 0 0 0
122.911 0 1 0 0 0 0 0 0 0
123.952 1 0 0 0 0 0 0 0 0
124.735 0 1 0 0 0 0 0 0 0
125.518 0 0 0 1 0 0 0 0 0
126.456 0 0 0 0 1 0 0 0 0
129.053 1 0 0 0 0 0 0 0 0
130.146 0 1 0 0 0 0 0 0 0
131.671 1 0 0 0 0 0 0 0 0
132.589 0 1 0 0 0 0 0 0 0
133.722 1 0 0 0 0 0 0 0 0
134.392 0 1 0 0 0 0 0 0 0
136.514 1 0 0 0 0 0 0 0 0
137.36 0 1 0 0 0 0 0 0 0
139.473 1 0 0 0 0 0 0 0 0
140.853 0 1 0 0 0 0 0 0 0
142.461 0 0 0 1 0 0 0 0 0
146.75 0 0 0 0 1 0 0 0 0
148.294 0 0 0 1 0 0 0 0 0
153.355 0 0 0 0 1 0 0 0 0
155.416 0 0 0 1 0 0 0 0 0
156.426 0 0 0 0 1 0 0 0 0
158.189 0 0 0 1 0 0 0 0 0
159.827 0 0 0 0 1 0 0 0 0
160.559 1 0 0 0 0 0 0 0 0
161.332 0 1 0 0 0 0 0 0 0
162.105 1 0 0 0 0 0 0 0 0
163.415 0 1 0 0 0 0 0 0 0
163.961 1 0 0 0 0 0 0 0 0
165.238 0 1 0 0 0 0 0 0 0
174.142 0 0 0 0 0 1 0 0 0
175.998 0 0 0 0 0 0 1 0 0
193.816 1 0 0 0 0 0 0 0 0
194.548 0 1 0 0 0 0 0 0 0
195.166 1 0 0 0 0 0 0 0 0
195.898 0 1 0 0 0 0 0 0 0
196.691 1 0 0 0 0 0 0 0 0
197.289 0 1 0 0 0 0 0 0 0
199.772 0 0 0 1 0 0 0 0 0
204.4 0 0 0 0 1 0 0 0 0
205.719 0 0 0 1 0 0 0 0 0
207.409 0 0 0 0 1 0 0 0 0
209.688 1 0 0 0 0 0 0 0 0
211.151 0 1 0 0 0 0 0 0 0
212.737 0 0 0 1 0 0 0 0 0
218.704 0 0 0 0 1 0 0 0 0
220.498 1 0 0 0 0 0 0 0 0
221.714 0 1 0 0 0 0 0 0 0
222.888 1 0 0 0 0 0 0 0 0
224.62 0 1 0 0 0 0 0 0 0
226.228 1 0 0 0 0 0 0 0 0
226.619 0 1 0 0 0 0 0 0 0
228.197 0 0 0 1 0 0 0 0 0
230.577 0 0 0 0 1 0 0 0 0
232.402 1 0 0 0 0 0 0 0 0
233.36 0 1 0 0 0 0 0 0 0
234.205 1 0 0 0 0 0 0 0 0
235.04 0 1 0 0 0 0 0 0 0
235.411 1 0 0 0 0 0 0 0 0
235.864 0 1 0 0 0 0 0 0 0
236.431 1 0 0 0 0 0 0 0 0
236.947 0 1 0 0 0 0 0 0 0
237.513 1 0 0 0 0 0 0 0 0
238.327 0 1 0 0 0 0 0 0 0
238.781 0 0 0 1 0 0 0 0 0
241.028 0 0 0 0 1 0 0 0 0
242.027 0 0 0 1 0 0 0 0 0
242.842 0 0 0 0 1 0 0 0 0
243.728 0 0 0 1 0 0 0 0 0
246.634 0 0 0 0 1 0 0 0 0
249.375 1 0 0 0 0 0 0 0 0
250.354 0 1 0 0 0 0 0 0 0
258.857 1 0 0 0 0 0 0 0 0
259.774 0 1 0 0 0 0 0 0 0
260.227 1 0 0 0 0 0 0 0 0
261.124 0 1 0 0 0 0 0 0 0
263.258 0 0 0 0 0 1 0 0 0
264.937 0 0 0 0 0 0 1 0 0
279.025 0 0 0 0 0 1 0 0 0
280.522 0 0 0 0 0 0 1 0 0
298.009 1 0 0 0 0 0 0 0 0
299.174 0 1 0 0 0 0 0 0 0
300.163 1 0 0 0 0 0 0 0 0
300.679 0 1 0 0 0 0 0 0 0
301.141 1 0 0 0 0 0 0 0 0
301.729 0 1 0 0 0 0 0 0 0
303.317 1 0 0 0 0 0 0 0 0
304.41 0 1 0 0 0 0 0 0 0
304.872 1 0 0 0 0 0 0 0 0
306.006 0 1 0 0 0 0 0 0 0
306.604 1 0 0 0 0 0 0 0 0
307.429 0 1 0 0 0 0 0 0 0
307.955 1 0 0 0 0 0 0 0 0
308.357 0 1 0 0 0 0 0 0 0
309.026 0 0 0 1 0 0 0 0 0
311.83 0 0 0 0 1 0 0 0 0
315.901 0 0 0 1 0 0 0 0 0
316.704 0 0 0 0 1 0 0 0 0
318.322 0 0 0 1 0 0 0 0 0
319.477 0 0 0 0 1 0 0 0 0
335.481 1 0 0 0 0 0 0 0 0
336.584 0 1 0 0 0 0 0 0 0
347.787 1 0 0 0 0 0 0 0 0
349.045 0 1 0 0 0 0 0 0 0
350.157 1 0 0 0 0 0 0 0 0
350.951 0 1 0 0 0 0 0 0 0
351.6 1 0 0 0 0 0 0 0 0
352.044 0 1 0 0 0 0 0 0 0
352.456 1 0 0 0 0 0 0 0 0
353.518 0 1 0 0 0 0 0 0 0
354.012 1 0 0 0 0 0 0 0 0
354.836 0 1 0 0 0 0 0 0 0
356.208 1 0 0 0 0 0 0 0 0
358.918 0 1 0 0 0 0 0 0 0
