8.25125 0 0 0 0 0 1 0 0 0
9.62184 0 0 0 0 0 0 1 0 0
33.3775 0 0 0 1 0 0 0 0 0
37.2425 0 0 0 0 1 0 0 0 0
39.077 0 0 0 1 0 0 0 0 0
42.1592 0 0 0 0 1 0 0 0 0
43.4368 1 0 0 0 0 0 0 0 0
44.6325 0 1 0 0 0 0 0 0 0
45.4683 0 0 0 1 0 0 0 0 0
48.7135 0 0 0 0 1 0 0 0 0
48.8375 0 0 0 1 0 0 0 0 0
49.4462 0 0 0 0 1 0 0 0 0
50.0951 1 0 0 0 0 0 0 0 0
50.8879 0 1 0 0 0 0 0 0 0
55.2267 1 0 0 0 0 0 0 0 0
58.4019 0 1 0 0 0 0 0 0 0
62.4618 1 0 0 0 0 0 0 0 0
63.2766 0 1 0 0 0 0 0 0 0
64.6052 0 0 0 1 0 0 0 0 0
66.8726 0 0 0 0 1 0 0 0 0
67.5425 1 0 0 0 0 0 0 0 0
68.9452 0 1 0 0 0 0 0 0 0
71.5524 1 0 0 0 0 0 0 0 0
72.4492 0 1 0 0 0 0 0 0 0
72.8511 1 0 0 0 0 0 0 0 0
73.8198 0 1 0 0 0 0 0 0 0
74.2947 1 0 0 0 0 0 0 0 0
75.1285 0 1 0 0 0 0 0 0 0
83.2293 0 0 0 0 0 1 0 0 0
84.374 0 0 0 0 0 0 1 0 0
107.223 1 0 0 0 0 0 0 0 0
107.46 0 1 0 0 0 0 0 0 0
107.697 0 0 0 1 0 0 0 0 0
110.809 0 0 0 0 1 0 0 0 0
113.097 0 0 0 1 0 0 0 0 0
115.798 0 0 0 0 1 0 0 0 0
116.549 0 0 0 1 0 0 0 0 0
117.92 0 0 0 0 1 0 0 0 0
119.786 1 0 0 0 0 0 0 0 0
120.343 0 1 0 0 0 0 0 0 0
121.105 0 0 0 1 0 0 0 0 0
122.135 0 0 0 0 1 0 0 0 0
122.537 1 0 0 0 0 0 0 0 0
124.413 0 1 0 0 0 0 0 0 0
126.516 1 0 0 0 0 0 0 0 0
127.269 0 1 0 0 0 0 0 0 0
127.865 0 0 0 1 0 0 0 0 0
131.73 0 0 0 0 1 0 0 0 0
142.448 1 0 0 0 0 0 0 0 0
143.994 0 1 0 0 0 0 0 0 0
144.891 1 0 0 0 0 0 0 0 0
145.912 0 1 0 0 0 0 0 0 0
146.819 1 0 0 0 0 0 0 0 0
148.065 0 1 0 0 0 0 0 0 0
148.787 1 0 0 0 0 0 0 0 0
149.765 0 1 0 0 0 0 0 0 0
150.704 1 0 0 0 0 0 0 0 0
151.322 0 1 0 0 0 0 0 0 0
151.889 1 0 0 0 0 0 0 0 0
152.673 0 1 0 0 0 0 0 0 0
153.837 1 0 0 0 0 0 0 0 0
153.919 0 1 0 0 0 0 0 0 0
153.96 1 0 1 0 0 0 0 0 0
154.043 0 1 0 0 0 0 0 0 0
156.579 1 0 0 0 0 0 0 0 0
157.125 0 1 0 0 0 0 0 0 0
157.743 1 0 0 0 0 0 0 0 0
158.402 0 1 0 0 0 0 0 0 0
158.588 0 0 0 1 0 0 0 0 0
161.04 0 0 0 0 1 0 0 0 0
161.257 0 0 0 1 0 0 0 0 0
163.411 0 0 0 0 1 0 0 0 0
163.875 0 0 0 1 0 0 0 0 0
165.442 0 0 0 0 1 0 0 0 0
165.915 0 0 0 1 0 0 0 0 0
167.596 0 0 0 0 1 0 0 0 0
168.018 0 0 0 1 0 0 0 0 0
170.45 0 0 0 0 1 0 0 0 0
171.079 0 0 0 1 0 0 0 0 0
173.882 0 0 0 0 1 0 0 0 0
174.233 0 0 0 1 0 0 0 0 0
175.861 0 0 0 0 1 0 0 0 0
176.314 0 0 0 1 0 0 0 0 0
176.809 0 0 0 0 1 0 0 0 0
177.19 0 0 0 1 0 0 0 0 0
178.056 0 0 0 0 1 0 0 0 0
178.674 0 0 0 1 0 0 0 0 0
179.314 0 0 0 0 1 0 0 0 0
181.509 0 0 0 0 0 1 0 0 0
182.581 0 0 0 0 0 0 1 0 0
217.034 0 0 0 1 0 0 0 0 0
219.466 0 0 0 0 1 0 0 0 0
219.671 0 0 0 1 0 0 0 0 0
219.702 0 0 0 0 1 0 0 0 0
219.805 0 0 0 1 0 0 0 0 0
223.382 0 0 0 0 1 0 0 0 0
223.433 0 0 0 1 0 0 0 0 0
223.547 0 0 0 0 1 0 0 0 0
224.639 1 0 0 0 0 0 0 0 0
225.566 0 1 0 0 0 0 0 0 0
229.019 1 0 0 0 0 0 0 0 0
229.843 0 1 0 0 0 0 0 0 0
231.359 1 0 0 0 0 0 0 0 0
232.152 0 1 0 0 0 0 0 0 0
232.78 1 0 0 0 0 0 0 0 0
233.523 0 1 0 0 0 0 0 0 0
234.594 1 0 0 0 0 0 0 0 0
235.677 0 1 0 0 0 0 0 0 0
236.676 0 0 0 1 0 0 0 0 0
238.294 0 0 0 0 1 0 0 0 0
239.602 1 0 0 0 0 0 0 0 0
240.592 0 1 0 0 0 0 0 0 0
241.478 1 0 0 0 0 0 0 0 0
243.19 0 1 0 0 0 0 0 0 0
245.034 1 0 0 0 0 0 0 0 0
246.013 0 1 0 0 0 0 0 0 0
248.795 1 0 0 0 0 0 0 0 0
249.548 0 1 0 0 0 0 0 0 0
251.052 0 0 0 1 0 0 0 0 0
254.165 0 0 0 0 1 0 0 0 0
254.793 0 0 0 1 0 0 0 0 0
255.669 0 0 0 0 1 0 0 0 0
265.079 1 0 0 0 0 0 0 0 0
266.264 0 1 0 0 0 0 0 0 0
266.779 0 0 0 1 0 0 0 0 0
271.171 0 0 0 0 1 0 0 0 0
273.45 0 0 0 1 0 0 0 0 0
276.223 0 0 0 0 1 0 0 0 0
278.994 0 0 0 1 0 0 0 0 0
279.778 0 0 0 0 1 0 0 0 0
281.591 0 0 0 0 0 1 0 0 0
282.839 0 0 0 0 0 0 1 0 0
302.814 1 0 0 0 0 0 0 0 0
303.824 0 1 0 0 0 0 0 0 0
304.164 0 0 0 1 0 0 0 0 0
306.185 0 0 0 0 1 0 0 0 0
307.338 0 0 0 1 0 0 0 0 0
308.947 0 0 0 0 1 0 0 0 0
309.72 0 0 0 1 0 0 0 0 0
310.349 0 0 0 0 1 0 0 0 0
311.936 1 0 0 0 0 0 0 0 0
312.513 0 1 0 0 0 0 0 0 0
313.132 1 0 0 0 0 0 0 0 0
313.678 0 1 0 0 0 0 0 0 0
314.553 1 0 0 0 0 0 0 0 0
315.017 0 1 0 0 0 0 0 0 0
316.141 1 0 0 0 0 0 0 0 0
316.502 0 1 0 0 0 0 0 0 0
317.028 0 0 0 1 0 0 0 0 0
320.491 0 0 0 0 1 0 0 0 0
321.203 0 0 0 1 0 0 0 0 0
323.016 0 0 0 0 1 0 0 0 0
323.593 0 0 0 1 0 0 0 0 0
325.562 0 0 0 0 1 0 0 0 0
333.261 1 0 0 0 0 0 0 0 0
334.375 0 1 0 0 0 0 0 0 0
334.828 1 0 0 0 0 0 0 0 0
335.653 0 1 0 0 0 0 0 0 0
336.694 1 0 0 0 0 0 0 0 0
337.261 0 1 0 0 0 0 0 0 0
337.755 1 0 0 0 0 0 0 0 0
339.054 0 1 0 0 0 0 0 0 0
339.601 1 0 0 0 0 0 0 0 0
340.467 0 1 0 0 0 0 0 0 0
341.435 1 0 0 0 0 0 0 0 0
342.013 0 1 0 0 0 0 0 0 0
343.735 1 0 0 0 0 0 0 0 0
344.394 0 1 0 0 0 0 0 0 0
346.373 1 0 0 0 0 0 0 0 0
347.476 0 1 0 0 0 0 0 0 0
350.465 1 0 0 0 0 0 0 0 0
351.084 0 1 0 0 0 0 0 0 0
353.341 1 0 0 0 0 0 0 0 0
354.238 0 1 0 0 0 0 0 0 0
354.918 1 0 0 0 0 0 0 0 0
355.639 0 1 0 0 0 0 0 0 0
356.804 1 0 0 0 0 0 0 0 0
357.692 0 1 0 0 0 0 0 0 0
358.609 1 0 0 0 0 0 0 0 0
360.772 0 1 0 0 0 0 0 0 0
