19.7725 0 0 0 1 0 0 0 0 0
21.545 0 0 0 0 1 0 0 0 0
21.627 0 0 0 1 0 0 0 0 0
24.4194 0 0 0 0 1 0 0 0 0
27.6044 1 0 0 0 0 0 0 0 0
30.0978 0 1 0 0 0 0 0 0 0
31.3344 1 0 0 0 0 0 0 0 0
32.4062 0 1 0 0 0 0 0 0 0
35.7043 1 0 0 0 0 0 0 0 0
36.4251 0 1 0 0 0 0 0 0 0
38.2497 0 0 0 1 0 0 0 0 0
43.4742 0 0 0 0 1 0 0 0 0
44.8559 1 0 0 0 0 0 0 0 0
45.9375 0 1 0 0 0 0 0 0 0
47.1952 1 0 0 0 0 0 0 0 0
49.4727 0 1 0 0 0 0 0 0 0
52.6778 1 0 0 0 0 0 0 0 0
54.5223 0 1 0 0 0 0 0 0 0
55.47 0 0 0 1 0 0 0 0 0
62.1583 0 0 0 0 1 0 0 0 0
64.8586 1 0 0 0 0 0 0 0 0
65.7553 0 1 0 0 0 0 0 0 0
66.6621 0 0 0 1 0 0 0 0 0
68.0117 0 0 0 0 1 0 0 0 0
68.5066 1 0 0 0 0 0 0 0 0
70.1452 0 1 0 0 0 0 0 0 0
74.37 1 0 0 0 0 0 0 0 0
76.0816 0 1 0 0 0 0 0 0 0
77.6172 1 0 0 0 0 0 0 0 0
78.0601 0 1 0 0 0 0 0 0 0
78.4209 0 0 0 1 0 0 0 0 0
83.5317 0 0 0 0 1 0 0 0 0
84.2434 1 0 0 0 0 0 0 0 0
85.4801 0 1 0 0 0 0 0 0 0
86.0159 0 0 0 1 0 0 0 0 0
90.1279 0 0 0 0 1 0 0 0 0
92.2503 1 0 0 0 0 0 0 0 0
93.7649 0 1 0 0 0 0 0 0 0
94.4047 0 0 0 1 0 0 0 0 0
95.6924 0 0 0 0 1 0 0 0 0
97.146 1 0 0 0 0 0 0 0 0
98.2897 0 1 0 0 0 0 0 0 0
99.0525 0 0 0 1 0 0 0 0 0
100.629 0 0 0 0 1 0 0 0 0
105.833 1 0 0 0 0 0 0 0 0
106.545 0 1 0 0 0 0 0 0 0
107.069 1 0 0 0 0 0 0 0 0
107.708 0 1 0 0 0 0 0 0 0
108.419 1 0 0 0 0 0 0 0 0
108.987 0 1 0 0 0 0 0 0 0
110.738 0 0 0 1 0 0 0 0 0
112.232 0 0 0 0 1 0 0 0 0
115.427 0 0 0 1 0 0 0 0 0
117.644 0 0 0 0 1 0 0 0 0
118.024 0 0 0 1 0 0 0 0 0
120.116 0 0 0 0 1 0 0 0 0
132.102 1 0 0 0 0 0 0 0 0
133.523 0 1 0 0 0 0 0 0 0
134.236 1 0 0 0 0 0 0 0 0
135.121 0 1 0 0 0 0 0 0 0
138.542 1 0 0 0 0 0 0 0 0
139.501 0 1 0 0 0 0 0 0 0
141.562 1 0 0 0 0 0 0 0 0
142.912 0 1 0 0 0 0 0 0 0
143.634 1 0 0 0 0 0 0 0 0
144.746 0 1 0 0 0 0 0 0 0
145.045 0 0 0 1 0 0 0 0 0
149.61 0 0 0 0 1 0 0 0 0
151.59 1 0 0 0 0 0 0 0 0
153.743 0 1 0 0 0 0 0 0 0
153.939 1 0 0 0 0 0 0 0 0
154.083 0 1 0 0 0 0 0 0 0
154.517 1 0 0 0 0 0 0 0 0
155.155 0 1 0 0 0 0 0 0 0
159.823 1 0 0 0 0 0 0 0 0
160.689 0 1 0 0 0 0 0 0 0
161.07 0 0 0 1 0 0 0 0 0
164.121 0 0 0 0 1 0 0 0 0
164.842 0 0 0 1 0 0 0 0 0
166.193 0 0 0 0 1 0 0 0 0
166.656 0 0 0 1 0 0 0 0 0
167.728 0 0 0 0 1 0 0 0 0
169.923 1 0 0 0 0 0 0 0 0
170.841 0 1 0 0 0 0 0 0 0
171.458 1 0 0 0 0 0 0 0 0
172.974 0 1 0 0 0 0 0 0 0
173.407 1 0 0 0 0 0 0 0 0
174.921 0 1 0 0 0 0 0 0 0
175.921 0 0 0 1 0 0 0 0 0
177.612 0 0 0 0 1 0 0 0 0
177.859 0 0 0 1 0 0 0 0 0
177.962 0 0 0 0 1 0 0 0 0
179.013 0 0 0 1 0 0 0 0 0
180.59 0 0 0 0 1 0 0 0 0
183.083 1 0 0 0 0 0 0 0 0
185.362 0 1 0 0 0 0 0 0 0
187.144 0 0 0 0 0 1 0 0 0
189.072 0 0 0 0 0 0 1 0 0
227.965 1 0 0 0 0 0 0 0 0
229.316 0 1 0 0 0 0 0 0 0
229.749 1 0 0 0 0 0 0 0 0
230.8 0 1 0 0 0 0 0 0 0
231.603 1 0 0 0 0 0 0 0 0
232.706 0 1 0 0 0 0 0 0 0
233.335 1 0 0 0 0 0 0 0 0
235.128 0 1 0 0 0 0 0 0 0
235.499 1 0 0 0 0 0 0 0 0
236.252 0 1 0 0 0 0 0 0 0
236.922 0 0 0 1 0 0 0 0 0
240.271 0 0 0 0 1 0 0 0 0
243.63 1 0 0 0 0 0 0 0 0
244.403 0 1 0 0 0 0 0 0 0
245.507 0 0 0 1 0 0 0 0 0
251.535 0 0 0 0 1 0 0 0 0
261.768 1 0 0 0 0 0 0 0 0
262.748 0 1 0 0 0 0 0 0 0
263.099 0 0 0 1 0 0 0 0 0
265.581 0 0 0 0 1 0 0 0 0
265.943 0 0 0 1 0 0 0 0 0
266.21 0 0 0 0 1 0 0 0 0
266.406 0 0 0 1 0 0 0 0 0
266.519 0 0 0 0 1 0 0 0 0
266.571 0 0 0 1 0 0 0 0 0
267.303 0 0 0 0 1 0 0 0 0
268.396 1 0 0 0 0 0 0 0 0
269.405 0 1 0 0 0 0 0 0 0
270.168 1 0 0 0 0 0 0 0 0
271.044 0 1 0 0 0 0 0 0 0
271.724 0 0 0 1 0 0 0 0 0
273.166 0 0 0 0 1 0 0 0 0
274.96 0 0 0 1 0 0 0 0 0
276.939 0 0 0 0 1 0 0 0 0
279.33 0 0 0 1 0 0 0 0 0
280.988 0 0 0 0 1 0 0 0 0
282.39 1 0 0 0 0 0 0 0 0
283.844 0 1 0 0 0 0 0 0 0
284.523 1 0 0 0 0 0 0 0 0
285.801 0 1 0 0 0 0 0 0 0
286.152 1 0 0 0 0 0 0 0 0
287.368 0 1 0 0 0 0 0 0 0
288.274 1 0 0 0 0 0 0 0 0
288.863 0 1 0 0 0 0 0 0 0
291.006 1 0 0 0 0 0 0 0 0
292.603 0 1 0 0 0 0 0 0 0
295.601 1 0 0 0 0 0 0 0 0
296.539 0 1 0 0 0 0 0 0 0
297.498 1 0 0 0 0 0 0 0 0
298.385 0 1 0 0 0 0 0 0 0
298.931 1 0 0 0 0 0 0 0 0
299.724 0 1 0 0 0 0 0 0 0
327.425 1 0 0 0 0 0 0 0 0
327.858 0 1 0 0 0 0 0 0 0
328.188 0 0 0 1 0 0 0 0 0
330.455 0 0 0 0 1 0 0 0 0
334.072 0 0 0 1 0 0 0 0 0
336.412 0 0 0 0 1 0 0 0 0
337.514 0 0 0 1 0 0 0 0 0
338.936 0 0 0 0 1 0 0 0 0
340.45 0 0 0 1 0 0 0 0 0
342.295 0 0 0 0 1 0 0 0 0
343.883 0 0 0 1 0 0 0 0 0
346.15 0 0 0 0 1 0 0 0 0
346.902 0 0 0 1 0 0 0 0 0
347.603 0 0 0 0 1 0 0 0 0
348.221 0 0 0 1 0 0 0 0 0
349.458 0 0 0 0 1 0 0 0 0
352.879 0 0 0 1 0 0 0 0 0
353.848 0 0 0 0 1 0 0 0 0
358.496 0 0 0 1 0 0 0 0 0
361.701 0 0 0 0 1 0 0 0 0
