5.25228 0 0 0 0 0 1 0 0 0
7.79744 0 0 0 0 0 0 1 0 0
16.938 0 0 0 0 0 1 0 0 0
18.5776 0 0 0 0 0 0 1 0 0
38.1064 1 0 0 0 0 0 0 0 0
39.425 0 1 0 0 0 0 0 0 0
42.4342 0 0 0 1 0 0 0 0 0
46.2262 0 0 0 0 1 0 0 0 0
46.896 0 0 0 1 0 0 0 0 0
48.2877 0 0 0 0 1 0 0 0 0
49.5964 1 0 0 0 0 0 0 0 0
50.76 0 1 0 0 0 0 0 0 0
53.3363 1 0 0 0 0 0 0 0 0
54.8099 0 1 0 0 0 0 0 0 0
55.5008 1 0 0 0 0 0 0 0 0
56.9034 0 1 0 0 0 0 0 0 0
58.7879 0 0 0 1 0 0 0 0 0
61.0663 0 0 0 0 1 0 0 0 0
61.4882 0 0 0 1 0 0 0 0 0
65.0842 0 0 0 0 1 0 0 0 0
65.3832 0 0 0 1 0 0 0 0 0
66.4249 0 0 0 0 1 0 0 0 0
66.6718 0 0 0 1 0 0 0 0 0
68.0534 0 0 0 0 1 0 0 0 0
68.5273 0 0 0 1 0 0 0 0 0
72.7422 0 0 0 0 1 0 0 0 0
75.4005 1 0 0 0 0 0 0 0 0
76.4212 0 1 0 0 0 0 0 0 0
78.1529 1 0 0 0 0 0 0 0 0
79.3484 0 1 0 0 0 0 0 0 0
81.5638 1 0 0 0 0 0 0 0 0
82.7185 0 1 0 0 0 0 0 0 0
83.0064 0 0 0 1 0 0 0 0 0
86.9844 0 0 0 0 1 0 0 0 0
87.2013 0 0 0 1 0 0 0 0 0
87.5612 0 0 0 0 1 0 0 0 0
88.9119 0 0 0 1 0 0 0 0 0
91.972 0 0 0 0 1 0 0 0 0
97.2597 0 0 0 1 0 0 0 0 0
98.9502 0 0 0 0 1 0 0 0 0
99.475 0 0 0 1 0 0 0 0 0
101.083 0 0 0 0 1 0 0 0 0
104.175 0 0 0 1 0 0 0 0 0
109.11 0 0 0 0 1 0 0 0 0
109.832 0 0 0 1 0 0 0 0 0
109.916 0 0 0 0 1 0 0 0 0
109.956 0 0 0 1 0 0 0 0 0
109.987 0 0 0 0 1 0 0 0 0
110.028 0 0 0 1 0 0 0 0 0
110.059 0 0 0 0 1 0 0 0 0
114.985 1 0 0 0 0 0 0 0 0
116.666 0 1 0 0 0 0 0 0 0
117.335 1 0 0 0 0 0 0 0 0
118.53 0 1 0 0 0 0 0 0 0
119.799 1 0 0 0 0 0 0 0 0
120.849 0 1 0 0 0 0 0 0 0
128.383 1 0 0 0 0 0 0 0 0
130.114 0 1 0 0 0 0 0 0 0
130.949 0 0 0 1 0 0 0 0 0
137.792 0 0 0 0 1 0 0 0 0
138.462 0 0 0 1 0 0 0 0 0
139.955 0 0 0 0 1 0 0 0 0
140.584 1 0 0 0 0 0 0 0 0
142.038 0 1 0 0 0 0 0 0 0
143.202 1 0 0 0 0 0 0 0 0
144.139 0 1 0 0 0 0 0 0 0
144.5 0 0 0 1 0 0 0 0 0
145.356 0 0 0 0 1 0 0 0 0
146.643 0 0 0 1 0 0 0 0 0
148.437 0 0 0 0 1 0 0 0 0
148.788 0 0 0 1 0 0 0 0 0
151.343 0 0 0 0 1 0 0 0 0
159.681 1 0 0 0 0 0 0 0 0
160.341 0 1 0 0 0 0 0 0 0
160.732 0 0 0 1 0 0 0 0 0
164.216 0 0 0 0 1 0 0 0 0
164.679 1 0 0 0 0 0 0 0 0
166.121 0 1 0 0 0 0 0 0 0
166.4 1 0 0 0 0 0 0 0 0
167.658 0 1 0 0 0 0 0 0 0
168.194 1 0 0 0 0 0 0 0 0
169.306 0 1 0 0 0 0 0 0 0
169.987 1 0 0 0 0 0 0 0 0
171.12 0 1 0 0 0 0 0 0 0
171.502 1 0 0 0 0 0 0 0 0
172.944 0 1 0 0 0 0 0 0 0
173.707 1 0 0 0 0 0 0 0 0
174.655 0 1 0 0 0 0 0 0 0
175.212 0 0 0 1 0 0 0 0 0
178.252 0 0 0 0 1 0 0 0 0
183.374 0 0 0 0 0 1 0 0 0
185.136 0 0 0 0 0 0 1 0 0
213.033 1 0 0 0 0 0 0 0 0
215.094 0 1 0 0 0 0 0 0 0
215.816 1 0 0 0 0 0 0 0 0
217.65 0 1 0 0 0 0 0 0 0
218.845 1 0 0 0 0 0 0 0 0
220.927 0 1 0 0 0 0 0 0 0
221.782 1 0 0 0 0 0 0 0 0
223.761 0 1 0 0 0 0 0 0 0
225.256 1 0 0 0 0 0 0 0 0
226.389 0 1 0 0 0 0 0 0 0
228.017 1 0 0 0 0 0 0 0 0
229.512 0 1 0 0 0 0 0 0 0
230.315 1 0 0 0 0 0 0 0 0
231.676 0 1 0 0 0 0 0 0 0
233.51 1 0 0 0 0 0 0 0 0
236.159 0 1 0 0 0 0 0 0 0
238.931 1 0 0 0 0 0 0 0 0
239.024 0 1 0 0 0 0 0 0 0
239.106 1 0 1 0 0 0 0 0 0
239.158 0 1 0 0 0 0 0 0 0
242.662 1 0 0 0 0 0 0 0 0
243.713 0 1 0 0 0 0 0 0 0
244.186 1 0 0 0 0 0 0 0 0
245.052 0 1 0 0 0 0 0 0 0
246.176 0 0 0 1 0 0 0 0 0
247.155 0 0 0 0 1 0 0 0 0
250.206 1 0 0 0 0 0 0 0 0
251.431 0 1 0 0 0 0 0 0 0
252.029 1 0 0 0 0 0 0 0 0
253.277 0 1 0 0 0 0 0 0 0
254.689 1 0 0 0 0 0 0 0 0
255.904 0 1 0 0 0 0 0 0 0
256.409 1 0 0 0 0 0 0 0 0
257.543 0 1 0 0 0 0 0 0 0
258.882 1 0 0 0 0 0 0 0 0
260.057 0 1 0 0 0 0 0 0 0
261.119 1 0 0 0 0 0 0 0 0
262.254 0 1 0 0 0 0 0 0 0
264.241 1 0 0 0 0 0 0 0 0
265.695 0 1 0 0 0 0 0 0 0
266.694 1 0 0 0 0 0 0 0 0
267.91 0 1 0 0 0 0 0 0 0
269.292 1 0 0 0 0 0 0 0 0
270.496 0 1 0 0 0 0 0 0 0
271.682 1 0 0 0 0 0 0 0 0
272.465 0 1 0 0 0 0 0 0 0
273.238 0 0 0 1 0 0 0 0 0
275.598 0 0 0 0 1 0 0 0 0
277.628 1 0 0 0 0 0 0 0 0
278.823 0 1 0 0 0 0 0 0 0
279.371 1 0 0 0 0 0 0 0 0
280.071 0 1 0 0 0 0 0 0 0
280.586 1 0 0 0 0 0 0 0 0
281.719 0 1 0 0 0 0 0 0 0
283.523 0 0 0 1 0 0 0 0 0
287.851 0 0 0 0 1 0 0 0 0
290.459 1 0 0 0 0 0 0 0 0
291.531 0 1 0 0 0 0 0 0 0
293.746 1 0 0 0 0 0 0 0 0
295.849 0 1 0 0 0 0 0 0 0
296.426 1 0 0 0 0 0 0 0 0
298.044 0 1 0 0 0 0 0 0 0
316.934 1 0 0 0 0 0 0 0 0
317.789 0 1 0 0 0 0 0 0 0
322.745 1 0 0 0 0 0 0 0 0
323.869 0 1 0 0 0 0 0 0 0
324.498 1 0 0 0 0 0 0 0 0
325.498 0 1 0 0 0 0 0 0 0
326.033 1 0 0 0 0 0 0 0 0
326.95 0 1 0 0 0 0 0 0 0
328.795 1 0 0 0 0 0 0 0 0
329.733 0 1 0 0 0 0 0 0 0
330.104 1 0 0 0 0 0 0 0 0
331.227 0 1 0 0 0 0 0 0 0
331.763 1 0 0 0 0 0 0 0 0
332.484 0 1 0 0 0 0 0 0 0
333.689 1 0 0 0 0 0 0 0 0
334.484 0 1 0 0 0 0 0 0 0
335.854 1 0 0 0 0 0 0 0 0
336.844 0 1 0 0 0 0 0 0 0
337.421 1 0 0 0 0 0 0 0 0
339.141 0 1 0 0 0 0 0 0 0
340.533 1 0 0 0 0 0 0 0 0
341.863 0 1 0 0 0 0 0 0 0
343.336 1 0 0 0 0 0 0 0 0
344.912 0 1 0 0 0 0 0 0 0
345.644 1 0 0 0 0 0 0 0 0
345.716 0 1 0 0 0 0 0 0 0
346.128 1 0 1 0 0 0 0 0 0
346.211 0 1 0 0 0 0 0 0 0
346.262 1 0 0 0 0 0 0 0 0
346.345 0 1 0 0 0 0 0 0 0
350.261 0 0 0 1 0 0 0 0 0
351.704 0 0 0 0 1 0 0 0 0
353.342 1 0 0 0 0 0 0 0 0
354.137 0 1 0 0 0 0 0 0 0
355.085 1 0 0 0 0 0 0 0 0
356.074 0 1 0 0 0 0 0 0 0
356.599 1 0 0 0 0 0 0 0 0
358.568 0 1 0 0 0 0 0 0 0
