191.263 0 0 0 0 0 1 0 0 0
191.408 0 0 0 0 0 0 1 0 0
193.655 0 0 0 0 0 1 0 0 0
194.48 0 0 0 0 0 0 1 0 0
249.065 0 0 0 1 0 0 0 0 0
261.495 0 0 0 0 1 0 0 0 0
353.201 0 0 0 1 0 0 0 0 0
374.804 0 0 0 0 1 0 0 0 0
377.133 1 0 0 0 0 0 0 0 0
378.854 0 1 0 0 0 0 0 0 0
379.215 1 0 0 0 0 0 0 0 0
381.472 0 1 0 0 0 0 0 0 0
382.379 1 0 0 0 0 0 0 0 0
388.809 0 1 0 0 0 0 0 0 0
396.075 1 0 0 0 0 0 0 0 0
404.351 0 1 0 0 0 0 0 0 0
404.98 1 0 0 0 0 0 0 0 0
407.453 0 1 0 0 0 0 0 0 0
408.423 1 0 0 0 0 0 0 0 0
409.619 0 1 0 0 0 0 0 0 0
411.215 0 0 0 1 0 0 0 0 0
413.318 0 0 0 0 1 0 0 0 0
414.863 0 0 0 1 0 0 0 0 0
418.337 0 0 0 0 1 0 0 0 0
425.201 1 0 0 0 0 0 0 0 0
425.304 0 1 0 0 0 0 0 0 0
425.376 1 0 1 0 0 0 0 0 0
425.499 0 1 0 0 0 0 0 0 0
432.313 0 0 0 1 0 0 0 0 0
433.879 0 0 0 0 1 0 0 0 0
435.343 0 0 0 1 0 0 0 0 0
437.383 0 0 0 0 1 0 0 0 0
442.34 1 0 0 0 0 0 0 0 0
442.433 0 1 0 0 0 0 0 0 0
442.526 1 0 1 0 0 0 0 0 0
442.639 0 1 0 0 0 0 0 0 0
451.41 0 0 0 1 0 0 0 0 0
454.821 0 0 0 0 1 0 0 0 0
467.054 0 0 0 1 0 0 0 0 0
467.178 0 0 0 0 1 0 0 0 0
467.765 0 0 0 1 0 0 0 0 0
467.899 0 0 0 0 1 0 0 0 0
468.384 0 0 0 1 0 0 0 0 0
471.259 0 0 0 0 1 0 0 0 0
472.414 0 0 0 1 0 0 0 0 0
478.948 0 0 0 0 1 0 0 0 0
479.917 0 0 0 1 0 0 0 0 0
482.318 0 0 0 0 1 0 0 0 0
483.349 0 0 0 1 0 0 0 0 0
487.595 0 0 0 0 1 0 0 0 0
496.212 0 0 0 1 0 0 0 0 0
500.242 0 0 0 0 1 0 0 0 0
502.859 1 0 0 0 0 0 0 0 0
505.415 0 1 0 0 0 0 0 0 0
506.281 1 0 0 0 0 0 0 0 0
506.559 0 1 0 0 0 0 0 0 0
506.673 1 0 1 0 0 0 0 0 0
506.797 0 1 0 0 0 0 0 0 0
513.176 0 0 0 1 0 0 0 0 0
516.525 0 0 0 0 1 0 0 0 0
517.329 0 0 0 1 0 0 0 0 0
518.401 0 0 0 0 1 0 0 0 0
519.01 1 0 0 0 0 0 0 0 0
520.833 0 1 0 0 0 0 0 0 0
521.782 1 0 0 0 0 0 0 0 0
525.213 0 1 0 0 0 0 0 0 0
526.502 1 0 0 0 0 0 0 0 0
527.358 0 1 0 0 0 0 0 0 0
527.851 1 0 0 0 0 0 0 0 0
528.913 0 1 0 0 0 0 0 0 0
537.653 1 0 0 0 0 0 0 0 0
537.745 0 1 0 0 0 0 0 0 0
537.838 1 0 1 0 0 0 0 0 0
537.911 0 1 0 0 0 0 0 0 0
545.351 0 0 0 1 0 0 0 0 0
547.69 0 0 0 0 1 0 0 0 0
548.876 0 0 0 1 0 0 0 0 0
550.421 0 0 0 0 1 0 0 0 0
553.74 1 0 0 0 0 0 0 0 0
553.863 0 1 0 0 0 0 0 0 0
553.966 1 0 1 0 0 0 0 0 0
554.11 0 1 0 0 0 0 0 0 0
555.481 0 0 0 1 0 0 0 0 0
560.017 0 0 0 0 1 0 0 0 0
561.2 0 0 0 1 0 0 0 0 0
564.603 0 0 0 0 1 0 0 0 0
564.962 0 0 0 1 0 0 0 0 0
565.55 0 0 0 0 1 0 0 0 0
567.437 1 0 0 0 0 0 0 0 0
576.207 0 1 0 0 0 0 0 0 0
579.691 1 0 0 0 0 0 0 0 0
581.68 0 1 0 0 0 0 0 0 0
582.69 1 0 0 0 0 0 0 0 0
584.875 0 1 0 0 0 0 0 0 0
590.42 1 0 0 0 0 0 0 0 0
592.79 0 1 0 0 0 0 0 0 0
593.697 1 0 0 0 0 0 0 0 0
595.696 0 1 0 0 0 0 0 0 0
596.634 0 0 0 1 0 0 0 0 0
599.674 0 0 0 0 1 0 0 0 0
606.992 1 0 0 0 0 0 0 0 0
608.073 0 1 0 0 0 0 0 0 0
609.31 1 0 0 0 0 0 0 0 0
611.876 0 1 0 0 0 0 0 0 0
612.608 1 0 0 0 0 0 0 0 0
613.258 0 1 0 0 0 0 0 0 0
613.495 0 0 0 1 0 0 0 0 0
613.66 0 0 0 0 1 0 0 0 0
614.092 0 0 0 1 0 0 0 0 0
615.576 0 0 0 0 1 0 0 0 0
616.277 1 0 0 0 0 0 0 0 0
616.442 0 1 0 0 0 0 0 0 0
616.483 1 0 1 0 0 0 0 0 0
616.638 0 1 0 0 0 0 0 0 0
618.162 0 0 0 1 0 0 0 0 0
622.841 0 0 0 0 1 0 0 0 0
623.697 1 0 0 0 0 0 0 0 0
630.076 0 1 0 0 0 0 0 0 0
631.509 1 0 0 0 0 0 0 0 0
632.128 0 1 0 0 0 0 0 0 0
633.126 1 0 0 0 0 0 0 0 0
633.23 0 1 0 0 0 0 0 0 0
633.312 1 0 1 0 0 0 0 0 0
633.384 0 1 0 0 0 0 0 0 0
636.898 1 0 0 0 0 0 0 0 0
637.012 0 1 0 0 0 0 0 0 0
637.073 1 0 1 0 0 0 0 0 0
637.218 0 1 0 0 0 0 0 0 0
638.991 1 0 0 0 0 0 0 0 0
639.115 0 1 0 0 0 0 0 0 0
639.259 1 0 1 0 0 0 0 0 0
639.363 0 1 0 0 0 0 0 0 0
644.761 1 0 0 0 0 0 0 0 0
644.906 0 1 0 0 0 0 0 0 0
644.999 1 0 1 0 0 0 0 0 0
645.102 0 1 0 0 0 0 0 0 0
648.101 0 0 0 1 0 0 0 0 0
649.524 0 0 0 0 1 0 0 0 0
650.255 1 0 0 0 0 0 0 0 0
651.111 0 1 0 0 0 0 0 0 0
653.409 1 0 0 0 0 0 0 0 0
655.543 0 1 0 0 0 0 0 0 0
656.119 1 0 0 0 0 0 0 0 0
657.191 0 1 0 0 0 0 0 0 0
663.281 0 0 0 1 0 0 0 0 0
664.395 0 0 0 0 1 0 0 0 0
664.591 1 0 0 0 0 0 0 0 0
665.549 0 1 0 0 0 0 0 0 0
665.827 1 0 0 0 0 0 0 0 0
667.94 0 1 0 0 0 0 0 0 0
668.882 0 0 0 0 0 1 0 0 0
669.342 0 0 0 0 0 0 1 0 0
672.742 0 0 0 0 0 1 0 0 0
674.804 0 0 0 0 0 0 1 0 0
678.348 0 0 0 0 0 1 0 0 0
679.678 0 0 0 0 0 0 1 0 0
703.227 1 0 0 0 0 0 0 0 0
704.505 0 1 0 0 0 0 0 0 0
705.855 1 0 0 0 0 0 0 0 0
708.936 0 1 0 0 0 0 0 0 0
709.524 0 0 0 1 0 0 0 0 0
714.636 0 0 0 0 1 0 0 0 0
716.995 1 0 0 0 0 0 0 0 0
719.86 0 1 0 0 0 0 0 0 0
722.798 1 0 0 0 0 0 0 0 0
722.9 0 1 0 0 0 0 0 0 0
722.972 1 0 1 0 0 0 0 0 0
723.065 0 1 0 0 0 0 0 0 0
728.023 1 0 0 0 0 0 0 0 0
729.229 0 1 0 0 0 0 0 0 0
729.744 0 0 0 1 0 0 0 0 0
733.424 0 0 0 0 1 0 0 0 0
733.877 1 0 0 0 0 0 0 0 0
736.567 0 1 0 0 0 0 0 0 0
737.793 1 0 0 0 0 0 0 0 0
739.266 0 1 0 0 0 0 0 0 0
740.091 1 0 0 0 0 0 0 0 0
741.215 0 1 0 0 0 0 0 0 0
741.781 1 0 0 0 0 0 0 0 0
743.822 0 1 0 0 0 0 0 0 0
745.987 1 0 0 0 0 0 0 0 0
747.212 0 1 0 0 0 0 0 0 0
749.006 1 0 0 0 0 0 0 0 0
750.706 0 1 0 0 0 0 0 0 0
751.593 1 0 0 0 0 0 0 0 0
752.469 0 1 0 0 0 0 0 0 0
759.776 1 0 0 0 0 0 0 0 0
759.858 0 1 0 0 0 0 0 0 0
759.951 1 0 1 0 0 0 0 0 0
760.044 0 1 0 0 0 0 0 0 0
796.898 1 0 0 0 0 0 0 0 0
799.319 0 1 0 0 0 0 0 0 0
800.391 1 0 0 0 0 0 0 0 0
801.711 0 1 0 0 0 0 0 0 0
801.814 1 0 0 0 0 0 0 0 0
807.255 0 1 0 0 0 0 0 0 0
811.037 1 0 0 0 0 0 0 0 0
814.665 0 1 0 0 0 0 0 0 0
817.127 1 0 0 0 0 0 0 0 0
820.148 0 1 0 0 0 0 0 0 0
820.261 1 0 0 0 0 0 0 0 0
820.354 0 1 0 0 0 0 0 0 0
820.951 1 0 0 0 0 0 0 0 0
822.497 0 1 0 0 0 0 0 0 0
822.868 0 0 0 1 0 0 0 0 0
826.496 0 0 0 0 1 0 0 0 0
829.382 1 0 0 0 0 0 0 0 0
830.175 0 1 0 0 0 0 0 0 0
831.536 1 0 0 0 0 0 0 0 0
833.349 0 1 0 0 0 0 0 0 0
834.483 1 0 0 0 0 0 0 0 0
835.329 0 1 0 0 0 0 0 0 0
836.915 0 0 0 1 0 0 0 0 0
837.173 0 0 0 0 1 0 0 0 0
837.792 0 0 0 1 0 0 0 0 0
839.164 0 0 0 0 1 0 0 0 0
839.628 0 0 0 1 0 0 0 0 0
840.914 0 0 0 0 1 0 0 0 0
841.337 1 0 0 0 0 0 0 0 0
843.213 0 1 0 0 0 0 0 0 0
843.707 0 0 0 1 0 0 0 0 0
848.428 0 0 0 0 1 0 0 0 0
848.778 1 0 0 0 0 0 0 0 0
850.603 0 1 0 0 0 0 0 0 0
850.86 0 0 0 1 0 0 0 0 0
851.931 0 0 0 0 1 0 0 0 0
852.571 0 0 0 1 0 0 0 0 0
854.766 0 0 0 0 1 0 0 0 0
855.93 1 0 0 0 0 0 0 0 0
856.971 0 1 0 0 0 0 0 0 0
857.456 0 0 0 1 0 0 0 0 0
858.609 0 0 0 0 1 0 0 0 0
860.073 1 0 0 0 0 0 0 0 0
861.052 0 1 0 0 0 0 0 0 0
861.32 0 0 0 1 0 0 0 0 0
863.299 0 0 0 0 1 0 0 0 0
863.392 0 0 0 1 0 0 0 0 0
865.731 0 0 0 0 1 0 0 0 0
867.473 1 0 0 0 0 0 0 0 0
870.255 0 1 0 0 0 0 0 0 0
871.224 0 0 0 1 0 0 0 0 0
874.089 0 0 0 0 1 0 0 0 0
874.872 0 0 0 1 0 0 0 0 0
875.903 0 0 0 0 1 0 0 0 0
877.171 0 0 0 1 0 0 0 0 0
879.211 0 0 0 0 1 0 0 0 0
879.573 0 0 0 1 0 0 0 0 0
881.942 0 0 0 0 1 0 0 0 0
882.788 0 0 0 1 0 0 0 0 0
884.313 0 0 0 0 1 0 0 0 0
886.054 1 0 0 0 0 0 0 0 0
886.879 0 1 0 0 0 0 0 0 0
887.075 0 0 0 1 0 0 0 0 0
889.765 0 0 0 0 1 0 0 0 0
890.064 0 0 0 1 0 0 0 0 0
891.198 0 0 0 0 1 0 0 0 0
891.672 1 0 0 0 0 0 0 0 0
896.371 0 1 0 0 0 0 0 0 0
897.474 1 0 0 0 0 0 0 0 0
900.535 0 1 0 0 0 0 0 0 0
901.504 0 0 0 1 0 0 0 0 0
901.658 0 0 0 0 1 0 0 0 0
901.783 0 0 0 1 0 0 0 0 0
901.937 0 0 0 0 1 0 0 0 0
902.339 1 0 0 0 0 0 0 0 0
902.493 0 1 0 0 0 0 0 0 0
903.977 1 0 0 0 0 0 0 0 0
905.039 0 1 0 0 0 0 0 0 0
908.429 1 0 0 0 0 0 0 0 0
909.182 0 1 0 0 0 0 0 0 0
909.738 0 0 0 1 0 0 0 0 0
912.201 0 0 0 0 1 0 0 0 0
914.48 1 0 0 0 0 0 0 0 0
915.294 0 1 0 0 0 0 0 0 0
915.406 1 0 0 0 0 0 0 0 0
915.509 0 1 0 0 0 0 0 0 0
915.581 1 0 1 0 0 0 0 0 0
915.696 0 1 0 0 0 0 0 0 0
923.105 1 0 0 0 0 0 0 0 0
932.506 0 1 0 0 0 0 0 0 0
933.01 1 0 0 0 0 0 0 0 0
935.565 0 1 0 0 0 0 0 0 0
936.741 1 0 0 0 0 0 0 0 0
939.564 0 1 0 0 0 0 0 0 0
939.843 1 0 0 0 0 0 0 0 0
939.956 0 1 0 0 0 0 0 0 0
940.018 1 0 1 0 0 0 0 0 0
940.121 0 1 0 0 0 0 0 0 0
940.742 1 0 0 0 0 0 0 0 0
940.822 0 1 0 0 0 0 0 0 0
948.077 1 0 0 0 0 0 0 0 0
948.139 0 1 0 0 0 0 0 0 0
948.232 1 0 1 0 0 0 0 0 0
948.345 0 1 0 0 0 0 0 0 0
949.304 1 0 0 0 0 0 0 0 0
949.396 0 1 0 0 0 0 0 0 0
949.478 1 0 1 0 0 0 0 0 0
949.602 0 1 0 0 0 0 0 0 0
1043.6 1 0 0 0 0 0 0 0 0
1047.65 0 1 0 0 0 0 0 0 0
1081.5 1 0 0 0 0 0 0 0 0
1082.25 0 1 0 0 0 0 0 0 0
1082.51 1 0 0 0 0 0 0 0 0
1082.77 0 1 0 0 0 0 0 0 0
1082.88 1 0 1 0 0 0 0 0 0
1082.98 0 1 0 0 0 0 0 0 0
1083.06 1 0 0 0 0 0 0 0 0
1083.17 0 1 0 0 0 0 0 0 0
1141.84 1 0 0 0 0 0 0 0 0
1142.53 0 1 0 0 0 0 0 0 0
1152.08 1 0 0 0 0 0 0 0 0
1154.36 0 1 0 0 0 0 0 0 0
1157.34 1 0 0 0 0 0 0 0 0
1157.44 0 1 0 0 0 0 0 0 0
1157.55 1 0 1 0 0 0 0 0 0
1157.66 0 1 0 0 0 0 0 0 0
1158.67 0 0 0 0 0 1 0 0 0
1159.69 0 0 0 0 0 0 1 0 0
1168.65 0 0 0 0 0 1 0 0 0
1168.78 0 0 0 0 0 0 1 0 0
1169 0 0 0 0 0 1 0 0 0
1169.17 0 0 0 0 0 0 1 0 0
1171.19 0 0 0 0 0 1 0 0 0
1171.33 0 0 0 0 0 0 1 0 0
1172.35 0 0 0 0 0 1 0 0 0
1173.49 0 0 0 0 0 0 1 0 0
1173.72 0 0 0 0 0 1 0 0 0
1173.93 0 0 0 0 0 0 1 0 0
1175.84 0 0 0 0 0 1 0 0 0
1176.06 0 0 0 0 0 0 1 0 0
1176.84 0 0 0 0 0 1 0 0 0
1178.19 0 0 0 0 0 0 1 0 0
1189.08 0 0 0 0 0 1 0 0 0
1189.24 0 0 0 0 0 0 1 0 0
1208.94 0 0 0 1 0 0 0 0 0
1211.49 0 0 0 0 1 0 0 0 0
1212.13 1 0 0 0 0 0 0 0 0
1223.91 0 1 0 0 0 0 0 0 0
1226.06 1 0 0 0 0 0 0 0 0
1226.16 0 1 0 0 0 0 0 0 0
1226.24 1 0 1 0 0 0 0 0 0
1226.36 0 1 0 0 0 0 0 0 0
1243.19 0 0 0 1 0 0 0 0 0
1247.52 0 0 0 0 1 0 0 0 0
1248.01 0 0 0 1 0 0 0 0 0
1250.09 0 0 0 0 1 0 0 0 0
1250.6 1 0 0 0 0 0 0 0 0
1251.17 0 1 0 0 0 0 0 0 0
1251.39 1 0 0 0 0 0 0 0 0
1251.49 0 1 0 0 0 0 0 0 0
1251.57 1 0 1 0 0 0 0 0 0
1251.68 0 1 0 0 0 0 0 0 0
1254.05 0 0 0 1 0 0 0 0 0
1257.89 0 0 0 0 1 0 0 0 0
1258.46 0 0 0 1 0 0 0 0 0
1261.67 0 0 0 0 1 0 0 0 0
1267.89 0 0 0 1 0 0 0 0 0
1269 0 0 0 0 1 0 0 0 0
1269.35 1 0 0 0 0 0 0 0 0
1272.24 0 1 0 0 0 0 0 0 0
1273.06 1 0 0 0 0 0 0 0 0
1274.56 0 1 0 0 0 0 0 0 0
1275.35 1 0 0 0 0 0 0 0 0
1275.78 0 1 0 0 0 0 0 0 0
1285.99 1 0 0 0 0 0 0 0 0
1286.35 0 1 0 0 0 0 0 0 0
1287.34 1 0 0 0 0 0 0 0 0
1287.83 0 1 0 0 0 0 0 0 0
1288.44 1 0 0 0 0 0 0 0 0
1289.59 0 1 0 0 0 0 0 0 0
1297.7 1 0 0 0 0 0 0 0 0
1300.28 0 1 0 0 0 0 0 0 0
1318.26 1 0 0 0 0 0 0 0 0
1319.87 0 1 0 0 0 0 0 0 0
1322.71 1 0 0 0 0 0 0 0 0
1323.8 0 1 0 0 0 0 0 0 0
1324.91 1 0 0 0 0 0 0 0 0
1325.54 0 1 0 0 0 0 0 0 0
1327.31 1 0 0 0 0 0 0 0 0
1329.11 0 1 0 0 0 0 0 0 0
1329.83 1 0 0 0 0 0 0 0 0
1336.13 0 1 0 0 0 0 0 0 0
1337.26 1 0 0 0 0 0 0 0 0
1338.49 0 1 0 0 0 0 0 0 0
1339.5 1 0 0 0 0 0 0 0 0
1340.08 0 1 0 0 0 0 0 0 0
1340.42 0 0 0 1 0 0 0 0 0
1340.57 0 0 0 0 1 0 0 0 0
1345.58 1 0 0 0 0 0 0 0 0
1347.69 0 1 0 0 0 0 0 0 0
1348.16 1 0 0 0 0 0 0 0 0
1349.8 0 1 0 0 0 0 0 0 0
1350.31 0 0 0 1 0 0 0 0 0
1350.44 0 0 0 0 1 0 0 0 0
1351.12 0 0 0 1 0 0 0 0 0
1352.74 0 0 0 0 1 0 0 0 0
1353.64 1 0 0 0 0 0 0 0 0
1354.64 0 1 0 0 0 0 0 0 0
1371.62 0 0 0 0 0 1 0 0 0
1372.42 0 0 0 0 0 0 1 0 0
1372.58 0 0 0 0 0 1 0 0 0
1372.9 0 0 0 0 0 0 1 0 0
1381.98 0 0 0 0 0 1 0 0 0
1382.54 0 0 0 0 0 0 1 0 0
1385.83 0 0 0 0 0 1 0 0 0
1386.32 0 0 0 0 0 0 1 0 0
1387.74 0 0 0 0 0 1 0 0 0
1388.52 0 0 0 0 0 0 1 0 0
1391.23 0 0 0 0 0 1 0 0 0
1391.83 0 0 0 0 0 0 1 0 0
1421 1 0 0 0 0 0 0 0 0
1423.67 0 1 0 0 0 0 0 0 0
1425.15 1 0 0 0 0 0 0 0 0
1425.23 0 1 0 0 0 0 0 0 0
1425.33 1 0 1 0 0 0 0 0 0
1425.42 0 1 0 0 0 0 0 0 0
1426.24 0 0 0 1 0 0 0 0 0
1426.39 0 0 0 0 1 0 0 0 0
1428.69 0 0 0 0 0 1 0 0 0
1428.85 0 0 0 0 0 0 1 0 0
1437.11 0 0 0 0 0 1 0 0 0
1437.23 0 0 0 0 0 0 1 0 0
1452.57 1 0 0 0 0 0 0 0 0
1457.61 0 1 0 0 0 0 0 0 0
1458.66 1 0 0 0 0 0 0 0 0
1460.92 0 1 0 0 0 0 0 0 0
1461.59 1 0 0 0 0 0 0 0 0
1465.22 0 1 0 0 0 0 0 0 0
1466.2 1 0 0 0 0 0 0 0 0
1468.41 0 1 0 0 0 0 0 0 0
1469.52 1 0 0 0 0 0 0 0 0
1470.56 0 1 0 0 0 0 0 0 0
1471.14 0 0 0 1 0 0 0 0 0
1471.23 0 0 0 0 1 0 0 0 0
1471.89 0 0 0 1 0 0 0 0 0
1472.02 0 0 0 0 1 0 0 0 0
1472.13 0 0 0 1 0 0 0 0 0
1472.24 0 0 0 0 1 0 0 0 0
1472.77 0 0 0 1 0 0 0 0 0
1473.08 0 0 0 0 1 0 0 0 0
1473.12 0 0 0 1 0 0 0 0 0
1475.4 0 0 0 0 1 0 0 0 0
1478.34 1 0 0 0 0 0 0 0 0
1482.05 0 1 0 0 0 0 0 0 0
1484.02 1 0 0 0 0 0 0 0 0
1486.46 0 1 0 0 0 0 0 0 0
1488.08 1 0 0 0 0 0 0 0 0
1488.67 0 1 0 0 0 0 0 0 0
1489.8 0 0 0 1 0 0 0 0 0
1489.97 0 0 0 0 1 0 0 0 0
1491.14 0 0 0 1 0 0 0 0 0
1491.24 0 0 0 0 1 0 0 0 0
1491.36 0 0 0 1 0 0 0 0 0
1491.47 0 0 0 0 1 0 0 0 0
1492.01 0 0 0 1 0 0 0 0 0
1495.96 0 0 0 0 1 0 0 0 0
1501.56 1 0 0 0 0 0 0 0 0
1504 0 1 0 0 0 0 0 0 0
1504.91 1 0 0 0 0 0 0 0 0
1508.29 0 1 0 0 0 0 0 0 0
1510.02 1 0 0 0 0 0 0 0 0
1512.03 0 1 0 0 0 0 0 0 0
1512.78 1 0 0 0 0 0 0 0 0
1515.12 0 1 0 0 0 0 0 0 0
1515.28 1 0 0 0 0 0 0 0 0
1516.06 0 1 0 0 0 0 0 0 0
1516.77 1 0 0 0 0 0 0 0 0
1519.05 0 1 0 0 0 0 0 0 0
1520.24 1 0 0 0 0 0 0 0 0
1520.32 0 1 0 0 0 0 0 0 0
1520.9 1 0 0 0 0 0 0 0 0
1521.63 0 1 0 0 0 0 0 0 0
1521.76 1 0 0 0 0 0 0 0 0
1522.02 0 1 0 0 0 0 0 0 0
1522.1 1 0 1 0 0 0 0 0 0
1522.23 0 1 0 0 0 0 0 0 0
1524.24 1 0 0 0 0 0 0 0 0
1527.09 0 1 0 0 0 0 0 0 0
1528.58 1 0 0 0 0 0 0 0 0
1532.15 0 1 0 0 0 0 0 0 0
1532.29 1 0 0 0 0 0 0 0 0
1535.47 0 1 0 0 0 0 0 0 0
1536.63 1 0 0 0 0 0 0 0 0
1536.72 0 1 0 0 0 0 0 0 0
1536.79 1 0 1 0 0 0 0 0 0
1536.9 0 1 0 0 0 0 0 0 0
1539.68 1 0 0 0 0 0 0 0 0
1541.27 0 1 0 0 0 0 0 0 0
1542.59 1 0 0 0 0 0 0 0 0
1545.39 0 1 0 0 0 0 0 0 0
1547.55 1 0 0 0 0 0 0 0 0
1548.89 0 1 0 0 0 0 0 0 0
1559.1 1 0 0 0 0 0 0 0 0
1559.4 0 1 0 0 0 0 0 0 0
1559.58 1 0 1 0 0 0 0 0 0
1559.77 0 1 0 0 0 0 0 0 0
