7.1518 0 0 0 0 0 1 0 0 0
7.91462 0 0 0 0 0 0 1 0 0
9.48121 0 0 0 0 0 1 0 0 0
9.69818 0 0 0 0 0 0 1 0 0
40.4621 0 0 0 1 0 0 0 0 0
40.658 0 0 0 0 1 0 0 0 0
41.5028 0 0 0 1 0 0 0 0 0
45.1308 0 0 0 0 1 0 0 0 0
46.5434 1 0 0 0 0 0 0 0 0
47.7082 0 1 0 0 0 0 0 0 0
49.0678 1 0 0 0 0 0 0 0 0
49.7586 0 1 0 0 0 0 0 0 0
50.4494 0 0 0 1 0 0 0 0 0
55.1592 0 0 0 0 1 0 0 0 0
56.9208 1 0 0 0 0 0 0 0 0
58.2814 0 1 0 0 0 0 0 0 0
59.0961 0 0 0 1 0 0 0 0 0
59.3742 0 0 0 0 1 0 0 0 0
61.5485 0 0 0 1 0 0 0 0 0
62.4353 0 0 0 0 1 0 0 0 0
63.1671 1 0 0 0 0 0 0 0 0
64.1668 0 1 0 0 0 0 0 0 0
65.5165 1 0 0 0 0 0 0 0 0
68.2788 0 1 0 0 0 0 0 0 0
69.8043 1 0 0 0 0 0 0 0 0
71 0 1 0 0 0 0 0 0 0
71.7418 1 0 0 0 0 0 0 0 0
73.2574 0 1 0 0 0 0 0 0 0
73.7313 0 0 0 1 0 0 0 0 0
74.4321 0 0 0 0 1 0 0 0 0
76.5546 0 0 0 1 0 0 0 0 0
78.2761 0 0 0 0 1 0 0 0 0
80.3886 1 0 0 0 0 0 0 0 0
82.2761 0 1 0 0 0 0 0 0 0
83.0169 1 0 0 0 0 0 0 0 0
84.3255 0 1 0 0 0 0 0 0 0
90.067 1 0 0 0 0 0 0 0 0
90.8608 0 1 0 0 0 0 0 0 0
91.0977 1 0 0 0 0 0 0 0 0
91.2828 0 1 0 0 0 0 0 0 0
92.2004 0 0 0 1 0 0 0 0 0
98.0649 0 0 0 0 1 0 0 0 0
100.415 1 0 0 0 0 0 0 0 0
102.343 0 1 0 0 0 0 0 0 0
103.301 1 0 0 0 0 0 0 0 0
104.754 0 1 0 0 0 0 0 0 0
106.424 0 0 0 1 0 0 0 0 0
108.908 0 0 0 0 1 0 0 0 0
109.424 1 0 0 0 0 0 0 0 0
111.227 0 1 0 0 0 0 0 0 0
112.743 1 0 0 0 0 0 0 0 0
113.959 0 1 0 0 0 0 0 0 0
114.516 0 0 0 1 0 0 0 0 0
115.484 0 0 0 0 1 0 0 0 0
116.226 0 0 0 1 0 0 0 0 0
117.865 0 0 0 0 1 0 0 0 0
118.454 1 0 0 0 0 0 0 0 0
121.03 0 1 0 0 0 0 0 0 0
121.587 1 0 0 0 0 0 0 0 0
122.4 0 1 0 0 0 0 0 0 0
122.843 0 0 0 0 0 1 0 0 0
122.999 0 0 0 0 0 0 1 0 0
124.998 0 0 0 0 0 1 0 0 0
125.401 0 0 0 0 0 0 1 0 0
128.275 0 0 0 0 0 1 0 0 0
128.564 0 0 0 0 0 0 1 0 0
129.461 0 0 0 0 0 1 0 0 0
129.667 0 0 0 0 0 0 1 0 0
131.037 0 0 0 0 0 1 0 0 0
133.027 0 0 0 0 0 0 1 0 0
165.359 1 0 0 0 0 0 0 0 0
165.957 0 1 0 0 0 0 0 0 0
170.915 0 0 0 1 0 0 0 0 0
173.986 0 0 0 0 1 0 0 0 0
174.934 1 0 0 0 0 0 0 0 0
175.698 0 1 0 0 0 0 0 0 0
176.603 1 0 0 0 0 0 0 0 0
177.015 0 1 0 0 0 0 0 0 0
178.428 0 0 0 1 0 0 0 0 0
179.087 0 0 0 0 1 0 0 0 0
179.777 1 0 0 0 0 0 0 0 0
180.365 0 1 0 0 0 0 0 0 0
181.107 1 0 0 0 0 0 0 0 0
181.221 0 1 0 0 0 0 0 0 0
183.065 1 0 0 0 0 0 0 0 0
183.189 0 1 0 0 0 0 0 0 0
183.271 1 0 1 0 0 0 0 0 0
183.374 0 1 0 0 0 0 0 0 0
186.373 0 0 0 1 0 0 0 0 0
193.125 0 0 0 0 1 0 0 0 0
193.846 1 0 0 0 0 0 0 0 0
196.113 0 1 0 0 0 0 0 0 0
196.824 0 0 0 1 0 0 0 0 0
199.71 0 0 0 0 1 0 0 0 0
200.215 1 0 0 0 0 0 0 0 0
201.091 0 1 0 0 0 0 0 0 0
202.152 1 0 0 0 0 0 0 0 0
202.286 0 1 0 0 0 0 0 0 0
210.675 1 0 0 0 0 0 0 0 0
212.294 0 1 0 0 0 0 0 0 0
213.365 0 0 0 1 0 0 0 0 0
216.55 0 0 0 0 1 0 0 0 0
217.137 1 0 0 0 0 0 0 0 0
224.258 0 1 0 0 0 0 0 0 0
225.022 1 0 0 0 0 0 0 0 0
225.733 0 1 0 0 0 0 0 0 0
233.236 1 0 0 0 0 0 0 0 0
235.37 0 1 0 0 0 0 0 0 0
236.379 1 0 0 0 0 0 0 0 0
238.152 0 1 0 0 0 0 0 0 0
239.029 0 0 0 1 0 0 0 0 0
240.585 0 0 0 0 1 0 0 0 0
241.337 0 0 0 1 0 0 0 0 0
241.471 0 0 0 0 1 0 0 0 0
241.997 1 0 0 0 0 0 0 0 0
242.389 0 1 0 0 0 0 0 0 0
243.48 1 0 0 0 0 0 0 0 0
245.223 0 1 0 0 0 0 0 0 0
246.047 0 0 0 0 0 1 0 0 0
246.881 0 0 0 0 0 0 1 0 0
254.179 0 0 0 0 0 1 0 0 0
257.168 0 0 0 0 0 0 1 0 0
287.499 0 0 0 1 0 0 0 0 0
290.602 0 0 0 0 1 0 0 0 0
291.169 0 0 0 1 0 0 0 0 0
292.034 0 0 0 0 1 0 0 0 0
293.322 0 0 0 1 0 0 0 0 0
294.477 0 0 0 0 1 0 0 0 0
295.064 0 0 0 1 0 0 0 0 0
297.744 0 0 0 0 1 0 0 0 0
298.671 1 0 0 0 0 0 0 0 0
301.65 0 1 0 0 0 0 0 0 0
302.588 0 0 0 1 0 0 0 0 0
307.06 0 0 0 0 1 0 0 0 0
308.936 1 0 0 0 0 0 0 0 0
310.832 0 1 0 0 0 0 0 0 0
311.337 1 0 0 0 0 0 0 0 0
312.822 0 1 0 0 0 0 0 0 0
313.327 0 0 0 1 0 0 0 0 0
314.728 0 0 0 0 1 0 0 0 0
316.79 1 0 0 0 0 0 0 0 0
318.974 0 1 0 0 0 0 0 0 0
319.541 1 0 0 0 0 0 0 0 0
320.438 0 1 0 0 0 0 0 0 0
320.964 0 0 0 1 0 0 0 0 0
322.643 0 0 0 0 1 0 0 0 0
323.292 0 0 0 1 0 0 0 0 0
326.642 0 0 0 0 1 0 0 0 0
327.25 1 0 0 0 0 0 0 0 0
329.652 0 1 0 0 0 0 0 0 0
331.279 1 0 0 0 0 0 0 0 0
332.712 0 1 0 0 0 0 0 0 0
333.609 1 0 0 0 0 0 0 0 0
334.557 0 1 0 0 0 0 0 0 0
335.227 1 0 0 0 0 0 0 0 0
336.382 0 1 0 0 0 0 0 0 0
337 1 0 0 0 0 0 0 0 0
338.473 0 1 0 0 0 0 0 0 0
339.03 0 0 0 1 0 0 0 0 0
340.617 0 0 0 0 1 0 0 0 0
340.999 1 0 0 0 0 0 0 0 0
341.121 0 1 0 0 0 0 0 0 0
343.245 1 0 0 0 0 0 0 0 0
343.358 0 1 0 0 0 0 0 0 0
