3.54179 0 0 0 0 0 1 0 0 0
6.22113 0 0 0 0 0 0 1 0 0
30.2038 0 0 0 1 0 0 0 0 0
31.1315 0 0 0 0 1 0 0 0 0
31.4514 0 0 0 1 0 0 0 0 0
32.976 0 0 0 0 1 0 0 0 0
34.2337 0 0 0 1 0 0 0 0 0
35.0685 0 0 0 0 1 0 0 0 0
35.8103 0 0 0 1 0 0 0 0 0
35.9963 0 0 0 0 1 0 0 0 0
36.738 1 0 0 0 0 0 0 0 0
38.5936 0 1 0 0 0 0 0 0 0
39.4383 1 0 0 0 0 0 0 0 0
40.799 0 1 0 0 0 0 0 0 0
41.2009 0 0 0 1 0 0 0 0 0
42.1387 0 0 0 0 1 0 0 0 0
46.0136 0 0 0 1 0 0 0 0 0
47.5282 0 0 0 0 1 0 0 0 0
48.1572 0 0 0 1 0 0 0 0 0
49.1148 0 0 0 0 1 0 0 0 0
50.5897 0 0 0 1 0 0 0 0 0
52.6299 0 0 0 0 1 0 0 0 0
53.6716 1 0 0 0 0 0 0 0 0
55.0002 0 1 0 0 0 0 0 0 0
55.938 1 0 0 0 0 0 0 0 0
57.8555 0 1 0 0 0 0 0 0 0
58.4323 1 0 0 0 0 0 0 0 0
59.0812 0 1 0 0 0 0 0 0 0
59.5351 1 0 0 0 0 0 0 0 0
61.6275 0 1 0 0 0 0 0 0 0
62.5852 1 0 0 0 0 0 0 0 0
63.441 0 1 0 0 0 0 0 0 0
64.4718 0 0 0 1 0 0 0 0 0
66.3884 0 0 0 0 1 0 0 0 0
67.368 0 0 0 1 0 0 0 0 0
67.9658 0 0 0 0 1 0 0 0 0
70.9131 0 0 0 1 0 0 0 0 0
71.13 0 0 0 0 1 0 0 0 0
71.7579 0 0 0 1 0 0 0 0 0
76.7675 0 0 0 0 1 0 0 0 0
77.4883 1 0 0 0 0 0 0 0 0
79.7247 0 1 0 0 0 0 0 0 0
85.4972 0 0 0 1 0 0 0 0 0
86.413 0 0 0 0 1 0 0 0 0
86.7229 0 0 0 1 0 0 0 0 0
89.9481 0 0 0 0 1 0 0 0 0
90.7628 1 0 0 0 0 0 0 0 0
93.4321 0 1 0 0 0 0 0 0 0
94.3589 1 0 0 0 0 0 0 0 0
95.8635 0 1 0 0 0 0 0 0 0
96.6983 1 0 0 0 0 0 0 0 0
97.9459 0 1 0 0 0 0 0 0 0
98.6977 1 0 0 0 0 0 0 0 0
98.8737 0 1 0 0 0 0 0 0 0
99.1926 0 0 0 1 0 0 0 0 0
99.3886 0 0 0 0 1 0 0 0 0
100.295 0 0 0 1 0 0 0 0 0
101.594 0 0 0 0 1 0 0 0 0
120.053 0 0 0 0 0 1 0 0 0
120.507 0 0 0 0 0 0 1 0 0
124.093 0 0 0 0 0 1 0 0 0
124.289 0 0 0 0 0 0 1 0 0
126.309 0 0 0 0 0 1 0 0 0
126.422 0 0 0 0 0 0 1 0 0
127.969 0 0 0 0 0 1 0 0 0
128.113 0 0 0 0 0 0 1 0 0
160.629 0 0 0 1 0 0 0 0 0
163.186 0 0 0 0 1 0 0 0 0
164.03 0 0 0 1 0 0 0 0 0
165.71 0 0 0 0 1 0 0 0 0
166.401 1 0 0 0 0 0 0 0 0
168.534 0 1 0 0 0 0 0 0 0
169.235 1 0 0 0 0 0 0 0 0
171.636 0 1 0 0 0 0 0 0 0
172.657 1 0 0 0 0 0 0 0 0
173.873 0 1 0 0 0 0 0 0 0
175.069 0 0 0 1 0 0 0 0 0
176.367 0 0 0 0 1 0 0 0 0
178.46 0 0 0 1 0 0 0 0 0
179.572 0 0 0 0 1 0 0 0 0
181.706 0 0 0 1 0 0 0 0 0
182.324 0 0 0 0 1 0 0 0 0
184.179 0 0 0 1 0 0 0 0 0
188.446 0 0 0 0 1 0 0 0 0
189.064 0 0 0 1 0 0 0 0 0
190.229 0 0 0 0 1 0 0 0 0
190.815 1 0 0 0 0 0 0 0 0
192.29 0 1 0 0 0 0 0 0 0
192.763 1 0 0 0 0 0 0 0 0
194.135 0 1 0 0 0 0 0 0 0
194.927 1 0 0 0 0 0 0 0 0
196.402 0 1 0 0 0 0 0 0 0
196.834 1 0 0 0 0 0 0 0 0
198.246 0 1 0 0 0 0 0 0 0
199.01 0 0 0 1 0 0 0 0 0
200.483 0 0 0 0 1 0 0 0 0
201.956 1 0 0 0 0 0 0 0 0
205.481 0 1 0 0 0 0 0 0 0
205.924 1 0 0 0 0 0 0 0 0
207.82 0 1 0 0 0 0 0 0 0
208.264 1 0 0 0 0 0 0 0 0
208.996 0 1 0 0 0 0 0 0 0
209.902 1 0 0 0 0 0 0 0 0
210.036 0 1 0 0 0 0 0 0 0
210.469 0 0 0 1 0 0 0 0 0
210.613 0 0 0 0 1 0 0 0 0
211.149 0 0 0 1 0 0 0 0 0
216.282 0 0 0 0 1 0 0 0 0
216.942 1 0 0 0 0 0 0 0 0
220.106 0 1 0 0 0 0 0 0 0
220.919 1 0 0 0 0 0 0 0 0
223.712 0 1 0 0 0 0 0 0 0
224.475 1 0 0 0 0 0 0 0 0
225.309 0 1 0 0 0 0 0 0 0
225.814 0 0 0 1 0 0 0 0 0
228.514 0 0 0 0 1 0 0 0 0
229.71 0 0 0 1 0 0 0 0 0
234.843 0 0 0 0 1 0 0 0 0
235.379 0 0 0 1 0 0 0 0 0
237.368 0 0 0 0 1 0 0 0 0
237.966 1 0 0 0 0 0 0 0 0
239.584 0 1 0 0 0 0 0 0 0
240.119 1 0 0 0 0 0 0 0 0
241.521 0 1 0 0 0 0 0 0 0
242.5 0 0 0 0 0 1 0 0 0
243.418 0 0 0 0 0 0 1 0 0
246.984 0 0 0 0 0 1 0 0 0
247.159 0 0 0 0 0 0 1 0 0
271.502 0 0 0 1 0 0 0 0 0
273.419 0 0 0 0 1 0 0 0 0
276.098 1 0 0 0 0 0 0 0 0
276.985 0 1 0 0 0 0 0 0 0
277.613 1 0 0 0 0 0 0 0 0
279.582 0 1 0 0 0 0 0 0 0
280.004 1 0 0 0 0 0 0 0 0
283.518 0 1 0 0 0 0 0 0 0
284.384 0 0 0 1 0 0 0 0 0
287.239 0 0 0 0 1 0 0 0 0
287.898 1 0 0 0 0 0 0 0 0
289.836 0 1 0 0 0 0 0 0 0
290.423 1 0 0 0 0 0 0 0 0
293.958 0 1 0 0 0 0 0 0 0
294.411 1 0 0 0 0 0 0 0 0
296.637 0 1 0 0 0 0 0 0 0
297.936 0 0 0 1 0 0 0 0 0
307.222 0 0 0 0 1 0 0 0 0
308.046 1 0 0 0 0 0 0 0 0
310.633 0 1 0 0 0 0 0 0 0
311.272 1 0 0 0 0 0 0 0 0
313.982 0 1 0 0 0 0 0 0 0
325.288 0 0 0 1 0 0 0 0 0
325.504 0 0 0 0 1 0 0 0 0
326.278 0 0 0 1 0 0 0 0 0
332.152 0 0 0 0 1 0 0 0 0
332.771 1 0 0 0 0 0 0 0 0
334.533 0 1 0 0 0 0 0 0 0
334.986 1 0 0 0 0 0 0 0 0
337.078 0 1 0 0 0 0 0 0 0
337.965 1 0 0 0 0 0 0 0 0
339.222 0 1 0 0 0 0 0 0 0
339.984 0 0 0 1 0 0 0 0 0
341.18 0 0 0 0 1 0 0 0 0
341.954 0 0 0 1 0 0 0 0 0
347.478 0 0 0 0 1 0 0 0 0
348.405 0 0 0 1 0 0 0 0 0
350.713 0 0 0 0 1 0 0 0 0
351.796 1 0 0 0 0 0 0 0 0
352.496 0 1 0 0 0 0 0 0 0
