3.79063 0 0 0 0 0 1 0 0 0
3.96656 0 0 0 0 0 0 1 0 0
16.6432 0 0 0 0 0 1 0 0 0
16.8292 0 0 0 0 0 0 1 0 0
39.3693 0 0 0 1 0 0 0 0 0
43.8632 0 0 0 0 1 0 0 0 0
44.265 0 0 0 1 0 0 0 0 0
44.9869 0 0 0 0 1 0 0 0 0
46.0786 1 0 0 0 0 0 0 0 0
48.295 0 1 0 0 0 0 0 0 0
48.8928 1 0 0 0 0 0 0 0 0
51.1083 0 1 0 0 0 0 0 0 0
52.067 1 0 0 0 0 0 0 0 0
52.9538 0 1 0 0 0 0 0 0 0
54.0765 1 0 0 0 0 0 0 0 0
55.1283 0 1 0 0 0 0 0 0 0
58.5494 0 0 0 1 0 0 0 0 0
60.8998 0 0 0 0 1 0 0 0 0
61.2087 0 0 0 1 0 0 0 0 0
62.2705 0 0 0 0 1 0 0 0 0
63.847 0 0 0 1 0 0 0 0 0
64.5889 0 0 0 0 1 0 0 0 0
65.4237 0 0 0 1 0 0 0 0 0
70.7523 0 0 0 0 1 0 0 0 0
71.2883 1 0 0 0 0 0 0 0 0
73.0607 0 1 0 0 0 0 0 0 0
73.7515 1 0 0 0 0 0 0 0 0
75.4721 0 1 0 0 0 0 0 0 0
76.3069 1 0 0 0 0 0 0 0 0
77.2966 0 1 0 0 0 0 0 0 0
79.884 0 0 0 1 0 0 0 0 0
81.0996 0 0 0 0 1 0 0 0 0
84.6867 1 0 0 0 0 0 0 0 0
85.1396 0 1 0 0 0 0 0 0 0
86.5312 0 0 0 1 0 0 0 0 0
90.4992 0 0 0 0 1 0 0 0 0
90.5402 0 0 0 1 0 0 0 0 0
90.7461 0 0 0 0 1 0 0 0 0
97.8483 1 0 0 0 0 0 0 0 0
97.9812 0 1 0 0 0 0 0 0 0
98.9609 0 0 0 0 0 1 0 0 0
99.1159 0 0 0 0 0 0 1 0 0
106.804 0 0 0 0 0 1 0 0 0
106.99 0 0 0 0 0 0 1 0 0
108.061 0 0 0 0 0 1 0 0 0
110.023 0 0 0 0 0 0 1 0 0
138.805 0 0 0 1 0 0 0 0 0
142.227 0 0 0 0 1 0 0 0 0
142.711 1 0 0 0 0 0 0 0 0
145.349 0 1 0 0 0 0 0 0 0
146.019 1 0 0 0 0 0 0 0 0
149.709 0 1 0 0 0 0 0 0 0
152.038 1 0 0 0 0 0 0 0 0
153.986 0 1 0 0 0 0 0 0 0
158.437 1 0 0 0 0 0 0 0 0
158.912 0 1 0 0 0 0 0 0 0
159.788 0 0 0 1 0 0 0 0 0
160.035 0 0 0 0 1 0 0 0 0
169.497 0 0 0 1 0 0 0 0 0
169.817 0 0 0 0 1 0 0 0 0
175.217 1 0 0 0 0 0 0 0 0
176.742 0 1 0 0 0 0 0 0 0
177.495 0 0 0 1 0 0 0 0 0
177.628 0 0 0 0 1 0 0 0 0
178.206 0 0 0 1 0 0 0 0 0
180.907 0 0 0 0 1 0 0 0 0
182.607 1 0 0 0 0 0 0 0 0
182.792 0 1 0 0 0 0 0 0 0
184.112 0 0 0 0 0 1 0 0 0
184.72 0 0 0 0 0 0 1 0 0
191.821 0 0 0 0 0 1 0 0 0
194.605 0 0 0 0 0 0 1 0 0
197.633 0 0 0 0 0 1 0 0 0
197.798 0 0 0 0 0 0 1 0 0
198.726 0 0 0 0 0 1 0 0 0
198.871 0 0 0 0 0 0 1 0 0
201.22 0 0 0 0 0 1 0 0 0
203.674 0 0 0 0 0 0 1 0 0
208.353 0 0 0 0 0 1 0 0 0
208.496 0 0 0 0 0 0 1 0 0
209.743 0 0 0 0 0 1 0 0 0
211.714 0 0 0 0 0 0 1 0 0
238.065 1 0 0 0 0 0 0 0 0
238.673 0 1 0 0 0 0 0 0 0
240.281 1 0 0 0 0 0 0 0 0
242.59 0 1 0 0 0 0 0 0 0
243.393 1 0 0 0 0 0 0 0 0
245.403 0 1 0 0 0 0 0 0 0
246.115 0 0 0 1 0 0 0 0 0
249.011 0 0 0 0 1 0 0 0 0
250.877 0 0 0 1 0 0 0 0 0
252.504 0 0 0 0 1 0 0 0 0
252.906 1 0 0 0 0 0 0 0 0
253.968 0 1 0 0 0 0 0 0 0
254.524 1 0 0 0 0 0 0 0 0
256.091 0 1 0 0 0 0 0 0 0
257.019 1 0 0 0 0 0 0 0 0
258.234 0 1 0 0 0 0 0 0 0
259.141 1 0 0 0 0 0 0 0 0
261.234 0 1 0 0 0 0 0 0 0
262.522 1 0 0 0 0 0 0 0 0
264.563 0 1 0 0 0 0 0 0 0
265.109 1 0 0 0 0 0 0 0 0
266.016 0 1 0 0 0 0 0 0 0
266.253 0 0 0 1 0 0 0 0 0
266.448 0 0 0 0 1 0 0 0 0
267.294 0 0 0 1 0 0 0 0 0
270.964 0 0 0 0 1 0 0 0 0
273.89 1 0 0 0 0 0 0 0 0
274.024 0 1 0 0 0 0 0 0 0
274.591 1 0 0 0 0 0 0 0 0
274.694 0 1 0 0 0 0 0 0 0
275.178 1 0 0 0 0 0 0 0 0
275.333 0 1 0 0 0 0 0 0 0
275.755 1 0 0 0 0 0 0 0 0
275.931 0 1 0 0 0 0 0 0 0
277.064 1 0 0 0 0 0 0 0 0
277.858 0 1 0 0 0 0 0 0 0
278.62 1 0 0 0 0 0 0 0 0
278.785 0 1 0 0 0 0 0 0 0
279.393 1 0 0 0 0 0 0 0 0
279.497 0 1 0 0 0 0 0 0 0
282.691 1 0 0 0 0 0 0 0 0
282.867 0 1 0 0 0 0 0 0 0
284.011 0 0 0 0 0 1 0 0 0
284.176 0 0 0 0 0 0 1 0 0
287.402 0 0 0 0 0 1 0 0 0
289.638 0 0 0 0 0 0 1 0 0
323.905 1 0 0 0 0 0 0 0 0
324.905 0 1 0 0 0 0 0 0 0
325.42 1 0 0 0 0 0 0 0 0
326.8 0 1 0 0 0 0 0 0 0
327.316 1 0 0 0 0 0 0 0 0
328.377 0 1 0 0 0 0 0 0 0
328.903 1 0 0 0 0 0 0 0 0
330.603 0 1 0 0 0 0 0 0 0
332.624 0 0 0 1 0 0 0 0 0
334.416 0 0 0 0 1 0 0 0 0
335.189 0 0 0 1 0 0 0 0 0
335.756 0 0 0 0 1 0 0 0 0
337.013 1 0 0 0 0 0 0 0 0
337.951 0 1 0 0 0 0 0 0 0
338.384 1 0 0 0 0 0 0 0 0
338.477 0 1 0 0 0 0 0 0 0
338.539 1 0 1 0 0 0 0 0 0
338.652 0 1 0 0 0 0 0 0 0
343.435 0 0 0 1 0 0 0 0 0
345.959 0 0 0 0 1 0 0 0 0
346.99 1 0 0 0 0 0 0 0 0
348.731 0 1 0 0 0 0 0 0 0
350.102 1 0 0 0 0 0 0 0 0
356.018 0 1 0 0 0 0 0 0 0
357.45 1 0 0 0 0 0 0 0 0
360.831 0 1 0 0 0 0 0 0 0
362.563 1 0 0 0 0 0 0 0 0
362.934 0 1 0 0 0 0 0 0 0
