12.3925 0 0 0 1 0 0 0 0 0
14.248 0 0 0 0 1 0 0 0 0
16.5354 0 0 0 1 0 0 0 0 0
21.2042 0 0 0 0 1 0 0 0 0
21.885 0 0 0 1 0 0 0 0 0
24.2854 0 0 0 0 1 0 0 0 0
25.2031 1 0 0 0 0 0 0 0 0
27.8004 0 1 0 0 0 0 0 0 0
28.6352 1 0 0 0 0 0 0 0 0
30.1299 0 1 0 0 0 0 0 0 0
31.6655 1 0 0 0 0 0 0 0 0
32.6132 0 1 0 0 0 0 0 0 0
34.2418 0 0 0 1 0 0 0 0 0
35.0765 0 0 0 0 1 0 0 0 0
35.9523 0 0 0 1 0 0 0 0 0
38.5496 0 0 0 0 1 0 0 0 0
39.2094 1 0 0 0 0 0 0 0 0
41.065 0 1 0 0 0 0 0 0 0
41.4249 1 0 0 0 0 0 0 0 0
43.0744 0 1 0 0 0 0 0 0 0
43.6203 1 0 0 0 0 0 0 0 0
46.2277 0 1 0 0 0 0 0 0 0
48.3711 0 0 0 1 0 0 0 0 0
50.0716 0 0 0 0 1 0 0 0 0
50.5045 0 0 0 1 0 0 0 0 0
53.5147 0 0 0 0 1 0 0 0 0
53.9576 1 0 0 0 0 0 0 0 0
58.8733 0 1 0 0 0 0 0 0 0
60.017 1 0 0 0 0 0 0 0 0
60.9137 0 1 0 0 0 0 0 0 0
62.0475 0 0 0 1 0 0 0 0 0
63.1402 0 0 0 0 1 0 0 0 0
63.934 1 0 0 0 0 0 0 0 0
64.0989 0 1 0 0 0 0 0 0 0
65.2117 1 0 0 0 0 0 0 0 0
66.4694 0 1 0 0 0 0 0 0 0
68.0669 1 0 0 0 0 0 0 0 0
68.1699 0 1 0 0 0 0 0 0 0
68.6847 1 0 0 0 0 0 0 0 0
68.7567 0 1 0 0 0 0 0 0 0
68.8397 1 0 1 0 0 0 0 0 0
68.9527 0 1 0 0 0 0 0 0 0
74.4253 0 0 0 1 0 0 0 0 0
75.0131 0 0 0 0 1 0 0 0 0
94.6879 1 0 0 0 0 0 0 0 0
94.8429 0 1 0 0 0 0 0 0 0
96.2235 0 0 0 0 0 1 0 0 0
97.3992 0 0 0 0 0 0 1 0 0
102.387 0 0 0 0 0 1 0 0 0
104.376 0 0 0 0 0 0 1 0 0
125.804 0 0 0 1 0 0 0 0 0
128.874 0 0 0 0 1 0 0 0 0
130.997 0 0 0 1 0 0 0 0 0
132.368 0 0 0 0 1 0 0 0 0
133.42 1 0 0 0 0 0 0 0 0
134.676 0 1 0 0 0 0 0 0 0
135.543 1 0 0 0 0 0 0 0 0
136.099 0 1 0 0 0 0 0 0 0
136.347 0 0 0 1 0 0 0 0 0
136.543 0 0 0 0 1 0 0 0 0
139.088 0 0 0 1 0 0 0 0 0
140.882 0 0 0 0 1 0 0 0 0
141.932 0 0 0 1 0 0 0 0 0
142.221 0 0 0 0 1 0 0 0 0
142.973 0 0 0 1 0 0 0 0 0
144.705 0 0 0 0 1 0 0 0 0
145.51 0 0 0 1 0 0 0 0 0
148.055 0 0 0 0 1 0 0 0 0
149.22 0 0 0 1 0 0 0 0 0
150.322 0 0 0 0 1 0 0 0 0
151.198 1 0 0 0 0 0 0 0 0
152.446 0 1 0 0 0 0 0 0 0
153.166 1 0 0 0 0 0 0 0 0
153.486 0 1 0 0 0 0 0 0 0
154.898 0 0 0 1 0 0 0 0 0
158.691 0 0 0 0 1 0 0 0 0
159.145 1 0 0 0 0 0 0 0 0
161.174 0 1 0 0 0 0 0 0 0
162.195 1 0 0 0 0 0 0 0 0
164.575 0 1 0 0 0 0 0 0 0
165.142 1 0 0 0 0 0 0 0 0
166.05 0 1 0 0 0 0 0 0 0
167.77 1 0 0 0 0 0 0 0 0
169.326 0 1 0 0 0 0 0 0 0
173.995 0 0 0 0 0 1 0 0 0
175.202 0 0 0 0 0 0 1 0 0
179.787 0 0 0 0 0 1 0 0 0
179.962 0 0 0 0 0 0 1 0 0
205.234 1 0 0 0 0 0 0 0 0
206.069 0 1 0 0 0 0 0 0 0
206.728 1 0 0 0 0 0 0 0 0
207.821 0 1 0 0 0 0 0 0 0
209.532 1 0 0 0 0 0 0 0 0
210.892 0 1 0 0 0 0 0 0 0
211.469 1 0 0 0 0 0 0 0 0
212.716 0 1 0 0 0 0 0 0 0
213.366 1 0 0 0 0 0 0 0 0
214.56 0 1 0 0 0 0 0 0 0
215.21 0 0 0 1 0 0 0 0 0
216.148 0 0 0 0 1 0 0 0 0
216.942 0 0 0 1 0 0 0 0 0
221.012 0 0 0 0 1 0 0 0 0
221.898 1 0 0 0 0 0 0 0 0
225.135 0 1 0 0 0 0 0 0 0
225.536 1 0 0 0 0 0 0 0 0
229.339 0 1 0 0 0 0 0 0 0
230.329 1 0 0 0 0 0 0 0 0
231.277 0 1 0 0 0 0 0 0 0
232.133 1 0 0 0 0 0 0 0 0
232.586 0 1 0 0 0 0 0 0 0
233.235 0 0 0 1 0 0 0 0 0
233.41 0 0 0 0 1 0 0 0 0
234.101 1 0 0 0 0 0 0 0 0
234.214 0 1 0 0 0 0 0 0 0
237.007 1 0 0 0 0 0 0 0 0
237.203 0 1 0 0 0 0 0 0 0
238.038 1 0 0 0 0 0 0 0 0
238.172 0 1 0 0 0 0 0 0 0
239.007 1 0 0 0 0 0 0 0 0
239.11 0 1 0 0 0 0 0 0 0
239.182 1 0 1 0 0 0 0 0 0
239.285 0 1 0 0 0 0 0 0 0
243.593 0 0 0 1 0 0 0 0 0
243.789 0 0 0 0 1 0 0 0 0
244.406 1 0 0 0 0 0 0 0 0
244.984 0 1 0 0 0 0 0 0 0
245.54 1 0 0 0 0 0 0 0 0
246.571 0 1 0 0 0 0 0 0 0
248.487 0 0 0 1 0 0 0 0 0
248.601 0 0 0 0 1 0 0 0 0
249.106 0 0 0 1 0 0 0 0 0
251.322 0 0 0 0 1 0 0 0 0
252.775 0 0 0 1 0 0 0 0 0
256.021 0 0 0 0 1 0 0 0 0
256.536 0 0 0 1 0 0 0 0 0
257.247 0 0 0 0 1 0 0 0 0
257.711 1 0 0 0 0 0 0 0 0
266.164 0 1 0 0 0 0 0 0 0
266.895 1 0 0 0 0 0 0 0 0
267.986 0 1 0 0 0 0 0 0 0
268.79 1 0 0 0 0 0 0 0 0
269.243 0 1 0 0 0 0 0 0 0
276.881 1 0 0 0 0 0 0 0 0
277.035 0 1 0 0 0 0 0 0 0
278.941 0 0 0 0 0 1 0 0 0
280.261 0 0 0 0 0 0 1 0 0
283.745 0 0 0 0 0 1 0 0 0
285.909 0 0 0 0 0 0 1 0 0
288.259 0 0 0 0 0 1 0 0 0
288.414 0 0 0 0 0 0 1 0 0
290.196 0 0 0 0 0 1 0 0 0
293.988 0 0 0 0 0 0 1 0 0
298.554 0 0 0 0 0 1 0 0 0
299.441 0 0 0 0 0 0 1 0 0
302.986 0 0 0 0 0 1 0 0 0
304.377 0 0 0 0 0 0 1 0 0
307.098 0 0 0 0 0 1 0 0 0
307.294 0 0 0 0 0 0 1 0 0
315.209 0 0 0 0 0 1 0 0 0
315.384 0 0 0 0 0 0 1 0 0
317.208 0 0 0 0 0 1 0 0 0
317.971 0 0 0 0 0 0 1 0 0
355.011 0 0 0 1 0 0 0 0 0
356.547 0 0 0 0 1 0 0 0 0
357.619 0 0 0 1 0 0 0 0 0
359.134 0 0 0 0 1 0 0 0 0
360.134 1 0 0 0 0 0 0 0 0
362.576 0 1 0 0 0 0 0 0 0
