22.0919 0 0 0 0 0 1 0 0 0
22.3288 0 0 0 0 0 0 1 0 0
31.3784 0 0 0 0 0 1 0 0 0
31.5534 0 0 0 0 0 0 1 0 0
36.0461 0 0 0 0 0 1 0 0 0
36.2011 0 0 0 0 0 0 1 0 0
37.4788 0 0 0 0 0 1 0 0 0
37.6237 0 0 0 0 0 0 1 0 0
42.2715 0 0 0 0 0 1 0 0 0
42.4565 0 0 0 0 0 0 1 0 0
47.96 0 0 0 0 0 1 0 0 0
48.156 0 0 0 0 0 0 1 0 0
50.4543 0 0 0 0 0 1 0 0 0
52.6597 0 0 0 0 0 0 1 0 0
69.9122 1 0 0 0 0 0 0 0 0
70.0352 0 1 0 0 0 0 0 0 0
70.1382 1 0 1 0 0 0 0 0 0
70.2621 0 1 0 0 0 0 0 0 0
71.4268 1 0 0 0 0 0 0 0 0
74.322 0 1 0 0 0 0 0 0 0
75.4657 1 0 0 0 0 0 0 0 0
78.104 0 1 0 0 0 0 0 0 0
78.9598 1 0 0 0 0 0 0 0 0
82.8758 0 1 0 0 0 0 0 0 0
83.2776 1 0 0 0 0 0 0 0 0
88.1833 0 1 0 0 0 0 0 0 0
88.8642 1 0 0 0 0 0 0 0 0
90.4097 0 1 0 0 0 0 0 0 0
91.2035 1 0 0 0 0 0 0 0 0
92.3262 0 1 0 0 0 0 0 0 0
92.6461 1 0 0 0 0 0 0 0 0
92.7601 0 1 0 0 0 0 0 0 0
92.8321 1 0 1 0 0 0 0 0 0
92.9551 0 1 0 0 0 0 0 0 0
95.4904 0 0 0 1 0 0 0 0 0
97.6038 0 0 0 0 1 0 0 0 0
99.6643 0 0 0 1 0 0 0 0 0
99.9122 0 0 0 0 1 0 0 0 0
100.489 0 0 0 1 0 0 0 0 0
100.602 0 0 0 0 1 0 0 0 0
100.717 0 0 0 1 0 0 0 0 0
100.84 0 0 0 0 1 0 0 0 0
101.963 1 0 0 0 0 0 0 0 0
102.128 0 1 0 0 0 0 0 0 0
102.561 1 0 0 0 0 0 0 0 0
102.705 0 1 0 0 0 0 0 0 0
102.787 1 0 1 0 0 0 0 0 0
102.921 0 1 0 0 0 0 0 0 0
105.138 0 0 0 1 0 0 0 0 0
107.559 0 0 0 0 1 0 0 0 0
110.713 0 0 0 1 0 0 0 0 0
112.857 0 0 0 0 1 0 0 0 0
113.764 1 0 0 0 0 0 0 0 0
114.598 0 1 0 0 0 0 0 0 0
115.165 1 0 0 0 0 0 0 0 0
116.175 0 1 0 0 0 0 0 0 0
119.514 1 0 0 0 0 0 0 0 0
120.318 0 1 0 0 0 0 0 0 0
127.109 1 0 0 0 0 0 0 0 0
127.821 0 1 0 0 0 0 0 0 0
127.966 1 0 0 0 0 0 0 0 0
128.038 0 1 0 0 0 0 0 0 0
128.12 1 0 1 0 0 0 0 0 0
128.244 0 1 0 0 0 0 0 0 0
132.294 1 0 0 0 0 0 0 0 0
133.385 0 1 0 0 0 0 0 0 0
133.789 0 0 0 1 0 0 0 0 0
136.664 0 0 0 0 1 0 0 0 0
137.127 0 0 0 1 0 0 0 0 0
140.076 0 0 0 0 1 0 0 0 0
140.929 1 0 0 0 0 0 0 0 0
143.29 0 1 0 0 0 0 0 0 0
147.721 1 0 0 0 0 0 0 0 0
147.855 0 1 0 0 0 0 0 0 0
147.999 1 0 1 0 0 0 0 0 0
148.091 0 1 0 0 0 0 0 0 0
149.04 0 0 0 1 0 0 0 0 0
149.844 0 0 0 0 1 0 0 0 0
150.637 0 0 0 1 0 0 0 0 0
152.946 0 0 0 0 1 0 0 0 0
154.152 1 0 0 0 0 0 0 0 0
157.325 0 1 0 0 0 0 0 0 0
157.625 1 0 0 0 0 0 0 0 0
160.108 0 1 0 0 0 0 0 0 0
160.851 1 0 0 0 0 0 0 0 0
161.697 0 1 0 0 0 0 0 0 0
161.995 1 0 0 0 0 0 0 0 0
176.402 0 1 0 0 0 0 0 0 0
177.525 1 0 0 0 0 0 0 0 0
179.71 0 1 0 0 0 0 0 0 0
180.319 1 0 0 0 0 0 0 0 0
183.607 0 1 0 0 0 0 0 0 0
184.142 1 0 0 0 0 0 0 0 0
184.235 0 1 0 0 0 0 0 0 0
184.317 1 0 1 0 0 0 0 0 0
184.43 0 1 0 0 0 0 0 0 0
186.09 0 0 0 0 0 1 0 0 0
186.254 0 0 0 0 0 0 1 0 0
190.644 0 0 0 0 0 1 0 0 0
193.14 0 0 0 0 0 0 1 0 0
193.323 0 0 0 0 0 1 0 0 0
193.509 0 0 0 0 0 0 1 0 0
208.742 0 0 0 0 0 1 0 0 0
208.886 0 0 0 0 0 0 1 0 0
235.857 1 0 0 0 0 0 0 0 0
237.671 0 1 0 0 0 0 0 0 0
238.763 1 0 0 0 0 0 0 0 0
241.185 0 1 0 0 0 0 0 0 0
242.4 1 0 0 0 0 0 0 0 0
243.412 0 1 0 0 0 0 0 0 0
243.73 0 0 0 1 0 0 0 0 0
243.885 0 0 0 0 1 0 0 0 0
250.141 0 0 0 1 0 0 0 0 0
250.286 0 0 0 0 1 0 0 0 0
251.295 0 0 0 1 0 0 0 0 0
251.439 0 0 0 0 1 0 0 0 0
251.573 0 0 0 1 0 0 0 0 0
253.851 0 0 0 0 1 0 0 0 0
255.211 1 0 0 0 0 0 0 0 0
257.458 0 1 0 0 0 0 0 0 0
257.871 1 0 0 0 0 0 0 0 0
263.477 0 1 0 0 0 0 0 0 0
263.961 1 0 0 0 0 0 0 0 0
267.98 0 1 0 0 0 0 0 0 0
268.918 1 0 0 0 0 0 0 0 0
269.754 0 1 0 0 0 0 0 0 0
271.227 1 0 0 0 0 0 0 0 0
272.113 0 1 0 0 0 0 0 0 0
272.453 0 0 0 1 0 0 0 0 0
272.545 0 0 0 0 1 0 0 0 0
272.648 0 0 0 1 0 0 0 0 0
272.741 0 0 0 0 1 0 0 0 0
275.339 0 0 0 1 0 0 0 0 0
275.431 0 0 0 0 1 0 0 0 0
275.525 0 0 0 1 0 0 0 0 0
275.647 0 0 0 0 1 0 0 0 0
277.905 0 0 0 1 0 0 0 0 0
281.193 0 0 0 0 1 0 0 0 0
282.625 0 0 0 1 0 0 0 0 0
283.078 0 0 0 0 1 0 0 0 0
283.81 1 0 0 0 0 0 0 0 0
286.974 0 1 0 0 0 0 0 0 0
287.839 1 0 0 0 0 0 0 0 0
289.572 0 1 0 0 0 0 0 0 0
291.065 0 0 0 1 0 0 0 0 0
295.713 0 0 0 0 1 0 0 0 0
296.146 1 0 0 0 0 0 0 0 0
301.928 0 1 0 0 0 0 0 0 0
309.678 1 0 0 0 0 0 0 0 0
312.513 0 1 0 0 0 0 0 0 0
313.204 1 0 0 0 0 0 0 0 0
313.966 0 1 0 0 0 0 0 0 0
314.357 1 0 0 0 0 0 0 0 0
316.553 0 1 0 0 0 0 0 0 0
317.212 1 0 0 0 0 0 0 0 0
318.367 0 1 0 0 0 0 0 0 0
319.769 1 0 0 0 0 0 0 0 0
320.264 0 1 0 0 0 0 0 0 0
320.757 1 0 0 0 0 0 0 0 0
324.406 0 1 0 0 0 0 0 0 0
326.035 1 0 0 0 0 0 0 0 0
328.054 0 1 0 0 0 0 0 0 0
330.313 1 0 0 0 0 0 0 0 0
330.92 0 1 0 0 0 0 0 0 0
331.508 1 0 0 0 0 0 0 0 0
331.642 0 1 0 0 0 0 0 0 0
332.311 0 0 0 1 0 0 0 0 0
332.435 0 0 0 0 1 0 0 0 0
333.805 0 0 0 1 0 0 0 0 0
333.94 0 0 0 0 1 0 0 0 0
335.722 0 0 0 1 0 0 0 0 0
336.66 0 0 0 0 1 0 0 0 0
337.361 1 0 0 0 0 0 0 0 0
337.454 0 1 0 0 0 0 0 0 0
337.547 1 0 1 0 0 0 0 0 0
337.691 0 1 0 0 0 0 0 0 0
339.773 0 0 0 1 0 0 0 0 0
342.422 0 0 0 0 1 0 0 0 0
343.73 0 0 0 1 0 0 0 0 0
345.225 0 0 0 0 1 0 0 0 0
346.504 0 0 0 1 0 0 0 0 0
347.926 0 0 0 0 1 0 0 0 0
348.327 1 0 0 0 0 0 0 0 0
351.573 0 1 0 0 0 0 0 0 0
352.367 0 0 0 1 0 0 0 0 0
354.294 0 0 0 0 1 0 0 0 0
356.108 0 0 0 1 0 0 0 0 0
357.201 0 0 0 0 1 0 0 0 0
359.952 1 0 0 0 0 0 0 0 0
360.633 0 1 0 0 0 0 0 0 0
371.506 1 0 0 0 0 0 0 0 0
371.815 0 1 0 0 0 0 0 0 0
