24.3982 0 0 0 1 0 0 0 0 0
24.5831 0 0 0 0 1 0 0 0 0
25.7888 0 0 0 1 0 0 0 0 0
28.922 0 0 0 0 1 0 0 0 0
31.2204 0 0 0 1 0 0 0 0 0
34.2706 0 0 0 0 1 0 0 0 0
35.0134 1 0 0 0 0 0 0 0 0
35.8684 0 1 0 0 0 0 0 0 0
37.1048 1 0 0 0 0 0 0 0 0
40.238 0 1 0 0 0 0 0 0 0
41.4436 0 0 0 1 0 0 0 0 0
41.6086 0 0 0 0 1 0 0 0 0
42.2277 0 0 0 1 0 0 0 0 0
43.2882 0 0 0 0 1 0 0 0 0
44.2169 1 0 0 0 0 0 0 0 0
50.5853 0 1 0 0 0 0 0 0 0
52.1108 1 0 0 0 0 0 0 0 0
53.6364 0 1 0 0 0 0 0 0 0
54.7391 0 0 0 1 0 0 0 0 0
54.9861 0 0 0 0 1 0 0 0 0
56.6456 1 0 0 0 0 0 0 0 0
56.8006 0 1 0 0 0 0 0 0 0
57.4704 1 0 0 0 0 0 0 0 0
57.5734 0 1 0 0 0 0 0 0 0
57.6664 1 0 1 0 0 0 0 0 0
57.7693 0 1 0 0 0 0 0 0 0
61.6035 0 0 0 1 0 0 0 0 0
66.4064 0 0 0 0 1 0 0 0 0
66.7259 1 0 0 0 0 0 0 0 0
67.0043 0 1 0 0 0 0 0 0 0
67.22 1 0 1 0 0 0 0 0 0
67.3338 0 1 0 0 0 0 0 0 0
68.7564 0 0 0 1 0 0 0 0 0
70.178 0 0 0 0 1 0 0 0 0
70.271 0 0 0 1 0 0 0 0 0
73.7851 0 0 0 0 1 0 0 0 0
78.8977 0 0 0 1 0 0 0 0 0
81.587 0 0 0 0 1 0 0 0 0
82.3188 0 0 0 1 0 0 0 0 0
83.4215 0 0 0 0 1 0 0 0 0
84.7412 1 0 0 0 0 0 0 0 0
86.9876 0 1 0 0 0 0 0 0 0
89.6159 1 0 0 0 0 0 0 0 0
93.161 0 1 0 0 0 0 0 0 0
93.7998 1 0 0 0 0 0 0 0 0
97.0259 0 1 0 0 0 0 0 0 0
97.7987 0 0 0 1 0 0 0 0 0
99.7672 0 0 0 0 1 0 0 0 0
100.015 0 0 0 1 0 0 0 0 0
102.406 0 0 0 0 1 0 0 0 0
103.292 1 0 0 0 0 0 0 0 0
106.981 0 1 0 0 0 0 0 0 0
107.61 1 0 0 0 0 0 0 0 0
107.744 0 1 0 0 0 0 0 0 0
108.188 1 0 0 0 0 0 0 0 0
108.311 0 1 0 0 0 0 0 0 0
108.806 1 0 0 0 0 0 0 0 0
108.92 0 1 0 0 0 0 0 0 0
108.981 1 0 1 0 0 0 0 0 0
109.074 0 1 0 0 0 0 0 0 0
114.35 0 0 0 1 0 0 0 0 0
116.319 0 0 0 0 1 0 0 0 0
116.577 0 0 0 1 0 0 0 0 0
117.638 0 0 0 0 1 0 0 0 0
118.06 0 0 0 1 0 0 0 0 0
119.596 0 0 0 0 1 0 0 0 0
120.792 1 0 0 0 0 0 0 0 0
124.585 0 1 0 0 0 0 0 0 0
125.451 1 0 0 0 0 0 0 0 0
127.223 0 1 0 0 0 0 0 0 0
140.456 0 0 0 1 0 0 0 0 0
140.611 0 0 0 0 1 0 0 0 0
141.157 0 0 0 1 0 0 0 0 0
143.003 0 0 0 0 1 0 0 0 0
143.96 1 0 0 0 0 0 0 0 0
144.094 0 1 0 0 0 0 0 0 0
145.445 1 0 0 0 0 0 0 0 0
147.475 0 1 0 0 0 0 0 0 0
148.33 0 0 0 1 0 0 0 0 0
148.505 0 0 0 0 1 0 0 0 0
148.919 0 0 0 1 0 0 0 0 0
154.443 0 0 0 0 1 0 0 0 0
155.195 1 0 0 0 0 0 0 0 0
160.329 0 1 0 0 0 0 0 0 0
160.884 1 0 0 0 0 0 0 0 0
164.801 0 1 0 0 0 0 0 0 0
165.729 1 0 0 0 0 0 0 0 0
165.904 0 1 0 0 0 0 0 0 0
167.542 0 0 0 1 0 0 0 0 0
171.603 0 0 0 0 1 0 0 0 0
172.314 0 0 0 1 0 0 0 0 0
173.242 0 0 0 0 1 0 0 0 0
173.963 1 0 0 0 0 0 0 0 0
176.406 0 1 0 0 0 0 0 0 0
177.324 1 0 0 0 0 0 0 0 0
179.364 0 1 0 0 0 0 0 0 0
180.632 1 0 0 0 0 0 0 0 0
181.096 0 1 0 0 0 0 0 0 0
183.229 0 0 0 0 0 1 0 0 0
183.404 0 0 0 0 0 0 1 0 0
187.733 0 0 0 0 0 1 0 0 0
187.909 0 0 0 0 0 0 1 0 0
193.7 0 0 0 0 0 1 0 0 0
195.598 0 0 0 0 0 0 1 0 0
201.018 0 0 0 0 0 1 0 0 0
201.214 0 0 0 0 0 0 1 0 0
208.387 0 0 0 0 0 1 0 0 0
208.574 0 0 0 0 0 0 1 0 0
249.582 1 0 0 0 0 0 0 0 0
250.118 0 1 0 0 0 0 0 0 0
250.396 0 0 0 1 0 0 0 0 0
250.541 0 0 0 0 1 0 0 0 0
251.335 0 0 0 1 0 0 0 0 0
251.479 0 0 0 0 1 0 0 0 0
252.159 0 0 0 1 0 0 0 0 0
254.767 0 0 0 0 1 0 0 0 0
258.817 1 0 0 0 0 0 0 0 0
259.549 0 1 0 0 0 0 0 0 0
263.053 1 0 0 0 0 0 0 0 0
263.228 0 1 0 0 0 0 0 0 0
264.495 1 0 0 0 0 0 0 0 0
265.104 0 1 0 0 0 0 0 0 0
267.022 1 0 0 0 0 0 0 0 0
267.176 0 1 0 0 0 0 0 0 0
267.969 1 0 0 0 0 0 0 0 0
268.092 0 1 0 0 0 0 0 0 0
268.999 1 0 0 0 0 0 0 0 0
269.742 0 1 0 0 0 0 0 0 0
270.628 1 0 0 0 0 0 0 0 0
270.773 0 1 0 0 0 0 0 0 0
271.463 1 0 0 0 0 0 0 0 0
271.566 0 1 0 0 0 0 0 0 0
273.895 1 0 0 0 0 0 0 0 0
274.04 0 1 0 0 0 0 0 0 0
275.029 1 0 0 0 0 0 0 0 0
275.174 0 1 0 0 0 0 0 0 0
276.863 1 0 0 0 0 0 0 0 0
277.028 0 1 0 0 0 0 0 0 0
277.626 1 0 0 0 0 0 0 0 0
277.802 0 1 0 0 0 0 0 0 0
280.409 0 0 0 1 0 0 0 0 0
281.399 0 0 0 0 1 0 0 0 0
282.78 1 0 0 0 0 0 0 0 0
282.904 0 1 0 0 0 0 0 0 0
282.996 1 0 1 0 0 0 0 0 0
283.11 0 1 0 0 0 0 0 0 0
290.314 1 0 0 0 0 0 0 0 0
290.571 0 1 0 0 0 0 0 0 0
290.869 0 0 0 1 0 0 0 0 0
291.499 0 0 0 0 1 0 0 0 0
292.117 0 0 0 1 0 0 0 0 0
294.447 0 0 0 0 1 0 0 0 0
295.25 1 0 0 0 0 0 0 0 0
301.135 0 1 0 0 0 0 0 0 0
301.63 1 0 0 0 0 0 0 0 0
302.392 0 1 0 0 0 0 0 0 0
303.825 1 0 0 0 0 0 0 0 0
303.928 0 1 0 0 0 0 0 0 0
304.393 1 0 0 0 0 0 0 0 0
304.475 0 1 0 0 0 0 0 0 0
304.547 1 0 1 0 0 0 0 0 0
304.64 0 1 0 0 0 0 0 0 0
308.02 0 0 0 1 0 0 0 0 0
309.854 0 0 0 0 1 0 0 0 0
311.843 1 0 0 0 0 0 0 0 0
316.647 0 1 0 0 0 0 0 0 0
317.769 1 0 0 0 0 0 0 0 0
317.903 0 1 0 0 0 0 0 0 0
317.966 1 0 1 0 0 0 0 0 0
318.089 0 1 0 0 0 0 0 0 0
329.684 1 0 0 0 0 0 0 0 0
330.168 0 1 0 0 0 0 0 0 0
335.982 1 0 0 0 0 0 0 0 0
338.589 0 1 0 0 0 0 0 0 0
339.156 1 0 0 0 0 0 0 0 0
341.392 0 1 0 0 0 0 0 0 0
342.846 0 0 0 1 0 0 0 0 0
343.186 0 0 0 0 1 0 0 0 0
344.134 0 0 0 1 0 0 0 0 0
344.309 0 0 0 0 1 0 0 0 0
346.288 1 0 0 0 0 0 0 0 0
346.391 0 1 0 0 0 0 0 0 0
346.485 1 0 1 0 0 0 0 0 0
346.598 0 1 0 0 0 0 0 0 0
348.896 0 0 0 1 0 0 0 0 0
352.38 0 0 0 0 1 0 0 0 0
352.833 1 0 0 0 0 0 0 0 0
352.915 0 1 0 0 0 0 0 0 0
353.018 1 0 1 0 0 0 0 0 0
353.729 0 1 0 0 0 0 0 0 0
354.245 1 0 0 0 0 0 0 0 0
355.029 0 1 0 0 0 0 0 0 0
356.44 0 0 0 1 0 0 0 0 0
356.584 0 0 0 0 1 0 0 0 0
357.749 0 0 0 1 0 0 0 0 0
357.873 0 0 0 0 1 0 0 0 0
358.728 1 0 0 0 0 0 0 0 0
358.872 0 1 0 0 0 0 0 0 0
364.758 1 0 0 0 0 0 0 0 0
364.912 0 1 0 0 0 0 0 0 0
365.861 1 0 0 0 0 0 0 0 0
365.985 0 1 0 0 0 0 0 0 0
366.602 1 0 0 0 0 0 0 0 0
366.695 0 1 0 0 0 0 0 0 0
366.777 1 0 1 0 0 0 0 0 0
366.881 0 1 0 0 0 0 0 0 0
377.826 1 0 0 0 0 0 0 0 0
377.95 0 1 0 0 0 0 0 0 0
